Generated by GetData Graph Digitizer 2.22 on March 06 2022, 13:48
from file 'C:\Users\Li Hang\Desktop\137-081-tv.jpg'

Line #1
 1.26317689530686e-001    0.29266658030942e-002
 2.56317689530686e-001    5.29266658030942e-002
 3.17689530685921e-001    8.07064773565672e-002
 3.71841155234657e-001    9.67295009489910e-002
 3.53790613718412e-001    1.51190885180534e-001
 3.46570397111913e-001    2.17437217344289e-001
 3.46570397111913e-001    2.75939557437893e-001
 3.50180505415162e-001    3.42270369515142e-001
 3.46570397111913e-001    4.16345173662542e-001
 3.42960288808664e-001    4.55318573753780e-001
 3.46570397111913e-001    5.45050321868470e-001
 3.46570397111913e-001    5.95752349949594e-001
 3.61010830324910e-001    6.77768265965296e-001
 3.79061371841155e-001    7.71512809970883e-001
 3.89891696750903e-001    8.49600410009180e-001
 4.04332129963899e-001    9.12115545993681e-001
 4.36823104693141e-001    9.82571793846483e-001
 4.47653429602888e-001    1.07626001790974e+000
 4.47653429602888e-001    1.13866251400959e+000
 4.65703971119134e-001    1.22460674600269e+000
 4.80144404332130e-001    1.30272250601215e+000
 4.94584837545126e-001    1.42764013809650e+000
 4.98194945848375e-001    1.50567141819247e+000
 4.90974729241877e-001    1.61091931041863e+000
 4.80144404332130e-001    1.67713748261122e+000
 4.44043321299639e-001    1.75095884701814e+000
 3.71841155234657e-001    1.84009923573838e+000
 3.39350180505415e-001    1.89834813609151e+000
 2.99638989169675e-001    2.00334258857719e+000
 2.81588447653430e-001    2.09290537686489e+000
 2.70758122743682e-001    2.19422495311365e+000
 2.67148014440433e-001    2.29170069329849e+000
 2.74368231046931e-001    2.35805966534690e+000
 2.56317689530686e-001    2.48272385769077e+000
