Generated by GetData Graph Digitizer 2.22 on December 15 2023, 17:51
from file 'C:\Users\31425\Desktop\Blind Test 3\Fig_10\Fig_10a.jpg'

Line #1
-2.68831168831169e+000    1.25725058004640e+000
-2.59090909090909e+000    1.23456549251213e+000
-2.46428571428571e+000    1.22813752372917e+000
-2.35714285714286e+000    1.22819552836954e+000
-2.24025974025974e+000    1.22825880615904e+000
-2.12337662337662e+000    1.22507382408775e+000
-2.00649350649351e+000    1.20889580257330e+000
-1.90909090909091e+000    1.16996941573508e+000
-1.80194805194805e+000    1.08882092385573e+000
-1.67532467532468e+000    9.68703859945159e-001
-1.56818181818182e+000    8.74562328622653e-001
-1.52922077922078e+000    8.51845602193630e-001
-1.47077922077922e+000    8.32387681923645e-001
-1.38311688311688e+000    8.19442100822611e-001
-1.29545454545455e+000    8.12993039443155e-001
-1.18831168831169e+000    8.16299303944315e-001
-1.11038961038961e+000    8.19589748998102e-001
-1.03246753246753e+000    8.09887154608732e-001
-9.54545454545455e-001    8.06681079940941e-001
-8.76623376623377e-001    8.03475005273149e-001
-7.88961038961039e-001    8.06770723476060e-001
-7.01298701298701e-001    8.10066441678971e-001
-6.23376623376623e-001    8.10108626871968e-001
-5.94155844155844e-001    7.80890107572242e-001
-5.45454545454545e-001    7.32192575406032e-001
-4.96753246753247e-001    6.70502003796667e-001
-4.48051948051948e-001    5.95818392744147e-001
-4.09090909090909e-001    5.43867327568024e-001
-3.60389610389610e-001    5.11411094705758e-001
-3.01948051948052e-001    4.95201434296562e-001
-2.33766233766234e-001    4.91990086479646e-001
-1.16883116883117e-001    4.82308584686775e-001
-9.74025974025983e-003    4.79118329466357e-001
 9.74025974025974e-002    4.98665893271462e-001
 2.04545454545454e-001    5.24709976798144e-001
 2.53246753246754e-001    5.40977641847711e-001
 2.92207792207792e-001    5.57240033748154e-001
 3.50649350649350e-001    5.67016452225269e-001
 3.99350649350650e-001    5.70291077831681e-001
 4.48051948051948e-001    5.76813963298882e-001
 4.96753246753246e-001    5.67095549462139e-001
 5.45454545454546e-001    5.54128875764607e-001
 5.94155844155844e-001    5.60651761231808e-001
 6.42857142857142e-001    5.67174646699009e-001
 6.81818181818182e-001    5.70443999156296e-001
 7.79220779220779e-001    5.76993250369120e-001
 8.86363636363636e-001    6.64754271250791e-001
 1.00324675324675e+000    7.94747943471841e-001
 1.11038961038961e+000    8.56522885467201e-001
 1.15909090909091e+000    8.63045770934402e-001
 1.22727272727273e+000    8.66330942839064e-001
 1.28571428571429e+000    8.63114321873023e-001
 1.35389610389610e+000    8.66399493777684e-001
 1.38311688311688e+000    8.76160092807424e-001
 1.44155844155844e+000    8.82688251423750e-001
 1.47077922077922e+000    9.24931449061379e-001
 1.50974025974026e+000    1.15557899177389e+000
 1.54870129870130e+000    1.24655136047247e+000
 1.62662337662338e+000    1.25309006538705e+000
 1.69480519480519e+000    1.25312697743092e+000
 1.77272727272727e+000    1.24992090276313e+000
 1.82142857142857e+000    1.24994726850875e+000
 1.87012987012987e+000    1.24997363425438e+000
 1.93831168831169e+000    1.25325880615904e+000
 1.98701298701299e+000    1.25003691204387e+000
 2.03571428571429e+000    1.25006327778950e+000
 2.12337662337662e+000    1.25011073613162e+000
 2.23051948051948e+000    1.25666526049357e+000
 2.34740259740260e+000    1.26647331786543e+000
 2.45454545454545e+000    1.26977958236659e+000
 2.56168831168831e+000    1.27633410672854e+000
 2.68831168831169e+000    1.28614743724953e+000
