Generated by GetData Graph Digitizer 2.22 on December 15 2023, 17:53
from file 'C:\Users\31425\Desktop\Blind Test 3\Fig_10\Fig_10a.jpg'

Line #1
-2.80519480519481e+000    1.12725690782535e+000
-2.74675324675325e+000    1.12728854672010e+000
-2.64935064935065e+000    1.12734127821135e+000
-2.51298701298701e+000    1.12741510229909e+000
-2.42532467532468e+000    1.13071082050200e+000
-2.34740259740260e+000    1.12750474583421e+000
-2.25974025974026e+000    1.12430394431555e+000
-2.11363636363636e+000    1.12763130141320e+000
-2.00649350649351e+000    1.12768930605358e+000
-1.90909090909091e+000    1.12124551782324e+000
-1.87012987012987e+000    1.10827357097659e+000
-1.83116883116883e+000    1.09530162412993e+000
-1.73376623376623e+000    1.06287175701329e+000
-1.71428571428571e+000    1.03039970470365e+000
-1.68506493506493e+000    1.00118118540392e+000
-1.65584415584416e+000    9.81707445686564e-001
-1.61688311688312e+000    9.42749419953596e-001
-1.58766233766234e+000    9.23275680236237e-001
-1.56818181818182e+000    9.07044927230542e-001
-1.50974025974026e+000    8.48607888631090e-001
-1.46103896103896e+000    8.09655136047247e-001
-1.45129870129870e+000    7.90170850031639e-001
-1.45129870129870e+000    7.73929550727695e-001
-1.41233766233766e+000    7.54461084159460e-001
-1.39285714285714e+000    7.28485551571398e-001
-1.36363636363636e+000    7.05763551993250e-001
-1.34415584415584e+000    6.86284539126766e-001
-1.29545454545455e+000    6.76566125290023e-001
-1.23701298701299e+000    6.66852984602405e-001
-1.19805194805195e+000    6.66874077198903e-001
-1.14935064935065e+000    6.70148702805315e-001
-1.11038961038961e+000    6.79914574984181e-001
-1.07142857142857e+000    6.96176966884623e-001
-1.04220779220779e+000    7.22178865218308e-001
-1.01298701298701e+000    7.38435983969627e-001
-9.74025974025974e-001    7.57946635730858e-001
-9.25324675324675e-001    7.70966040919637e-001
-8.96103896103896e-001    7.96967939253322e-001
-8.47402597402597e-001    8.22980383885256e-001
-7.98701298701299e-001    8.35999789074035e-001
-7.79220779220779e-001    8.39258595233073e-001
-7.59740259740260e-001    8.26276102088167e-001
-7.30519480519481e-001    8.00305842649230e-001
-6.91558441558442e-001    7.80837376080996e-001
-6.81818181818182e-001    7.58104830204598e-001
-6.62337662337662e-001    7.28881037755748e-001
-6.42857142857143e-001    7.06153765028475e-001
-6.33116883116883e-001    6.63931659987344e-001
-5.94155844155844e-001    6.18477114532799e-001
-5.64935064935065e-001    5.73017295929129e-001
-5.55194805194805e-001    5.43788230331154e-001
-5.35714285714286e-001    5.24309217464670e-001
-4.96753246753247e-001    5.11337270618013e-001
-4.48051948051948e-001    5.08115376502847e-001
-4.09090909090909e-001    5.14632988820924e-001
-3.50649350649351e-001    5.17912887576461e-001
-2.92207792207792e-001    5.17944526471209e-001
-2.14285714285714e-001    5.17986711664206e-001
-1.85064935064935e-001    5.18002531111580e-001
-1.36363636363636e-001    5.08284117274837e-001
-8.76623376623380e-002    5.08310483020460e-001
-5.84415584415581e-002    5.18071082050200e-001
-9.74025974025983e-003    5.31090487238979e-001
 1.94805194805197e-002    5.53844125711875e-001
 6.81818181818183e-002    5.79856570343809e-001
 1.26623376623376e-001    6.02626028264079e-001
 1.85064935064935e-001    6.15650706601983e-001
 2.14285714285714e-001    6.25411305631723e-001
 2.62987012987013e-001    6.12444631934191e-001
 3.01948051948052e-001    6.05969204809112e-001
 3.50649350649350e-001    6.02747310693946e-001
 4.18831168831169e-001    6.09280742459397e-001
 4.87012987012987e-001    6.19062434085636e-001
 5.16233766233766e-001    6.22326513393799e-001
 6.42857142857142e-001    6.15898544610842e-001
 5.74675324675324e-001    6.15861632566969e-001
 6.91558441558442e-001    6.09428390634887e-001
 7.59740259740260e-001    6.22458342121915e-001
 8.18181818181818e-001    6.25738240877452e-001
 8.66883116883117e-001    6.38757646066231e-001
 9.64285714285714e-001    6.51803417000633e-001
 1.01298701298701e+000    6.55078042607045e-001
 1.06168831168831e+000    6.58352668213457e-001
 1.12012987012987e+000    6.51887787386627e-001
 1.20779220779221e+000    6.55183505589538e-001
 1.27597402597403e+000    6.61716937354988e-001
 1.34415584415584e+000    6.77995148702805e-001
 1.37337662337662e+000    7.10493566758068e-001
 1.38311688311688e+000    7.36484918793503e-001
 1.38311688311688e+000    7.78712296983759e-001
 1.39285714285714e+000    8.17696688462350e-001
 1.40259740259740e+000    8.43688040497785e-001
 1.43181818181818e+000    9.47648175490403e-001
 1.43181818181818e+000    9.96372073402236e-001
 1.44155844155844e+000    1.03860472474162e+000
 1.44155844155844e+000    1.07108732334950e+000
 1.46103896103896e+000    1.12956654714195e+000
 1.51948051948052e+000    1.14908774520143e+000
 1.60714285714286e+000    1.15238346340434e+000
 1.70454545454545e+000    1.14593967517401e+000
 1.81168831168831e+000    1.14274941995360e+000
 1.87987012987013e+000    1.13953807213668e+000
 1.96753246753247e+000    1.13633727061801e+000
 2.05519480519481e+000    1.13638472896014e+000
 2.16233766233766e+000    1.13644273360051e+000
 2.26948051948052e+000    1.13650073824088e+000
 2.39610389610390e+000    1.13332102931871e+000
 2.47402597402597e+000    1.13336321451171e+000
 2.59090909090909e+000    1.13342649230120e+000
 2.69805194805195e+000    1.13348449694157e+000
 2.80519480519481e+000    1.13354250158194e+000
 2.87337662337662e+000    1.13357941362582e+000
