Generated by GetData Graph Digitizer 2.22 on December 15 2023, 17:56
from file 'C:\Users\31425\Desktop\Blind Test 3\Fig_10\Fig_10b.jpg'

Line #1
-2.35545023696682e+000    1.08394844631254e+000
-2.24170616113744e+000    1.06823143402458e+000
-2.13744075829384e+000    1.04933699327343e+000
-2.02369668246445e+000    1.02411771854203e+000
-1.90995260663507e+000    9.83061339738229e-001
-1.79620853080569e+000    9.35670119305469e-001
-1.69194312796209e+000    8.85101470409527e-001
-1.58767772511848e+000    8.21863138255667e-001
-1.50236966824645e+000    7.99781261392636e-001
-1.42654028436019e+000    7.80856797695381e-001
-1.36018957345972e+000    7.65089747163904e-001
-1.29383886255924e+000    7.55657538261385e-001
-1.21800947867299e+000    7.55737599451009e-001
-1.18009478672986e+000    7.55777630045821e-001
-1.07582938388626e+000    7.65389976624992e-001
-1.02843601895735e+000    7.68607435682986e-001
-9.24170616113744e-001    7.71884940633198e-001
-8.57819905213270e-001    7.71954994174119e-001
-8.10426540284360e-001    7.46665665901796e-001
-7.53554502369668e-001    7.21386345278177e-001
-7.25118483412322e-001    6.80239897636050e-001
-6.77725118483412e-001    6.26443782033411e-001
-6.30331753554502e-001    5.75815087245252e-001
-6.01895734597156e-001    5.28333797974166e-001
-5.45023696682465e-001    4.84049952463669e-001
-5.07109004739337e-001    4.46080933284725e-001
-4.50236966824645e-001    4.27136454290065e-001
-3.93364928909953e-001    4.11359396109884e-001
-2.89099526066351e-001    4.17804321874576e-001
-2.32227488151659e-001    4.24199209395752e-001
-1.18483412322275e-001    4.55993509324984e-001
-1.42180094786730e-002    4.81442959976554e-001
 9.95260663507107e-002    5.10069839091306e-001
 2.03791469194313e-001    5.45021552186314e-001
 2.70142180094787e-001    5.60928709799633e-001
 3.55450236966825e-001    5.70521041081398e-001
 4.31279620853080e-001    5.54763998198623e-001
 4.31279620853080e-001    6.02275310415818e-001
 5.26066350710900e-001    5.86538282830449e-001
 6.30331753554502e-001    5.80313525337222e-001
 7.81990521327014e-001    5.77306226901989e-001
 9.05213270142180e-001    5.99608272036485e-001
 1.00000000000000e+000    6.31382556668311e-001
 1.11374407582938e+000    6.72679119040981e-001
 1.17061611374408e+000    6.88576269005597e-001
 1.21800947867299e+000    7.04463411321510e-001
 1.27488151658768e+000    7.23527982100605e-001
 1.33175355450237e+000    7.42592552879701e-001
 1.37914691943128e+000    7.71149378453532e-001
 1.42654028436019e+000    8.12375887285282e-001
 1.47393364928910e+000    8.82109183447349e-001
 1.51184834123223e+000    9.89841521734468e-001
 1.54976303317536e+000    1.09123901839263e+000
 1.59715639810427e+000    1.13880036885334e+000
 1.65402843601896e+000    1.16103236044691e+000
 1.73933649289100e+000    1.15795500847076e+000
 1.81516587677725e+000    1.15486764884590e+000
 1.90047393364929e+000    1.14862287605527e+000
 1.99526066350711e+000    1.14555553172782e+000
 2.11848341232228e+000    1.14885305197544e+000
 2.22274881516588e+000    1.15846539855461e+000
 2.34597156398104e+000    1.17443260206015e+000
 2.45023696682464e+000    1.19988205271172e+000
 2.56398104265403e+000    1.22850893182647e+000
 2.69668246445498e+000    1.25082098460967e+000
