Generated by GetData Graph Digitizer 2.22 on December 15 2023, 17:58
from file 'C:\Users\31425\Desktop\Blind Test 3\Fig_10\Fig_10b.jpg'

Line #1
-2.86729857819905e+000    1.12775192468530e+000
-2.76303317535545e+000    1.12469458800655e+000
-2.63033175355450e+000    1.12483469508839e+000
-2.52606635071090e+000    1.12494477922412e+000
-2.45971563981043e+000    1.13134967439400e+000
-2.32701421800948e+000    1.12832236066136e+000
-2.24170616113744e+000    1.12841242949969e+000
-2.10900473933649e+000    1.12855253658153e+000
-1.98578199052133e+000    1.11918037357123e+000
-1.90995260663507e+000    1.09392106824502e+000
-1.86255924170616e+000    1.06863173997269e+000
-1.79620853080569e+000    1.04652984781226e+000
-1.74881516587678e+000    1.02124051953993e+000
-1.71090047393365e+000    9.76936658732031e-001
-1.66350710900474e+000    9.51647330459709e-001
-1.61611374407583e+000    9.16855739743947e-001
-1.54028436018957e+000    8.85261592788774e-001
-1.52132701421801e+000    8.66277083199302e-001
-1.46445497630332e+000    8.37830341761203e-001
-1.43601895734597e+000    8.06186156562516e-001
-1.36018957345972e+000    7.42917801462546e-001
-1.30331753554502e+000    7.17638480838927e-001
-1.22748815165877e+000    7.05048858770632e-001
-1.13270142180095e+000    6.98814093628702e-001
-1.06635071090047e+000    7.08386409613061e-001
-1.00000000000000e+000    7.27460988040860e-001
-9.62085308056872e-001    7.52840385151509e-001
-8.86255924170616e-001    7.81427233671449e-001
-8.10426540284360e-001    8.16348923820348e-001
-7.53554502369668e-001    7.97404444825688e-001
-7.25118483412322e-001    7.62592838812521e-001
-7.06161137440758e-001    7.37273487594090e-001
-6.68246445497630e-001    7.05639310044105e-001
-6.58767772511848e-001    6.83477371991451e-001
-6.49289099526066e-001    6.54980592309837e-001
-6.39810426540284e-001    6.29651233442703e-001
-6.20853080568720e-001    6.07499303038751e-001
-5.92417061611374e-001    5.63185434582145e-001
-5.63981042654028e-001    5.37876091012417e-001
-5.26066350710900e-001    5.03074492647952e-001
-4.50236966824645e-001    4.68312924878300e-001
-3.74407582938389e-001    4.55723302810005e-001
-2.89099526066351e-001    4.62148213277290e-001
-2.13270142180095e-001    4.81232799353792e-001
-1.56398104265403e-001    5.00297370132887e-001
-1.09004739336493e-001    5.19351933263280e-001
-3.31753554502372e-002    5.35269098525301e-001
 1.42180094786726e-002    5.76495607357051e-001
 9.95260663507107e-002    6.08259884340174e-001
 1.56398104265403e-001    6.36826717562709e-001
 2.41706161137441e-001    6.36916786401035e-001
 2.70142180094787e-001    6.17942284460266e-001
 3.08056872037914e-001    6.02145210982680e-001
 4.02843601895735e-001    6.11747549913148e-001
 4.97630331753554e-001    6.18182468029137e-001
 5.82938388625592e-001    6.21439957681943e-001
 6.68246445497630e-001    6.21530026520269e-001
 7.91469194312796e-001    6.21660125953407e-001
 8.67298578199052e-001    6.28075028771990e-001
 1.03791469194313e+000    6.40924849706561e-001
 1.21800947867299e+000    6.53784678289836e-001
 1.26540284360190e+000    6.79174083049188e-001
 1.34123222748815e+000    6.95091248311209e-001
 1.35071090047393e+000    7.33110305733668e-001
 1.38862559241706e+000    8.09168435875991e-001
 1.38862559241706e+000    8.53512327278706e-001
 1.41706161137441e+000    9.16890766514407e-001
 1.42654028436019e+000    9.67579507194785e-001
 1.44549763033175e+000    1.02461309715282e+000
 1.44549763033175e+000    1.07212440937002e+000
 1.47393364928910e+000    1.11966574453332e+000
 1.52132701421801e+000    1.15772483255059e+000
 1.59715639810427e+000    1.16413973536917e+000
 1.77725118483412e+000    1.15482761825109e+000
 1.92890995260663e+000    1.14865289900138e+000
 2.07109004739336e+000    1.14563559291744e+000
 2.21327014218009e+000    1.13628344520455e+000
 2.43127962085308e+000    1.13651362112472e+000
 2.53554502369668e+000    1.13662370526045e+000
 2.63033175355450e+000    1.13672378174748e+000
 2.79146919431280e+000    1.13372649096095e+000
 2.90521327014218e+000    1.13701400355986e+000
