 4.77611940298507e+003    1.94915254237288e+003
 4.81953867028494e+003    2.56355932203390e+003
 4.84124830393487e+003    3.15677966101695e+003
 4.86295793758480e+003    3.77118644067797e+003
 4.86295793758480e+003    4.36440677966102e+003
 4.88466757123474e+003    5.00000000000000e+003
 4.86295793758480e+003    5.61440677966102e+003
 4.86295793758480e+003    6.20762711864407e+003
 4.81953867028494e+003    6.82203389830508e+003
 4.79782903663501e+003    7.41525423728814e+003
 4.71099050203528e+003    8.15677966101695e+003
 4.66757123473541e+003    8.85593220338983e+003
 4.60244233378562e+003    9.59745762711864e+003
 4.51560379918589e+003    1.02330508474576e+004
 4.42876526458616e+003    1.08686440677966e+004
 4.32021709633650e+003    1.15042372881356e+004
 4.21166892808684e+003    1.21398305084746e+004
 4.10312075983718e+003    1.27754237288136e+004
 3.97286295793758e+003    1.34110169491525e+004
 3.86431478968792e+003    1.40466101694915e+004
 3.56037991858887e+003    1.51694915254237e+004
 3.43012211668928e+003    1.57415254237288e+004
 3.27815468113976e+003    1.62923728813559e+004
 3.12618724559023e+003    1.68644067796610e+004
 2.95251017639077e+003    1.74364406779661e+004
 2.77883310719132e+003    1.79872881355932e+004
 2.58344640434193e+003    1.85593220338983e+004
 2.40976933514247e+003    1.90677966101695e+004
 2.19267299864315e+003    1.96398305084746e+004
 1.97557666214383e+003    2.01906779661017e+004
 5.97014925373134e+003    3.00847457627119e+003
 6.57801899592944e+003    3.53813559322034e+003
 6.57801899592944e+003    4.38559322033898e+003
 6.53459972862958e+003    5.25423728813559e+003
 6.51289009497965e+003    6.12288135593220e+003
 6.40434192672999e+003    6.97033898305085e+003
 6.29579375848033e+003    7.83898305084746e+003
 6.20895522388060e+003    8.66525423728813e+003
 5.83989145183175e+003    1.05720338983051e+004
 5.64450474898236e+003    1.14618644067797e+004
 5.16689280868385e+003    1.31567796610169e+004
 2.80054274084125e+003    2.02330508474576e+004
 7.14246947082768e+003    4.04661016949153e+003
 7.77204884667571e+003    4.61864406779661e+003
 8.35820895522388e+003    5.14830508474576e+003
 8.16282225237449e+003    6.05932203389831e+003
 7.96743554952510e+003    6.94915254237288e+003
 7.75033921302578e+003    7.83898305084746e+003
 7.53324287652646e+003    8.77118644067797e+003
 7.27272727272727e+003    9.66101694915254e+003
 7.03392130257802e+003    1.05084745762712e+004
 6.79511533242877e+003    1.13559322033898e+004
 6.53459972862958e+003    1.21610169491525e+004
 6.25237449118046e+003    1.29661016949153e+004
 5.97014925373134e+003    1.37923728813559e+004
 5.70963364993216e+003    1.45550847457627e+004
 5.44911804613297e+003    1.53389830508475e+004
 5.16689280868385e+003    1.61228813559322e+004
 4.68928086838535e+003    1.73940677966102e+004
 4.45047489823609e+003    1.80296610169492e+004
 3.53867028493894e+003    2.04661016949153e+004
 3.21302578018996e+003    2.13771186440678e+004
 2.99592944369064e+003    2.19491525423729e+004
 2.77883310719132e+003    2.25000000000000e+004
 2.56173677069199e+003    2.30508474576271e+004
 8.96607869742198e+003    5.65677966101695e+003
 9.55223880597015e+003    6.20762711864407e+003
 1.01383989145183e+004    6.73728813559322e+003
 9.79104477611940e+003    7.54237288135593e+003
 9.48710990502035e+003    8.30508474576271e+003
 9.16146540027137e+003    9.11016949152542e+003
 8.81411126187246e+003    9.89406779661017e+003
 8.11940298507463e+003    1.14830508474576e+004
 7.77204884667571e+003    1.22669491525424e+004
 7.09905020352782e+003    1.38559322033898e+004
 3.36499321573948e+003    2.30296610169492e+004
 1.07462686567164e+004    7.26694915254237e+003
 1.13324287652646e+004    7.79661016949153e+003
 1.19185888738128e+004    8.30508474576271e+003
 1.10936227951153e+004    8.66525423728813e+003
 1.05508819538670e+004    9.30084745762712e+003
 1.00732700135685e+004    9.97881355932203e+003
 9.61736770691995e+003    1.06779661016949e+004
 9.18317503392130e+003    1.13347457627119e+004
 1.25047489823609e+004    8.83474576271186e+003
 1.31126187245590e+004    9.36440677966102e+003
 1.25481682496608e+004    9.74576271186441e+003
 1.19837177747626e+004    1.01694915254237e+004
 1.14409769335142e+004    1.05932203389831e+004
 1.09199457259159e+004    1.10381355932203e+004
 1.04206241519674e+004    1.15254237288136e+004
 9.92130257801899e+003    1.19915254237288e+004
 9.42198100407056e+003    1.25635593220339e+004
 8.94436906377205e+003    1.30720338983051e+004
 8.59701492537313e+003    1.35381355932203e+004
 8.24966078697422e+003    1.40254237288136e+004
 7.90230664857531e+003    1.44915254237288e+004
 7.64179104477612e+003    1.50000000000000e+004
 7.09905020352782e+003    1.60593220338983e+004
 6.86024423337856e+003    1.65889830508475e+004
 6.57801899592944e+003    1.70974576271186e+004
 6.10040705563094e+003    1.81567796610170e+004
 5.86160108548168e+003    1.86864406779661e+004
 5.62279511533243e+003    1.91949152542373e+004
 5.40569877883311e+003    1.97669491525424e+004
 5.18860244233379e+003    2.02966101694915e+004
 4.97150610583446e+003    2.08262711864407e+004
 4.77611940298507e+003    2.13771186440678e+004
 4.55902306648575e+003    2.19279661016949e+004
 4.38534599728630e+003    2.24788135593220e+004
 4.18995929443691e+003    2.30508474576271e+004
