0.000000000000000000e+00 3.911000000000000000e+03
6.859000000000000341e+01 3.352380000000000109e+03
1.371800000000000068e+02 2.793769999999999982e+03
2.057700000000000102e+02 2.235150000000000091e+03
2.743600000000000136e+02 1.676539999999999964e+03
3.429399999999999977e+02 1.117920000000000073e+03
4.115299999999999727e+02 5.592999999999999545e+02
4.801200000000000045e+02 6.899999999999999467e-01
5.600000000000000000e+02 3.911000000000000000e+03
6.285900000000000318e+02 3.352380000000000109e+03
6.971799999999999500e+02 2.793769999999999982e+03
7.657699999999999818e+02 2.235150000000000091e+03
8.343600000000000136e+02 1.676539999999999964e+03
9.029400000000000546e+02 1.117920000000000073e+03
9.715299999999999727e+02 5.592999999999999545e+02
1.040119999999999891e+03 6.899999999999999467e-01
1.120000000000000000e+03 3.911000000000000000e+03
1.188589999999999918e+03 3.352380000000000109e+03
1.257180000000000064e+03 2.793769999999999982e+03
1.325769999999999982e+03 2.235150000000000091e+03
1.394359999999999900e+03 1.676539999999999964e+03
1.462940000000000055e+03 1.117920000000000073e+03
1.531529999999999973e+03 5.592999999999999545e+02
1.600119999999999891e+03 6.899999999999999467e-01
1.680000000000000000e+03 3.911000000000000000e+03
1.748589999999999918e+03 3.352380000000000109e+03
1.817180000000000064e+03 2.793769999999999982e+03
1.885769999999999982e+03 2.235150000000000091e+03
1.954359999999999900e+03 1.676539999999999964e+03
2.022940000000000055e+03 1.117920000000000073e+03
2.091530000000000200e+03 5.592999999999999545e+02
2.160119999999999891e+03 6.899999999999999467e-01
2.240000000000000000e+03 3.911000000000000000e+03
2.308590000000000146e+03 3.352380000000000109e+03
2.377179999999999836e+03 2.793769999999999982e+03
2.445769999999999982e+03 2.235150000000000091e+03
2.514360000000000127e+03 1.676539999999999964e+03
2.582949999999999818e+03 1.117920000000000073e+03
2.651530000000000200e+03 5.592999999999999545e+02
2.720119999999999891e+03 6.899999999999999467e-01
2.800000000000000000e+03 3.911000000000000000e+03
2.868590000000000146e+03 3.352380000000000109e+03
2.937179999999999836e+03 2.793769999999999982e+03
3.005769999999999982e+03 2.235150000000000091e+03
3.074360000000000127e+03 1.676539999999999964e+03
3.142940000000000055e+03 1.117920000000000073e+03
3.211530000000000200e+03 5.592999999999999545e+02
3.280119999999999891e+03 6.899999999999999467e-01
3.360000000000000000e+03 3.911000000000000000e+03
3.428590000000000146e+03 3.352380000000000109e+03
3.497179999999999836e+03 2.793769999999999982e+03
3.565769999999999982e+03 2.235150000000000091e+03
3.634360000000000127e+03 1.676539999999999964e+03
3.702940000000000055e+03 1.117920000000000073e+03
3.771530000000000200e+03 5.592999999999999545e+02
3.840119999999999891e+03 6.899999999999999467e-01
3.920000000000000000e+03 3.911000000000000000e+03
3.988590000000000146e+03 3.352380000000000109e+03
4.057179999999999836e+03 2.793769999999999982e+03
4.125770000000000437e+03 2.235150000000000091e+03
4.194359999999999673e+03 1.676539999999999964e+03
4.262939999999999600e+03 1.117920000000000073e+03
4.331529999999999745e+03 5.592999999999999545e+02
4.400119999999999891e+03 6.899999999999999467e-01
4.480000000000000000e+03 3.911000000000000000e+03
4.548590000000000146e+03 3.352380000000000109e+03
4.617180000000000291e+03 2.793769999999999982e+03
4.685770000000000437e+03 2.235150000000000091e+03
4.754359999999999673e+03 1.676539999999999964e+03
4.822939999999999600e+03 1.117920000000000073e+03
4.891529999999999745e+03 5.592999999999999545e+02
4.960119999999999891e+03 6.899999999999999467e-01
5.040000000000000000e+03 3.911000000000000000e+03
5.108590000000000146e+03 3.352380000000000109e+03
5.177180000000000291e+03 2.793769999999999982e+03
5.245770000000000437e+03 2.235150000000000091e+03
5.314359999999999673e+03 1.676539999999999964e+03
5.382939999999999600e+03 1.117920000000000073e+03
5.451529999999999745e+03 5.592999999999999545e+02
5.520119999999999891e+03 6.899999999999999467e-01
