 4.28009441384736e+002    4.16489465174052e+003
 4.46892210857592e+002    3.67987014998420e+003
 4.65774980330448e+002    3.19484564822788e+003
 4.78363493312352e+002    2.70981619036409e+003
 4.97246262785209e+002    2.23739011380462e+003
 5.16129032258065e+002    1.74606639944987e+003
 5.28717545239968e+002    1.26733615418450e+003
 5.53894571203777e+002    7.88615821134081e+002
 5.72777340676633e+002    2.97292106779335e+002
 1.27773406766326e+003    4.04587868687933e+003
 1.30291109362707e+003    3.54826071603363e+003
 1.31549960660897e+003    3.06953047076826e+003
 1.34697088906373e+003    2.59711430642373e+003
 1.35326514555468e+003    2.11837910505089e+003
 1.37844217151849e+003    1.63965877200047e+003
 1.39732494099135e+003    1.15463427024415e+003
 1.41620771046420e+003    6.75908981086255e+002
 1.43509047993706e+003    1.97183691928359e+002
 2.14004720692368e+003    3.93317184683150e+003
 2.15892997639654e+003    3.44814734507518e+003
 2.17781274586939e+003    2.95682363072043e+003
 2.20298977183320e+003    2.48440251026844e+003
 2.21557828481511e+003    1.99307383980622e+003
 2.24704956726987e+003    1.52065767546169e+003
 2.24704956726987e+003    1.04191751798138e+003
 2.27222659323367e+003    5.50598759734105e+002
 2.28481510621558e+003    7.81677270671615e+001
 3.00865460267506e+003    3.81417075029272e+003
 3.01494885916601e+003    3.33543554891988e+003
 3.04012588512982e+003    2.84411679067261e+003
 3.05900865460268e+003    2.35909228891629e+003
 3.07789142407553e+003    1.88666621235681e+003
 3.10306845003934e+003    1.40164666670797e+003
 3.11565696302124e+003    9.22916421442599e+002
 3.12824547600315e+003    4.31587750980380e+002
 3.14712824547600e+003   -4.71375381775154e+001
 3.86467348544453e+003    3.68886052894057e+003
 3.87726199842644e+003    3.21642949627363e+003
 3.89614476789929e+003    2.72510578191888e+003
 3.91502753737215e+003    2.24638049276099e+003
 3.93391030684500e+003    1.76135599100466e+003
 3.95279307631786e+003    1.28263070184677e+003
 3.97167584579072e+003    8.03905412688874e+002
 3.99055861526357e+003    3.18880910932554e+002
 4.00314712824548e+003   -1.59849334332815e+002
 4.72069236821401e+003    3.57614873278527e+003
 4.73957513768686e+003    3.09112423102895e+003
 4.75216365066876e+003    2.61869319836201e+003
 4.77734067663257e+003    2.12737444011473e+003
 4.79622344610543e+003    1.65494836355526e+003
 4.80881195908733e+003    1.16361969309304e+003
 4.82769472856019e+003    6.91193616533575e+002
 4.86546026750590e+003    2.06183983099674e+002
 4.87175452399685e+003   -2.72551218273168e+002
 5.57671125098348e+003    3.45713772403155e+003
 5.60188827694729e+003    2.97211817838270e+003
 5.62706530291109e+003    2.49339784533228e+003
 5.63965381589300e+003    2.00836838746848e+003
 5.65853658536585e+003    1.53594231090901e+003
 5.67112509834776e+003    1.04461364044679e+003
 5.69000786782061e+003    5.72187563887323e+002
 5.70889063729347e+003    8.08638495325771e+001
 5.72777340676633e+003   -3.97861439625318e+002
 6.43273013375295e+003    3.35072514047467e+003
 6.45161290322581e+003    2.85940142611993e+003
 6.47049567269866e+003    2.38067613696203e+003
 6.48937844217152e+003    1.88935242260728e+003
 6.51455546813533e+003    1.41693130215529e+003
 6.52714398111723e+003    9.38201056889919e+002
 6.54602675059009e+003    4.46877342535173e+002
 6.57120377655389e+003   -1.92445653183989e+001
 6.58379228953580e+003   -5.10573235780618e+002
