 8.74845785400756e+002    4.84358562860513e+003
 1.32032213841245e+003    5.19740255942815e+003
 1.75652031134198e+003    5.54190644670445e+003
 2.18342793328257e+003    5.88641820637597e+003
 2.62891665720105e+003    6.23091422125704e+003
 1.41429154628462e+003    4.39572506446929e+003
 1.85041549377350e+003    4.79615444739722e+003
 2.28655181216915e+003    5.18726291438320e+003
 2.73199105246052e+003    5.56904259303203e+003
 3.16811499994939e+003    5.96947197595995e+003
 1.96297837453033e+003    3.98514029170598e+003
 2.38976228740316e+003    4.42286121079688e+003
 2.83512730225387e+003    4.86056638509733e+003
 3.27121413702241e+003    5.28895851585107e+003
 3.66081110412592e+003    5.74535275640672e+003
 2.53953685574286e+003    3.57453190175701e+003
 2.95696836309286e+003    4.05886527295281e+003
 3.41156207439863e+003    4.54316715456773e+003
 3.82898121084186e+003    5.03682144170548e+003
 4.26499382016975e+003    5.52113906811084e+003
 3.09745238044362e+003    3.21054383630816e+003
 3.51482203325975e+003    3.74148178721366e+003
 3.94146986615804e+003    4.28173278166587e+003
 4.34956133889199e+003    4.80335768902464e+003
 4.78549972277923e+003    5.34360081108163e+003
 3.70182066008909e+003    2.84651640888321e+003
 4.09126917631129e+003    3.41476164074212e+003
 4.49928642360459e+003    3.99231204375252e+003
 4.90730367089789e+003    4.56986244676293e+003
 5.31532091819119e+003    5.14741284977333e+003
 4.28758309594313e+003    2.50114655813258e+003
 4.66766683573573e+003    3.12532515803833e+003
 5.05705349742404e+003    3.74017496960693e+003
 5.44644015911235e+003    4.35502478117553e+003
 5.83582682080067e+003    4.96987459274413e+003
 4.89188952105472e+003    2.18372371041732e+003
 5.23476157326445e+003    2.84521746367171e+003
 5.60550527844100e+003    3.50668759974044e+003
 5.95766788163966e+003    4.16817348059961e+003
 6.32842395772299e+003    4.82032270072640e+003
 5.50544938443492e+003    1.89425573813265e+003
 5.84827195301754e+003    2.59303315515479e+003
 6.17250104871551e+003    3.30114723290931e+003
 6.40379989271050e+003    4.02798186649992e+003
 6.84886800579858e+003    4.68938902340688e+003
 6.16547437366661e+003    1.59542748792993e+003
 6.46178233277064e+003    2.34084884663787e+003
 6.76738084286362e+003    3.08626233295059e+003
 7.06368880196765e+003    3.83168369165852e+003
 7.36929968296740e+003    4.56777626202930e+003
 6.76037890962828e+003    1.36190075608733e+003
 7.03805628312732e+003    2.14462152335346e+003
 7.30645547654420e+003    2.91802924707287e+003
 7.55623645526287e+003    3.71941546340854e+003
 7.82462327777297e+003    4.50214410306990e+003
 7.42962022440825e+003    1.11899012914102e+003
 7.66078298842870e+003    1.94835483809295e+003
 7.92913269821848e+003    2.75904622558011e+003
 8.11384270729423e+003    3.58845029650814e+003
 8.34501784222145e+003    4.40849408951813e+003
 8.08954624638573e+003    8.94729206473808e+002
 8.28349732282331e+003    1.76140906877437e+003
 8.46817021917873e+003    2.61877588752821e+003
 8.64352782273165e+003    3.49479241056116e+003
 8.82821308999385e+003    4.34283831337306e+003
 8.74010749193361e+003    7.26401651853443e+002
 8.88758107161293e+003    1.61176270801399e+003
 9.02573935848976e+003    2.51577346845363e+003
 9.17322530907586e+003    3.39181360867223e+003
 9.31140833776624e+003    4.27718253722799e+003
 9.41854039044831e+003    5.58050480047414e+002
 9.49164007858900e+003    1.48075817913748e+003
 9.59259904878973e+003    2.41276317698382e+003
 9.68427983890830e+003    3.33545513128344e+003
 9.77596062902687e+003    4.25814708558306e+003
 1.01062390981384e+004    4.08333267730040e+002
 1.01421147277894e+004    1.37767703611068e+003
 1.01687245482651e+004    2.32838684500266e+003
 1.02139154707186e+004    3.27908090910420e+003
 1.02591187640789e+004    4.22045405726380e+003
 1.07938759512946e+004    3.05220635122354e+002
 1.08297639518524e+004    1.26524348756105e+003
 1.07541405987294e+004    2.24400264062628e+003
 1.07435511025290e+004    3.22270668692496e+003
 1.07236710553396e+004    4.20141860561887e+003
 1.13606985288743e+004    2.30173091478357e+002
 1.14058523386075e+004    1.20882990340571e+003
 1.13394947946598e+004    2.20622301595959e+003
 1.12731001379918e+004    3.23157887633929e+003
 1.11881614920663e+004    4.22898773368362e+003
