 5.82306530132617e+002    1.85507246376812e+002
 1.10362598623468e+003    2.43478260869565e+002
 1.62492865536344e+003    2.89855072463768e+002
 2.13461473896257e+003    3.13043478260870e+002
 2.65595098203794e+003    3.82608695652174e+002
 3.17725365116669e+003    4.28985507246377e+002
 3.68695652173913e+003    4.63768115942029e+002
 5.37250293772033e+002    1.06666666666667e+003
 1.05848581500755e+003    1.06666666666667e+003
 1.59132113479940e+003    1.07826086956522e+003
 2.10097364445191e+003    1.07826086956522e+003
 2.61067651502434e+003    1.11304347826087e+003
 3.13191203625986e+003    1.11304347826087e+003
 3.66474735605170e+003    1.12463768115942e+003
 5.50058754406581e+002    1.91304347826087e+003
 1.07127748866879e+003    1.90144927536232e+003
 1.59247943595770e+003    1.87826086956522e+003
 2.11369817021991e+003    1.86666666666667e+003
 2.63490011750881e+003    1.84347826086957e+003
 3.14450226624140e+003    1.80869565217391e+003
 3.66572100050361e+003    1.79710144927536e+003
 6.20799059929495e+002    2.77101449275362e+003
 1.14196743327178e+003    2.72463768115942e+003
 1.63995299647474e+003    2.66666666666667e+003
 2.16112136981702e+003    2.62028985507246e+003
 2.68225616921269e+003    2.55072463768116e+003
 3.19182474399866e+003    2.49275362318841e+003
 3.72459291589726e+003    2.45797101449275e+003
 7.37888198757764e+002    3.64057971014493e+003
 1.24738962565050e+003    3.53623188405797e+003
 1.78010743662918e+003    3.46666666666667e+003
 2.26644284035588e+003    3.36231884057971e+003
 2.78756085277824e+003    3.28115942028986e+003
 3.28551284203458e+003    3.20000000000000e+003
 3.80659728051032e+003    3.09565217391304e+003
 9.01242236024845e+002    4.46376811594203e+003
 1.41072687594427e+003    4.34782608695652e+003
 1.93181131442001e+003    4.24347826086957e+003
 2.42967936880980e+003    4.10434782608696e+003
 2.93913043478261e+003    3.96521739130435e+003
 3.42548262548263e+003    3.87246376811594e+003
 3.94653349001175e+003    3.74492753623188e+003
 1.14569414134632e+003    5.29855072463768e+003
 1.64354540876280e+003    5.14782608695652e+003
 2.12983045156958e+003    5.00869565217391e+003
 2.62766493201276e+003    4.84637681159420e+003
 3.12548262548263e+003    4.67246376811594e+003
 3.61176766828941e+003    4.53333333333333e+003
 4.12118516031560e+003    4.37101449275362e+003
 1.41329528286050e+003    6.12173913043478e+003
 1.89949639080074e+003    5.92463768115942e+003
 2.39731408427061e+003    5.75072463768116e+003
 2.88351519221084e+003    5.55362318840580e+003
 3.36976666107101e+003    5.39130434782609e+003
 3.85596776901125e+003    5.19420289855072e+003
 4.34216887695149e+003    4.99710144927536e+003
 1.76192714453584e+003    6.91014492753623e+003
 2.21334564378043e+003    6.68985507246377e+003
 2.69954675172066e+003    6.49275362318841e+003
 3.18571428571429e+003    6.27246376811594e+003
 3.66028202115159e+003    6.04057971014493e+003
 4.12330031895249e+003    5.83188405797101e+003
 4.59791841530972e+003    5.63478260869565e+003
 2.14530804096021e+003    7.69855072463768e+003
 2.60824240389458e+003    7.43188405797102e+003
 3.05962732919255e+003    7.18840579710145e+003
 3.51102904146382e+003    6.95652173913044e+003
 3.96238039281518e+003    6.68985507246377e+003
 4.42538190364277e+003    6.46956521739130e+003
 4.88829947960383e+003    6.19130434782609e+003
 2.56333725029377e+003    8.41739130434783e+003
 3.02627161322813e+003    8.15072463768116e+003
 3.46600637904986e+003    7.86086956521739e+003
 3.90577471881820e+003    7.59420289855073e+003
 4.35712607016955e+003    7.32753623188406e+003
 4.77369481282525e+003    7.03768115942029e+003
 5.22502937720329e+003    6.75942028985507e+003
 3.05089810307202e+003    9.15942028985507e+003
 3.49059929494712e+003    8.84637681159420e+003
 3.90713446365620e+003    8.53333333333333e+003
 4.32368641933859e+003    8.23188405797101e+003
 4.74023837502098e+003    7.93043478260870e+003
 5.16835655531308e+003    7.61739130434783e+003
 5.58492529796878e+003    7.32753623188406e+003
 3.58469028034245e+003    9.83188405797102e+003
 3.98960886352191e+003    9.49565217391304e+003
 4.38296122209166e+003    9.17101449275362e+003
 4.78786301829780e+003    8.82318840579710e+003
 5.18123216384086e+003    8.51014492753623e+003
 5.58615074702031e+003    8.17391304347826e+003
 6.00268591572939e+003    7.86086956521739e+003
