Generated by GetData Graph Digitizer 2.22 on December 17 2023, 11:18
from file 'C:\Users\31425\Desktop\2015-Krogstad-Blind Test 3\Fig_20\Fig_20b.jpg'

Line #1
-2.56069821696384e+000    1.16203966005666e+000
-2.46162097983669e+000    1.13824362606232e+000
-2.34048491918014e+000    1.11444759206799e+000
-2.23044075987335e+000    1.08271954674221e+000
-2.12042784535911e+000    1.04702549575071e+000
-1.99947925345776e+000    9.99433427762039e-001
-1.88949758373604e+000    9.59773371104816e-001
-1.77948466922180e+000    9.24079320113314e-001
-1.66950299950008e+000    8.84419263456091e-001
-1.55949008498584e+000    8.48725212464589e-001
-1.47141101483086e+000    8.28895184135977e-001
-1.40539076820530e+000    8.09065155807365e-001
-1.35043117813698e+000    7.85269121813031e-001
-1.22932636227295e+000    7.57507082152974e-001
-1.10828403599400e+000    7.21813031161473e-001
-9.98239876687219e-001    6.90084985835694e-001
-8.88226962172971e-001    6.54390934844193e-001
-7.89149725045826e-001    6.30594900849858e-001
-7.01008165305782e-001    6.18696883852691e-001
-6.12866605565739e-001    6.06798866855524e-001
-5.13758123646059e-001    5.86968838526912e-001
-4.14524662556241e-001    5.83002832861190e-001
-3.04355524079320e-001    5.67138810198300e-001
-2.27180886518914e-001    5.63172804532578e-001
-9.48279453424430e-002    5.63172804532578e-001
 1.54661723046159e-002    5.63172804532578e-001
 1.14793367772038e-001    5.71104815864023e-001
 2.14089318446926e-001    5.75070821529745e-001
 3.02230878186969e-001    5.63172804532578e-001
 3.68469838360274e-001    5.71104815864023e-001
 4.45738210298284e-001    5.79036827195467e-001
 4.45988168638560e-001    6.10764872521246e-001
 5.45252874520913e-001    6.10764872521246e-001
 6.66576403932678e-001    6.10764872521246e-001
 7.76901766372271e-001    6.14730878186969e-001
 8.98319030161639e-001    6.26628895184136e-001
 1.01976753874354e+000    6.42492917847025e-001
 1.13046783869355e+000    6.94050991501416e-001
 1.18580236627229e+000    7.17847025495751e-001
 1.24116813864356e+000    7.45609065155807e-001
 1.29653391101483e+000    7.73371104815864e-001
 1.32980961506416e+000    7.97167138810198e-001
 1.38517538743543e+000    8.24929178470255e-001
 1.41845109148475e+000    8.48725212464589e-001
 1.48481503082820e+000    8.72521246458923e-001
 1.52915139143476e+000    9.00283286118980e-001
 1.56245834027662e+000    9.28045325779037e-001
 1.61773037827029e+000    9.43909348441926e-001
 1.65106857190468e+000    9.75637393767705e-001
 1.69540493251125e+000    1.00339943342776e+000
 1.76186260623230e+000    1.03909348441926e+000
 1.80613647725379e+000    1.05892351274788e+000
 1.86147100483253e+000    1.08271954674221e+000
 1.91680553241126e+000    1.10651558073654e+000
 1.99416763872688e+000    1.12634560906516e+000
 2.12667680386602e+000    1.14617563739377e+000
 2.24809406765539e+000    1.15807365439093e+000
 2.34748375270788e+000    1.17393767705382e+000
 2.47999291784703e+000    1.19376770538244e+000
