Generated by GetData Graph Digitizer 2.22 on December 17 2023, 11:16
from file 'C:\Users\31425\Desktop\2015-Krogstad-Blind Test 3\Fig_20\Fig_20a.jpg'

Line #1
-2.85652203056573e+000    1.14431137724551e+000
-2.72222718741621e+000    1.14011976047904e+000
-2.58786531414782e+000    1.14431137724551e+000
-2.38640629189382e+000    1.14011976047904e+000
-2.20726829922245e+000    1.14431137724551e+000
-2.05065242649030e+000    1.13173652694611e+000
-1.92781973366699e+000    1.09401197604790e+000
-1.79399410134954e+000    1.03113772455090e+000
-1.69365001340602e+000    9.80838323353293e-001
-1.57108544105818e+000    9.09580838323353e-001
-1.47074135311467e+000    8.59281437125748e-001
-1.37022968987398e+000    8.29940119760479e-001
-1.29220663151309e+000    7.88023952095808e-001
-1.20295602824202e+000    7.50299401197605e-001
-1.09125033515059e+000    7.20958083832335e-001
-1.01329430690857e+000    6.70658682634731e-001
-9.57625793189740e-001    6.32934131736527e-001
-8.68341674859237e-001    5.99401197604790e-001
-7.78990526409867e-001    5.74251497005988e-001
-6.67251318259004e-001    5.49101796407186e-001
-5.33057020287782e-001    5.32335329341317e-001
-4.21150236839754e-001    5.28143712574850e-001
-3.31463937796050e-001    5.44910179640719e-001
-2.19389579050854e-001    5.61676646706587e-001
-1.07382250424524e-001    5.70059880239521e-001
 2.70801680221644e-002    5.86826347305389e-001
 1.39154526767361e-001    6.03592814371257e-001
 2.17579765841451e-001    6.11976047904192e-001
 2.95837429618375e-001    5.99401197604790e-001
 3.96449638037358e-001    5.82634730538922e-001
 5.08188846188220e-001    5.57485029940120e-001
 5.97607024756457e-001    5.40718562874251e-001
 7.20607292876933e-001    5.23952095808383e-001
 8.66297256233801e-001    5.44910179640719e-001
 1.00082670479936e+000    5.70059880239521e-001
 1.06832603449817e+000    6.11976047904192e-001
 1.13569130395925e+000    6.37125748502994e-001
 1.20312360353919e+000    6.70658682634731e-001
 1.23694029850746e+000    7.00000000000000e-001
 1.28201805344535e+000    7.37724550898204e-001
 1.31580123335419e+000    7.62874251497006e-001
 1.38333407811243e+000    8.08982035928144e-001
 1.42834480293145e+000    8.38323353293413e-001
 1.46222852801859e+000    8.76047904191617e-001
 1.50740682813478e+000    9.26347305389222e-001
 1.57500670301189e+000    9.80838323353293e-001
 1.65370006256144e+000    1.02275449101796e+000
 1.72113236214139e+000    1.05628742514970e+000
 1.79979220663151e+000    1.09401197604790e+000
 1.85599696130128e+000    1.12335329341317e+000
 1.94561623022611e+000    1.13173652694611e+000
 2.08001161855394e+000    1.14011976047904e+000
 2.19198543212083e+000    1.14431137724551e+000
 2.30392573062830e+000    1.14431137724551e+000
 2.41586602913576e+000    1.14431137724551e+000
 2.53900035749397e+000    1.14431137724551e+000
 2.62855259629994e+000    1.14431137724551e+000
 2.76288095450889e+000    1.14431137724551e+000
 2.91959737241934e+000    1.14431137724551e+000
