Generated by GetData Graph Digitizer 2.22 on December 17 2023, 11:19
from file 'C:\Users\31425\Desktop\2015-Krogstad-Blind Test 3\Fig_20\Fig_20b.jpg'

Line #1
-2.85858606898850e+000    1.15014164305949e+000
-2.72623312781203e+000    1.15014164305949e+000
-2.61593901016497e+000    1.15014164305949e+000
-2.41740959840027e+000    1.15014164305949e+000
-2.30711548075321e+000    1.15014164305949e+000
-2.18582319613398e+000    1.14617563739377e+000
-2.06465589068489e+000    1.12634560906516e+000
-1.97654557573738e+000    1.11048158640227e+000
-1.89962089651725e+000    1.07478753541076e+000
-1.81163556073988e+000    1.04305949008499e+000
-1.73471088151975e+000    1.00736543909348e+000
-1.69078070321613e+000    9.83569405099150e-001
-1.63582111314781e+000    9.59773371104816e-001
-1.58086152307949e+000    9.35977337110482e-001
-1.52599566738877e+000    9.00283286118980e-001
-1.43804157640393e+000    8.64589235127479e-001
-1.36102316280620e+000    8.40793201133144e-001
-1.28400474920847e+000    8.16997167138810e-001
-1.19611314780870e+000    7.73371104815864e-001
-1.14124729211798e+000    7.37677053824363e-001
-1.05332444592568e+000    6.98016997167139e-001
-9.98364855857357e-001    6.74220963172805e-001
-9.43405265789035e-001    6.50424929178470e-001
-8.55419930011665e-001    6.18696883852691e-001
-7.67340859856691e-001    5.98866855524079e-001
-6.79293034494251e-001    5.75070821529745e-001
-5.80184552574571e-001    5.55240793201133e-001
-4.92074237627062e-001    5.39376770538244e-001
-4.03776453924346e-001    5.47308781869688e-001
-3.37662472921179e-001    5.39376770538244e-001
-2.49489668388602e-001    5.31444759206799e-001
-1.72283786035661e-001    5.31444759206799e-001
-6.18646892184636e-002    5.47308781869688e-001
 4.87106315614065e-002    5.83002832861190e-001
 1.59254707548742e-001    6.14730878186969e-001
 2.69673804365939e-001    6.30594900849858e-001
 3.68907265455758e-001    6.26628895184136e-001
 4.57048825195801e-001    6.14730878186969e-001
 5.23037827028828e-001    5.90934844192635e-001
 5.99993751041493e-001    5.59206798866856e-001
 6.77105899016830e-001    5.47308781869688e-001
 7.76308115314114e-001    5.39376770538244e-001
 9.08629811698050e-001    5.35410764872521e-001
 9.74931261456424e-001    5.51274787535411e-001
 1.03029703382770e+000    5.79036827195467e-001
 1.09681719713381e+000    6.22662889518414e-001
 1.14124729211798e+000    6.62322946175637e-001
 1.19661306448925e+000    6.90084985835694e-001
 1.57383144475921e+000    9.71671388101983e-001
 1.62919721713048e+000    9.99433427762039e-001
 1.65150599900017e+000    1.03116147308782e+000
 1.71796367272121e+000    1.06685552407932e+000
 1.78439010164973e+000    1.09858356940510e+000
 1.87278161973004e+000    1.11841359773371e+000
 1.97217130478254e+000    1.13427762039660e+000
 2.11561614730878e+000    1.14220963172805e+000
 2.35826320613231e+000    1.14220963172805e+000
 2.43546908848525e+000    1.14220963172805e+000
 2.62300033327779e+000    1.14617563739377e+000
 2.71120438260290e+000    1.14220963172805e+000
 2.93179261789702e+000    1.14220963172805e+000
