Generated by GetData Graph Digitizer 2.22 on December 17 2023, 11:15
from file 'C:\Users\31425\Desktop\2015-Krogstad-Blind Test 3\Fig_20\Fig_20a.jpg'

Line #1
-2.67611046563589e+000    1.30778443113772e+000
-2.56423719724730e+000    1.29940119760479e+000
-2.45236392885870e+000    1.29101796407186e+000
-2.34049066047010e+000    1.28263473053892e+000
-2.22868442220038e+000    1.26586826347305e+000
-2.11697872910895e+000    1.23652694610778e+000
-2.00544061131468e+000    1.18622754491018e+000
-1.89386897846099e+000    1.14011976047904e+000
-1.79352489051747e+000    1.08982035928144e+000
-1.68202028778264e+000    1.03532934131737e+000
-1.57048216998838e+000    9.85029940119761e-001
-1.52590714094200e+000    9.59880239520958e-001
-1.47013808204487e+000    9.34730538922156e-001
-1.41430199302887e+000    9.17964071856287e-001
-1.38088747877380e+000    8.97005988023952e-001
-1.32508490481723e+000    8.76047904191617e-001
-1.22457324157655e+000    8.46706586826347e-001
-1.15767718294754e+000    8.13173652694611e-001
-1.07952006434891e+000    7.88023952095808e-001
-9.45325766377692e-001    7.71257485029940e-001
-8.22224953078917e-001    7.67065868263473e-001
-7.21478684422200e-001    7.67065868263473e-001
-5.98377871123425e-001    7.62874251497006e-001
-5.08825632317454e-001    7.62874251497006e-001
-4.19340423630351e-001    7.54491017964072e-001
-3.41049244793994e-001    7.46107784431138e-001
-2.62758065957637e-001    7.37724550898204e-001
-2.18048976673519e-001    7.29341317365269e-001
-1.06309768522656e-001    7.04191616766467e-001
 5.52998480650668e-003    6.91616766467066e-001
 1.17336223076236e-001    6.74850299401198e-001
 2.29243006524265e-001    6.70658682634731e-001
 2.96440700688176e-001    6.74850299401198e-001
 3.63671909911520e-001    6.83233532934132e-001
 4.53157118598623e-001    6.74850299401198e-001
 5.20086692287068e-001    6.45508982035928e-001
 5.98310841004558e-001    6.28742514970060e-001
 6.76467959603182e-001    6.03592814371257e-001
 7.76946107784431e-001    5.70059880239521e-001
 9.00013406023773e-001    5.61676646706587e-001
 1.01212127982840e+000    5.82634730538922e-001
 1.12453078916793e+000    6.41317365269461e-001
 1.15838099919564e+000    6.74850299401198e-001
 1.21468629904370e+000    7.16766467065868e-001
 1.27085753865404e+000    7.41916167664671e-001
 1.30484180891948e+000    7.92215568862275e-001
 1.33869201894718e+000    8.25748502994012e-001
 1.38380328894450e+000    8.67664670658682e-001
 1.42884752882295e+000    9.01197604790419e-001
 1.48511931361158e+000    9.38922155688623e-001
 1.53013003843060e+000    9.68263473053892e-001
 1.57517427830905e+000    1.00179640718563e+000
 1.62021851818751e+000    1.03532934131737e+000
 1.66519572794709e+000    1.06047904191617e+000
 1.69901242291536e+000    1.08982035928144e+000
 1.75521717758513e+000    1.11916167664671e+000
 1.80029493252301e+000    1.15688622754491e+000
 1.84527214228260e+000    1.18203592814371e+000
 1.87905532219144e+000    1.20718562874251e+000
 1.94632004647422e+000    1.21976047904192e+000
 2.02484583072661e+000    1.24071856287425e+000
 2.14801367414425e+000    1.24491017964072e+000
 2.25995397265171e+000    1.24491017964072e+000
 2.36076727142729e+000    1.25329341317365e+000
 2.48390159978550e+000    1.25329341317365e+000
 2.58471489856109e+000    1.26167664670659e+000
 2.70788274197873e+000    1.26586826347305e+000
