Generated by GetData Graph Digitizer 2.22 on March 26 2022, 12:36
from file 'C:\Users\Li Hang\Desktop\Lin\figs\vel_30_8d.jpg'

Line #1
-8.35654596100279e-004   -9.04887401272364e-001
 0.00000000000000e+000   -7.91913452134647e-001
 7.52089136490251e-003   -6.67384294599715e-001
 1.00278551532033e-002   -5.45727800604873e-001
 1.67130919220056e-002   -4.32782093945781e-001
 3.09192200557103e-002   -3.14078956287098e-001
 5.26462395543175e-002   -1.98309001765558e-001
 8.18941504178273e-002   -7.38847448655174e-002
 1.11977715877437e-001    4.18448632579878e-002
 1.43732590529248e-001    1.60463273480797e-001
 1.77158774373259e-001    2.76176743045088e-001
 1.80501392757660e-001    4.00726073779037e-001
 1.61281337047354e-001    5.16693725650949e-001
 1.29526462395543e-001    6.41412511256645e-001
 8.94150417827298e-002    7.54584157744733e-001
 5.09749303621170e-002    8.73541477711036e-001
 2.67409470752089e-002    9.95327080179590e-001
 6.68523676880223e-003    1.10840189531239e+000
-1.67130919220056e-003    1.23880145376141e+000
-5.01392757660167e-003    1.35469244747706e+000
 4.01114206128134e-002    1.47614317484192e+000
