 1.85873605947955e-002    3.90015600624025e-003
 5.57736807613569e-002    1.17004680187207e-002
 9.29484019509479e-002    1.17004680187207e-002
 1.48733681689275e-001    2.73010920436817e-002
 1.82196730248392e-001    3.12012480499220e-002
 2.19371451437983e-001    3.12012480499220e-002
 2.63981116865492e-001    3.12012480499220e-002
 2.86291749067732e-001    3.51014040561622e-002
 3.16048924484860e-001    4.68018720748830e-002
 3.34647884056626e-001    5.46021840873635e-002
 3.45881493252295e-001    1.09204368174727e-001
 3.53391830840520e-001    1.59906396255850e-001
 3.57184696309786e-001    2.10608424336973e-001
 3.68429904482425e-001    2.73010920436817e-001
 3.61064554106328e-001    3.19812792511700e-001
 3.53670206287805e-001    3.47113884555382e-001
 3.27746492759339e-001    4.13416536661466e-001
 3.20386941871727e-001    4.64118564742590e-001
 3.01921370535119e-001    5.46021840873635e-001
 2.83449999710026e-001    6.24024960998440e-001
 2.68655504584496e-001    6.74726989079563e-001
 2.61324951139310e-001    7.44929797191888e-001
 2.61435141420527e-001    8.19032761310452e-001
 2.65245405355248e-001    8.81435257410296e-001
 2.76461616085461e-001    9.24336973478939e-001
 2.91389499446149e-001    9.63338533541342e-001
 3.10069651856706e-001    1.02574102964119e+000
 3.24980136751938e-001    1.05304212168487e+000
 3.54812705519373e-001    1.11544461778471e+000
 3.77163934141009e-001    1.14664586583463e+000
 4.25560665549299e-001    1.19344773790952e+000
 4.85104013825981e-001    1.23634945397816e+000
 5.29777473626826e-001    1.27925117004680e+000
 5.81874278688620e-001    1.31435257410296e+000
 6.07919781475274e-001    1.32995319812792e+000
 6.63728259167541e-001    1.36115444617785e+000
 7.00931977799558e-001    1.38065522620905e+000
 7.41858968039019e-001    1.40405616224649e+000
 7.79074285648006e-001    1.43135725429017e+000
 8.05142986388600e-001    1.46255850234009e+000
 8.34923359759669e-001    1.48985959438378e+000
 8.79585220583544e-001    1.52496099843994e+000
 9.09377192931583e-001    1.56006240249610e+000
 9.31734221041704e-001    1.59516380655226e+000
 9.50385376009836e-001    1.63806552262090e+000
 9.57918911552001e-001    1.70436817472699e+000
 9.69129322793730e-001    1.74336973478939e+000
 9.72916388774510e-001    1.79017160686427e+000
 9.76697655266806e-001    1.83307332293292e+000
 9.80490520736071e-001    1.88377535101404e+000
 9.80554315109407e-001    1.92667706708268e+000
 9.88093650140058e-001    1.99687987519501e+000
 9.91892315097808e-001    2.05148205928237e+000
 9.95685180567074e-001    2.10218408736349e+000
 9.92060500263877e-001    2.16458658346334e+000
 9.92182289522064e-001    2.24648985959438e+000
 9.88546010241897e-001    2.30109204368175e+000
 9.84903931473244e-001    2.35179407176287e+000
 9.96160738622853e-001    2.42199687987520e+000
 9.96247730950130e-001    2.48049921996880e+000
