 4.83271375464684e-001    4.19158030261731e-001
 4.64684014869888e-001    4.97088656780472e-001
 5.09293680297398e-001    5.55764981528629e-001
 5.39033457249071e-001    6.41684403435617e-001
 5.31598513011152e-001    7.11858214105516e-001
 5.50185873605948e-001    7.70433047805184e-001
 5.87360594795539e-001    8.56381467154597e-001
 5.98513011152416e-001    9.26627771430560e-001
 6.43122676579926e-001    1.00480487620992e+000
 6.65427509293680e-001    1.06729436463704e+000
 7.06319702602231e-001    1.13765665868270e+000
 7.62081784386617e-001    1.21197710361946e+000
 7.73234200743494e-001    1.28222340789542e+000
 7.99256505576208e-001    1.35252770705624e+000
 8.51301115241636e-001    1.42293349726554e+000
 8.69888475836431e-001    1.49320879898393e+000
 8.99628252788104e-001    1.57522806488468e+000
