 4.12360209101727e-001    4.12993671298242e-001
 4.49225340855944e-001    4.81283264165576e-001
 4.08896887746947e-001    5.57935150047658e-001
 4.34738593240307e-001    6.30294885532789e-001
 3.87033561656000e-001    6.90873408204223e-001
 3.83469596774671e-001    7.67377288900203e-001
 4.20346568943776e-001    8.43718363891471e-001
 3.72659297981801e-001    9.16374109748806e-001
 3.72777702130683e-001    9.96888930988142e-001
 4.20660339938311e-001    1.05708264017571e+000
 4.61201920515295e-001    1.12535743252444e+000
 4.98078892684400e-001    1.20169850751570e+000
 5.23926518385204e-001    1.27808398406280e+000
 4.61533452132163e-001    1.35079893199458e+000
 3.95475777471243e-001    1.43158016256890e+000
 2.44812418227135e-001    1.48049587657552e+000
 2.15536992416214e-001    1.57320632514963e+000
