 2.41707877442221e-001    2.53052961535950e-002
 2.59998931389253e-001    3.34831367287450e-002
 2.92929952565556e-001    4.57721603153589e-002
 3.07581793247567e-001    4.58315275790624e-002
 3.14777105608425e-001    9.04311844362782e-002
 2.81679856093753e-001    1.34867581318309e-001
 2.81572995019087e-001    1.71333923048153e-001
 2.92443141003188e-001    2.11896605973534e-001
 3.06976247157792e-001    2.52474130714841e-001
 3.21544973670619e-001    2.80896208212867e-001
 3.32379499296498e-001    3.33614338381530e-001
 3.35888104581372e-001    3.86302784918340e-001
 3.35757496601224e-001    4.30872758143704e-001
 3.46651389490807e-001    4.63331809573565e-001
 3.57509662022168e-001    5.07946308246707e-001
 3.61089508023486e-001    5.36323860296955e-001
 3.75610740725349e-001    5.80953200786023e-001
 3.79095599104742e-001    6.41745278818354e-001
 3.89965745088843e-001    6.82307961743735e-001
 4.04486977790707e-001    7.26937302232803e-001
 4.18996337039829e-001    7.75618458469631e-001
 4.33458202477990e-001    8.40506877697500e-001
 4.37014301573826e-001    8.76988061243269e-001
 4.47836953746965e-001    9.33758007159692e-001
 4.51286191768135e-001    1.00670553243530e+000
 4.51167457240728e-001    1.04722368991291e+000
 4.58315275790624e-001    1.10803060976117e+000
 4.65451220887778e-001    1.17288934535718e+000
 4.76250126155435e-001    1.23776292276913e+000
 4.83457311969034e-001    1.27831076387858e+000
 4.83374197799849e-001    1.30667347411290e+000
 4.75953289836918e-001    1.33905831646314e+000
 4.42820419964023e-001    1.39565016058845e+000
 4.28014224396383e-001    1.44826439804563e+000
 4.16930356262950e-001    1.48063439857994e+000
 4.09521321752759e-001    1.50896742518241e+000
 3.98413706713844e-001    1.54944105721223e+000
 3.87294218222188e-001    1.59396650498982e+000
 3.68860682842267e-001    1.63441045338779e+000
 3.57812435067055e-001    1.65462500667882e+000
 3.28366272270145e-001    1.70312806112453e+000
 3.13524456344283e-001    1.76789774582500e+000
 2.91416087341118e-001    1.81237866815481e+000
 2.72994425413938e-001    1.84877080080502e+000
 2.58200103299039e-001    1.89733322251444e+000
 2.47116235165605e-001    1.92970322304875e+000
 2.21178677653568e-001    2.03089472403127e+000
 2.13745896237897e-001    2.06733138212927e+000
 2.09940454634505e-001    2.11593832928646e+000
 1.98868459953812e-001    2.14425651407301e+000
 1.91435678538141e-001    2.18069317217100e+000
 1.91364437821696e-001    2.20500406665756e+000
 1.91269450199771e-001    2.23741859263965e+000
 1.91174462577845e-001    2.26983311862173e+000
 1.91103221861401e-001    2.29414401310829e+000
 1.87309653710751e-001    2.33869914451773e+000
 1.87214666088825e-001    2.37111367049981e+000
 1.83456718296397e-001    2.40351335466597e+000
 1.83349857221731e-001    2.43997969639581e+000
 1.83266743052546e-001    2.46834240663014e+000
 1.83207375788843e-001    2.48860148536894e+000
