 3.19856967788151e-001    1.07895780668155e-002
 3.45598029754963e-001    1.47117154985111e-002
 3.78709749989640e-001    3.06814750788868e-002
 4.04456732163895e-001    3.86293535725492e-002
 4.04492253408559e-001    6.27837999443501e-002
 3.97174877007690e-001    8.69678473533713e-002
 4.04563295897888e-001    1.11092692687952e-001
 4.34040008761907e-001    1.55257440220705e-001
 4.34099210836348e-001    1.95514850840373e-001
 4.37834861733555e-001    2.35757460941431e-001
 4.41611954082871e-001    3.04180258476257e-001
 4.38006547749433e-001    3.52503951738469e-001
 4.34365620171331e-001    3.76673198628880e-001
 4.49112856914506e-001    4.04794183988207e-001
 4.49154298366615e-001    4.32974371421975e-001
 4.49213500441055e-001    4.73231782041643e-001
 4.49249021685720e-001    4.97386228413444e-001
 4.52990592790371e-001    5.41654579576468e-001
 4.41990847359291e-001    5.61827686442133e-001
 4.34679391165866e-001    5.90037474913121e-001
 4.23709246772007e-001    6.30339287088620e-001
 4.16391870371138e-001    6.54523334497641e-001
 4.05403965354946e-001    6.82747923487239e-001
 4.05451327014499e-001    7.14953851982973e-001
 3.98145791028518e-001    7.47189381515928e-001
 3.98187232480626e-001    7.75369568949696e-001
 4.05599332200600e-001    8.15597378532144e-001
 4.09329062890364e-001    8.51814247571235e-001
 4.13046953165239e-001    8.79979634486392e-001
 4.13088394617347e-001    9.08159821920160e-001
 4.09453387246689e-001    9.36354809872538e-001
 3.94812714237507e-001    9.80697163628613e-001
 3.83812968806427e-001    1.00087027049428e+000
 3.61819398151711e-001    1.04524222528757e+000
 3.83907692125532e-001    1.06528212748575e+000
 4.02307696861698e-001    1.07728534807860e+000
 4.28072439658286e-001    1.09731044975816e+000
 4.68578498990605e-001    1.14143079573508e+000
 4.90684553586758e-001    1.17354792111916e+000
 5.09096398737812e-001    1.19360262383594e+000
 5.27520084303754e-001    1.22170880867666e+000
 5.38602712639051e-001    1.25789607667853e+000
 5.53349949382226e-001    1.28601706203785e+000
 5.46038493188801e-001    1.31422685050884e+000
 5.20356633296431e-001    1.35056212369681e+000
 4.90992404373849e-001    1.38288645634143e+000
 4.65298704066591e-001    1.41117024740547e+000
 4.24911048883153e-001    1.44756472266788e+000
 3.99205508161006e-001    1.46779703160799e+000
 3.66158910208214e-001    1.49611042370925e+000
 3.40459289693511e-001    1.52036847371132e+000
 3.14759669178808e-001    1.54462652371339e+000
 2.74366093787926e-001    1.57699525791384e+000
 2.30301989781722e-001    1.61340453369486e+000
 2.19361446425083e-001    1.67383505118019e+000
 2.19391047462303e-001    1.69396375649003e+000
 2.08409062653555e-001    1.72621408654159e+000
 2.01091686252686e-001    1.75039813395061e+000
 1.97480359711804e-001    1.79469608615086e+000
 1.79169158087299e-001    1.84307898148751e+000
 1.79234280369184e-001    1.88736213316915e+000
 1.79287562236181e-001    1.92359380272685e+000
 1.68317417842321e-001    1.96389561490235e+000
 1.64706091301439e-001    2.00819356710259e+000
 1.57430156352679e-001    2.06055780194538e+000
 1.57489358427119e-001    2.10081521256505e+000
 1.61230929531771e-001    2.14508356372807e+000
 1.57631443405777e-001    2.19743299805225e+000
 1.50355508457016e-001    2.24979723289504e+000
 1.50426550946345e-001    2.29810612563864e+000
 1.50473912605898e-001    2.33031205413438e+000
 1.50527194472894e-001    2.36654372369208e+000
 1.46904027517124e-001    2.40279019376839e+000
 1.50651518829220e-001    2.45108428599338e+000
 1.50698880488772e-001    2.48329021448912e+000
