 2.22223506231619e-002    8.72484384840728e-003
 5.18637075386118e-002    1.66407617770947e-002
 8.52030115156383e-002    2.06709462699848e-002
 1.51870063385124e-001    2.09309581727519e-002
 1.92616817569871e-001    2.49900328770606e-002
 2.18542893296893e-001    2.50911486170256e-002
 2.66708653773928e-001    3.69794706157660e-002
 3.11159133062536e-001    4.10529904257839e-002
 3.48213718227990e-001    5.28979771073965e-002
 3.85285637520295e-001    7.64434994135287e-002
 4.11286827797006e-001    1.27246936193079e-001
 4.11402388642680e-001    2.05250507023210e-001
 4.11529505572922e-001    2.91054434936355e-001
 4.11633510334029e-001    3.61257648683473e-001
 4.11772183348838e-001    4.54861933679631e-001
 4.11893522236796e-001    5.36765683051269e-001
 4.23114480351767e-001    6.10912410657021e-001
 4.45463947905171e-001    6.96803009204421e-001
 4.53010071127701e-001    7.90436184411998e-001
 4.64190582946686e-001    8.37281662227204e-001
 4.97657003853954e-001    9.27115774633239e-001
 5.42217265945952e-001    1.00529268673188e+000
 5.79358521745662e-001    1.07564035153609e+000
 6.05400158318359e-001    1.15374503810619e+000
 6.24017010556483e-001    1.22012029884035e+000
 6.50023978875477e-001    1.27482391416140e+000
 6.79723116213764e-001    1.32174161750516e+000
 7.16841259844340e-001    1.37648856814334e+000
 7.46534619140343e-001    1.41950609294559e+000
 7.91054434936355e-001    1.47038175525368e+000
 8.24434185209367e-001    1.50171318953712e+000
 8.54121766463087e-001    1.54083053579786e+000
 9.13496928970526e-001    1.61906522831934e+000
 9.28404278062507e-001    1.68152586540628e+000
 9.35898398904483e-001    1.74005743374030e+000
 9.47096244850320e-001    1.79860344718003e+000
 9.69445712403723e-001    1.88449404572743e+000
 9.76934055203416e-001    1.93912543551994e+000
 9.91858738422248e-001    2.01328660823140e+000
 9.91945409056504e-001    2.07178928635400e+000
 9.99456864025331e-001    2.14202139031253e+000
 1.00324148172116e+000    2.19663833499934e+000
 9.99653317462977e-001    2.27462746072376e+000
 9.99728432012665e-001    2.32532978176334e+000
 9.99826658731489e-001    2.39163281696895e+000
 9.99919107408028e-001    2.45403567363306e+000
 9.96261606642437e-001    2.48522265685940e+000
