 2.62172284644195e-002    1.54691580921664e-002
 5.61797752808989e-002    1.14521434789976e-002
 8.98876404494382e-002    1.52208335524432e-002
 1.19850187265918e-001    1.90041309517549e-002
 1.64794007490637e-001    2.27289990476024e-002
 2.05992509363296e-001    3.03686304755561e-002
 2.43445692883895e-001    3.41227132231357e-002
 2.73408239700375e-001    3.40058546162071e-002
 3.14606741573034e-001    4.16454860441609e-002
 3.37078651685393e-001    4.15578420889645e-002
 3.48314606741573e-001    6.88151121550480e-002
 3.48314606741573e-001    9.61162041987297e-002
 3.55805243445693e-001    1.35088549609400e-001
 3.63295880149813e-001    1.74060895020070e-001
 3.63295880149813e-001    2.13062455082473e-001
 3.67041198501873e-001    2.52049407819009e-001
 3.67041198501873e-001    2.91050967881412e-001
 3.74531835205993e-001    3.30023313292082e-001
 3.70786516853933e-001    3.69039480680351e-001
 3.63295880149813e-001    4.08070255394485e-001
 3.52059925093633e-001    4.51015793440726e-001
 3.37078651685393e-001    4.90075782806593e-001
 3.29588014981273e-001    5.48607337551929e-001
 3.10861423220974e-001    5.95482246256142e-001
 2.99625468164794e-001    6.34527628296143e-001
 2.99625468164794e-001    6.96930124395987e-001
 3.03370786516854e-001    7.39817233138764e-001
 3.07116104868914e-001    7.63203561850339e-001
 3.10861423220974e-001    8.02190514586876e-001
 3.18352059925094e-001    8.37262703991306e-001
 3.22097378277154e-001    8.80149812734082e-001
 3.29588014981273e-001    9.03521534119792e-001
 3.37078651685393e-001    9.34693567517981e-001
 3.48314606741573e-001    9.54150525571585e-001
 3.67041198501873e-001    9.85278736992176e-001
 4.00749063670412e-001    1.02804898712802e+000
 4.11985018726592e-001    1.04750594518163e+000
 4.38202247191011e-001    1.07860494195049e+000
 4.64419475655431e-001    1.09800347070063e+000
 4.90636704119850e-001    1.11740199945076e+000
 5.05617977528090e-001    1.14074450618474e+000
 5.31835205992509e-001    1.17184350295360e+000
 5.65543071161049e-001    1.20291328507073e+000
 5.99250936329588e-001    1.23008291118162e+000
 6.21722846441948e-001    1.25339620326386e+000
 6.59176029962547e-001    1.28445137805512e+000
 7.00374531835206e-001    1.31549194552052e+000
 7.34082397003745e-001    1.34656172763764e+000
 7.75280898876405e-001    1.38540260711552e+000
 8.01498127340824e-001    1.41650160388438e+000
 8.23970037453184e-001    1.43591473996038e+000
 8.38951310861423e-001    1.44755677867564e+000
 8.65168539325843e-001    1.46695530742578e+000
 8.91385767790262e-001    1.49025399218216e+000
 9.17602996254682e-001    1.51745283294478e+000
 9.25093632958802e-001    1.54082455433049e+000
 9.36329588014981e-001    1.56418166839033e+000
 9.55056179775281e-001    1.61091050383588e+000
 9.58801498127341e-001    1.64989745657242e+000
 9.73782771535581e-001    1.68104027531888e+000
 9.73782771535581e-001    1.70834136736256e+000
 9.77528089887640e-001    1.73562785208038e+000
 9.81273408239700e-001    1.77461480481691e+000
 9.81273408239700e-001    1.80971620887307e+000
 9.88764044943820e-001    1.85648886629622e+000
 9.88764044943820e-001    1.89549042635863e+000
 9.88764044943820e-001    1.93449198642103e+000
 9.88764044943820e-001    2.00859495053959e+000
 9.88764044943820e-001    2.07879775865192e+000
 9.88764044943820e-001    2.14900056676424e+000
 9.88764044943820e-001    2.21530321887033e+000
 9.88764044943820e-001    2.28550602698265e+000
 9.92509363295880e-001    2.35569422776911e+000
 9.88764044943820e-001    2.41031101918234e+000
 9.92509363295880e-001    2.46099843993760e+000
