 2.62172284644195e-002    7.90256329354298e-003
 5.61797752808989e-002    1.19195779067118e-002
 8.61423220973783e-002    1.20364365136403e-002
 1.34831460674157e-001    1.22263317498992e-002
 1.72284644194757e-001    1.23724050085599e-002
 2.09737827715356e-001    2.81191022921816e-002
 2.39700374531835e-001    2.82359608991101e-002
 2.88389513108614e-001    2.84258561353690e-002
 3.33333333333333e-001    2.86011440457618e-002
 3.74531835205993e-001    3.65621366427691e-002
 3.78277153558052e-001    9.11789280559987e-002
 3.97003745318352e-001    1.53654460785173e-001
 3.85767790262172e-001    2.04312666888698e-001
 4.08239700374532e-001    2.86303586974940e-001
 4.00749063670412e-001    3.36976400404331e-001
 4.08239700374532e-001    3.99408111155907e-001
 4.00749063670412e-001    4.65681548610259e-001
 3.85767790262172e-001    5.24125459400398e-001
 3.97003745318352e-001    5.98272245496561e-001
 3.97003745318352e-001    6.41173961565204e-001
 3.97003745318352e-001    6.87975833640087e-001
 4.00749063670412e-001    7.46492781059557e-001
 4.08239700374532e-001    8.05024335804893e-001
 4.19475655430712e-001    8.71370809888575e-001
 4.34456928838951e-001    9.29931579285643e-001
 4.53183520599251e-001    9.84606800002337e-001
 4.79400749063670e-001    1.03541107936452e+000
 5.09363295880150e-001    1.09793043407130e+000
 5.39325842696629e-001    1.12924854072815e+000
 5.88014981273408e-001    1.17624030803929e+000
 6.40449438202247e-001    1.25054777471998e+000
 6.89138576779026e-001    1.30533985404360e+000
 7.30337078651685e-001    1.34450209469053e+000
 7.86516853932584e-001    1.39152307665340e+000
 8.35205992509363e-001    1.45021531198327e+000
 8.57677902621723e-001    1.50880529603207e+000
 8.95131086142322e-001    1.56355355337809e+000
 9.40074906367041e-001    1.62613133738833e+000
 9.55056179775281e-001    1.70419288681660e+000
 9.62546816479401e-001    1.74712381753697e+000
 9.73782771535581e-001    1.79396951158945e+000
 9.88764044943820e-001    1.84863012498028e+000
 1.00000000000000e+000    1.91887675507020e+000
 1.00374531835206e+000    2.01639526255207e+000
 9.96254681647940e-001    2.10606963604387e+000
 1.00000000000000e+000    2.15288611544462e+000
 1.00374531835206e+000    2.20360275085161e+000
 1.00374531835206e+000    2.27380555896393e+000
 1.00000000000000e+000    2.32449297971919e+000
 1.00374531835206e+000    2.37910977113242e+000
 9.96254681647940e-001    2.41808211654309e+000
 1.00000000000000e+000    2.44929797191888e+000
 1.00000000000000e+000    2.47659906396256e+000
