Generated by GetData Graph Digitizer 2.22 on December 17 2023, 11:56
from file 'C:\Users\31425\Desktop\Blind-Test\Fig_4\Fig_4b.jpg'

Line #1
 6.31578947368421e-001    4.17210910487899e-002
 6.55870445344130e-001    5.92437719790774e-002
 9.23076923076923e-001    1.81920269511510e-001
 1.50607287449393e+000    2.34581400159579e-001
 2.13765182186235e+000    3.02579863471143e-001
 2.91497975708502e+000    3.79364047400928e-001
 3.06072874493927e+000    4.01288454150536e-001
 3.93522267206478e+000    6.51083069830669e-001
 4.00809716599190e+000    6.68614616271166e-001
 4.46963562753036e+000    7.38771831318892e-001
 4.90688259109312e+000    7.62939212151659e-001
 4.95546558704453e+000    7.78276544815154e-001
 5.39271255060729e+000    8.15582611779308e-001
 5.51417004048583e+000    8.30933242708118e-001
 5.85425101214575e+000    8.61652235586158e-001
 6.04858299595142e+000    8.85775288867874e-001
 6.41295546558704e+000    9.03360028369633e-001
 6.51012145748988e+000    9.23085788587133e-001
 6.85020242914980e+000    9.42855876355684e-001
 6.99595141700405e+000    9.62590502083395e-001
 7.36032388663968e+000    9.73605898519460e-001
 7.48178137651822e+000    9.95525872513963e-001
 7.87044534412955e+000    1.00435592068324e+000
 8.04048582995951e+000    1.02409497916605e+000
 8.76923076923077e+000    1.04612577203818e+000
 9.03643724696356e+000    1.07245190460711e+000
 9.71659919028340e+000    1.06819645970626e+000
 1.00080971659919e+001    1.07919855787701e+000
 1.07854251012146e+001    1.09247909217175e+000
 1.09311740890688e+001    1.10783415585567e+000
 1.12226720647773e+001    1.10350778687313e+000
 1.12226720647773e+001    1.12102603504832e+000
