 3.73949579831933e+000    4.28724544480171e-003
 4.03361344537815e+000    4.07288317256163e-002
 4.36974789915966e+000    7.50267952840300e-002
 4.66386554621849e+000    1.09324758842444e-001
 4.98599439775910e+000    1.54340836012862e-001
 5.50420168067227e+000    2.14362272240086e-001
 6.00840336134454e+000    2.87245444801715e-001
 6.49859943977591e+000    3.70846730975348e-001
 7.01680672268908e+000    4.65166130760986e-001
 7.49299719887955e+000    5.70203644158628e-001
 7.98319327731092e+000    6.98821007502680e-001
 8.48739495798319e+000    8.42443729903537e-001
 8.99159663865546e+000    9.94640943193998e-001
 9.48179271708683e+000    1.16613076098607e+000
 9.98599439775910e+000    1.33976420150054e+000
 1.05182072829132e+001    1.51339764201501e+000
 1.10084033613445e+001    1.65058949624866e+000
 1.14985994397759e+001    1.76420150053591e+000
 1.19887955182073e+001    1.86280814576635e+000
 1.25070028011204e+001    1.92926045016077e+000
 1.30252100840336e+001    1.95927116827438e+000
 1.34733893557423e+001    1.96570203644159e+000
 1.39915966386555e+001    1.97213290460879e+000
 1.44957983193277e+001    1.98928188638800e+000
 1.50000000000000e+001    2.00428724544480e+000
 1.55042016806723e+001    2.00214362272240e+000
 1.59943977591036e+001    2.00428724544480e+000
 1.64845938375350e+001    2.00214362272240e+000
 1.69887955182073e+001    2.00428724544480e+000
 1.74789915966387e+001    2.00428724544480e+000
 1.79831932773109e+001    2.00214362272240e+000
 1.85014005602241e+001    2.00214362272240e+000
 1.89915966386555e+001    2.00214362272240e+000
 1.94817927170868e+001    2.00000000000000e+000
 1.99439775910364e+001    2.00000000000000e+000
