 4.20436770635371e+000    8.09217577706324e-001
 3.99428367274026e+000    8.09217577706324e-001
 4.45646854668984e+000    8.09217577706324e-001
 4.68055818254419e+000    8.09217577706324e-001
 4.90466282976213e+000    8.08145766345123e-001
 5.15679369282547e+000    8.06002143622722e-001
 5.53494495332967e+000    8.06002143622722e-001
 6.06715783848373e+000    8.06002143622722e-001
 6.45931470122883e+000    8.06002143622722e-001
 6.79544915501034e+000    8.06002143622722e-001
 7.04758001807368e+000    8.03858520900322e-001
 7.41169565360978e+000    8.06002143622722e-001
 7.84586932307757e+000    8.06002143622722e-001
 8.23799616309546e+000    8.08145766345123e-001
 8.54613442375878e+000    8.07073954983923e-001
 9.03634551355376e+000    8.06002143622722e-001
 9.38650058093977e+000    8.04930332261522e-001
 9.66665765984851e+000    8.01714898177921e-001
 9.94690480693885e+000    7.92068595927117e-001
 1.01571239428247e+001    7.82422293676313e-001
 1.04374611580967e+001    7.66345123258307e-001
 1.06337197258325e+001    7.53483386923901e-001
 1.11660376905317e+001    7.45980707395498e-001
 1.16144421326945e+001    7.29903536977492e-001
 1.18949895070568e+001    6.98821007502680e-001
 1.21337302337870e+001    6.52733118971061e-001
 1.23023678924946e+001    6.12004287245445e-001
 1.24849811307160e+001    5.73419078242229e-001
 1.26816900393598e+001    5.28403001071811e-001
 1.28783689252764e+001    4.85530546623794e-001
 1.31029989702205e+001    4.46945337620579e-001
 1.33416045946782e+001    4.10503751339764e-001
 1.36362626508267e+001    3.71918542336549e-001
 1.39728774682435e+001    3.37620578778135e-001
 1.43375635355964e+001    2.99035369774920e-001
 1.47020994893134e+001    2.71168274383708e-001
 1.51086672611167e+001    2.42229367631297e-001
 1.55572368282790e+001    2.14362272240086e-001
 1.59776600886871e+001    1.96141479099678e-001
 1.64821019511770e+001    1.78992497320472e-001
 1.68885196093443e+001    1.60771704180064e-001
 1.72668660175753e+001    1.46838156484459e-001
 1.76731335621065e+001    1.39335476956056e-001
 1.80513899021559e+001    1.31832797427653e-001
 1.84296462422054e+001    1.24330117899250e-001
 1.87798763664094e+001    1.17899249732047e-001
 1.91440970814907e+001    1.12540192926045e-001
 1.94942971829675e+001    1.08252947481243e-001
 1.99285008751625e+001    1.06109324758842e-001
 2.02366541471894e+001    1.03965702036442e-001
 2.05448074192163e+001    1.01822079314041e-001
 2.08109588958842e+001    9.86066452304394e-002
 2.11611439859974e+001    9.53912111468382e-002
 2.14412710421789e+001    9.43193997856377e-002
 2.18054467231694e+001    9.21757770632369e-002
 2.20995793815919e+001    9.11039657020364e-002
 2.22816672220871e+001    9.00321543408360e-002
