 9.65087956698241e-002    6.31364562118126e-002
 9.16373477672530e-002    1.28309572301426e-001
 8.59539918809202e-002    1.93482688391039e-001
 8.36806495263870e-002    2.66802443991853e-001
 7.81596752368065e-002    3.27902240325866e-001
 8.04330175913396e-002    3.93075356415479e-001
 8.25439783491204e-002    4.64358452138493e-001
 8.49797023004060e-002    5.29531568228106e-001
 8.75778078484439e-002    5.98778004073320e-001
 9.01759133964817e-002    6.63951120162933e-001
 9.03382949932341e-002    7.33197556008147e-001
 9.39106901217862e-002    7.96334012219959e-001
 9.61840324763193e-002    8.67617107942974e-001
 9.74830852503383e-002    9.32790224032587e-001
 9.79702300405954e-002    1.00203665987780e+000
 9.76454668470907e-002    1.06924643584521e+000
 1.00243572395129e-001    1.13441955193483e+000
 1.00730717185386e-001    1.19755600814664e+000
 1.02354533152909e-001    1.27087576374745e+000
 1.00730717185386e-001    1.33604887983707e+000
 9.84573748308525e-002    1.39714867617108e+000
 9.61840324763193e-002    1.46843177189409e+000
 9.39106901217862e-002    1.53767820773931e+000
 9.06630581867388e-002    1.60081466395112e+000
 8.15696887686062e-002    1.67006109979633e+000
 7.89715832205683e-002    1.73523421588595e+000
 7.23139377537212e-002    1.80040733197556e+000
 6.84167794316644e-002    1.87169042769857e+000
 6.28958051420839e-002    1.94093686354379e+000
 5.78619756427605e-002    2.00203665987780e+000
