 9.92038469165179e-002    6.50406504065041e-002
 9.98711084671822e-002    1.34146341463415e-001
 9.37076145151695e-002    1.97154471544715e-001
 9.42107872298235e-002    2.60162601626016e-001
 9.13013087447948e-002    3.31300813008130e-001
 8.96921475312314e-002    4.00406504065041e-001
 8.61302795954789e-002    4.63414634146341e-001
 8.76105492762245e-002    5.32520325203252e-001
 8.87636327582788e-002    5.93495934959350e-001
 8.69918699186992e-002    6.62601626016260e-001
 8.48944080904224e-002    7.29674796747967e-001
 8.52364663890541e-002    7.98780487804878e-001
 8.37889153281777e-002    8.63821138211382e-001
 8.44556811421773e-002    9.30894308943089e-001
 8.39832441007337e-002    9.93902439024390e-001
 8.22124727344834e-002    1.06707317073171e+000
 8.01145151695419e-002    1.13211382113821e+000
 7.96430696014277e-002    1.19918699186992e+000
 8.06345429307952e-002    1.26422764227642e+000
 8.01635930993456e-002    1.33333333333333e+000
 7.66022209002578e-002    1.39837398373984e+000
 7.93842950624628e-002    1.47154471544715e+000
 7.51710291493159e-002    1.53048780487805e+000
 7.42112829664882e-002    1.59552845528455e+000
 7.52037477691850e-002    1.66463414634146e+000
 7.84706523894507e-002    1.72560975609756e+000
 7.63736862978386e-002    1.79471544715447e+000
 7.16755899266310e-002    1.86585365853659e+000
 6.81137219908785e-002    1.92886178861789e+000
 6.69923656553639e-002    1.99796747967480e+000
