 2.00213903743316e+003    7.48085758039816e+002
 2.46417112299465e+003    8.79785604900459e+002
 2.93582887700535e+003    1.00535987748851e+003
 3.41711229946524e+003    1.13705972434916e+003
 3.88877005347594e+003    1.26569678407351e+003
 4.35080213903743e+003    1.39433384379786e+003
 4.82245989304813e+003    1.52603369065850e+003
 5.28449197860963e+003    1.65467075038285e+003
 5.75614973262032e+003    1.78024502297090e+003
 6.22780748663102e+003    1.90888208269525e+003
 6.68983957219251e+003    2.04058192955590e+003
 7.17112299465241e+003    2.16921898928024e+003
 7.63315508021390e+003    2.29785604900459e+003
