 1.00237801837297e-001    7.17554336552107e-002
 1.01369194564765e-001    1.36768340346496e-001
 9.84412233812371e-002    1.99613417463804e-001
 9.71365691418115e-002    2.68604799723045e-001
 9.53449363045512e-002    3.35549245312309e-001
 9.30663248694563e-002    4.00446754231595e-001
 8.88386450653028e-002    4.71369675388815e-001
 8.70473419359625e-002    5.34253218430123e-001
 8.49311116514658e-002    5.99156222481409e-001
 8.36262925580801e-002    6.70178056014628e-001
 8.23221328805345e-002    7.33078084451936e-001
 7.79320719257827e-002    8.03995510477156e-001
 7.61407687964425e-002    8.66879053518464e-001
 7.30499219004365e-002    9.35809989325706e-001
 6.97968587077922e-002    1.00270497872697e+000
 6.84925341762866e-002    1.06763545843826e+000
 6.71882096447809e-002    1.13256593814954e+000
 6.50714847984042e-002    1.20356029602276e+000
 6.50660446177243e-002    1.27056518806402e+000
 6.24623411735129e-002    1.33951260926727e+000
 6.11583463499273e-002    1.40038218643060e+000
 6.00160732610998e-002    1.46937906382184e+000
 5.85492027250360e-002    1.53633449967510e+000
 5.75694756407667e-002    1.60330642092436e+000
 5.70772217162122e-002    1.66623392502167e+000
 5.57725674767865e-002    1.73522530728091e+000
 5.46309538037991e-002    1.79610037957624e+000
 5.34885158610116e-002    1.86712770824146e+000
 5.07225961201621e-002    1.93403918303873e+000
 5.08795370900803e-002    2.00104957021199e+000
