 1.00081190798376e-001    6.57199907587709e-002
 9.30987821380244e-002    1.34589150356997e-001
 9.11502029769959e-002    1.95498751333927e-001
 8.75778078484439e-002    2.62450905970494e-001
 8.18944519621110e-002    3.31364071421499e-001
 7.86468200270636e-002    4.00359747846464e-001
 7.94587280108254e-002    4.69492942561361e-001
 8.64411366711773e-002    5.32737604101346e-001
 9.78078484438430e-002    6.04260866695270e-001
 9.87821380243572e-002    6.67302001166155e-001
 9.61840324763193e-002    7.32254639867102e-001
 9.22868741542625e-002    7.99195793040474e-001
 9.81326116373478e-002    8.70532030760091e-001
 1.03004059539919e-001    9.31672662464108e-001
 1.09336941813261e-001    1.00302540237852e+000
 1.05277401894452e-001    1.06589601416988e+000
 9.50473612990528e-002    1.13872019978657e+000
 9.50473612990528e-002    1.20376085019308e+000
 1.01380243572395e-001    1.27308106978228e+000
 1.17618403247632e-001    1.33663927302331e+000
 1.09012178619756e-001    1.40138838465516e+000
 8.30311231393775e-002    1.46758143833130e+000
 6.82543978349121e-002    1.53415404248765e+000
 6.20838971583221e-002    1.59898566509346e+000
 5.99729364005413e-002    1.67005236696481e+000
 5.62381596752368e-002    1.73699902086978e+000
 5.76995940460081e-002    1.80412169818586e+000
 5.44519621109608e-002    1.86701981363521e+000
 5.44519621109608e-002    1.93612550469212e+000
 5.31529093369418e-002    2.00112214924585e+000
