 1.00653916861023e-001    6.70050761421320e-002
 9.70917821374674e-002    1.34010152284264e-001
 9.38536424749623e-002    1.96954314720812e-001
 8.46158320757305e-002    2.63959390862944e-001
 8.02428865413637e-002    3.30964467005076e-001
 8.12214569899849e-002    4.00000000000000e-001
 8.31725065166690e-002    4.62944162436548e-001
 8.44755659212512e-002    5.34010152284264e-001
 8.48051584579503e-002    5.98984771573604e-001
 8.22159967073673e-002    6.65989847715736e-001
 8.14109480038414e-002    7.37055837563452e-001
 7.70375085745644e-002    7.97969543147208e-001
 8.28807792564138e-002    8.64974619289340e-001
 8.49948141034435e-002    9.38071065989848e-001
 9.61891068733708e-002    1.00101522842640e+000
 1.02681026203869e-001    1.06802030456853e+000
 1.12253861983811e-001    1.13299492385787e+000
 1.19070105638634e-001    1.20000000000000e+000
 1.18913047057209e-001    1.26294416243655e+000
 1.23945836191521e-001    1.33401015228426e+000
 1.11302455755248e-001    1.39898477157360e+000
 9.52539991768418e-002    1.46802030456853e+000
 7.87187268486761e-002    1.53299492385787e+000
 6.78594594594595e-002    1.60203045685279e+000
 6.12162436548223e-002    1.66903553299492e+000
 5.92757305528879e-002    1.73604060913706e+000
 5.65240773768693e-002    1.79898477157360e+000
 5.55567018795445e-002    1.86802030456853e+000
 5.60486212100425e-002    1.93502538071066e+000
 5.34592948278227e-002    2.00000000000000e+000
