 9.86289857889183e-002    6.76405334048701e-002
 9.11848590320369e-002    1.32675085919354e-001
 8.79514170705435e-002    1.99666861476513e-001
 8.50418613054267e-002    2.66653162283901e-001
 8.50471170652056e-002    3.31561795553682e-001
 8.03561872200179e-002    3.98578207484804e-001
 8.52199001679380e-002    4.65433114297720e-001
 8.74926877873388e-002    5.34360213898474e-001
 8.81458801823639e-002    6.01286292458395e-001
 8.87989083348959e-002    6.66183976228636e-001
 9.05853739322527e-002    7.29034103585003e-001
 9.35062624293928e-002    8.02007043265579e-001
 9.48070629746779e-002    8.66893777536281e-001
 9.78895660850201e-002    9.35807190262610e-001
 1.05991648269226e-001    9.96522165208786e-001
 1.13770665469521e-001    1.06738458885314e+000
 1.21063360647772e-001    1.13217004025310e+000
 1.20582951355480e-001    1.19911528043721e+000
 1.27066259527775e-001    1.26797120829096e+000
 1.31443978938638e-001    1.33280593243885e+000
 1.23838237568554e-001    1.40190001190758e+000
 1.03276555615930e-001    1.46512789699806e+000
 9.74523525684104e-002    1.53622026013274e+000
 8.15866919782598e-002    1.59531197177219e+000
 7.34956140410907e-002    1.67049944773462e+000
 6.36221765688922e-002    1.73354666608269e+000
 5.89314109661975e-002    1.80259147280350e+000
 5.73172357440938e-002    1.86752747982213e+000
 5.73223272613796e-002    1.93040771830223e+000
 5.44129357387559e-002    1.99942241389929e+000
