-4.96796505427518e+000   -2.20202894812795e-001
-4.74157112474387e+000   -1.91612985104262e-001
-4.43979784209330e+000   -1.56894472999556e-001
-4.11274458629887e+000   -1.14010631917450e-001
-3.73589899473726e+000   -8.54084404405880e-002
-3.40879456490812e+000   -4.04837788544795e-002
-3.13225008136672e+000   -1.18897752231700e-002
-2.90580497780070e+000    1.87409549893660e-002
-2.55393231517474e+000    5.14227405128457e-002
-2.37789363579235e+000    7.18452742825912e-002
-2.10150267435505e+000    9.43168164018922e-002
-1.90023519586350e+000    1.20863858645034e-001
-1.72409416841170e+000    1.45368033422786e-001
-1.49800728308862e+000    1.61713020107302e-001
-1.32196860370623e+000    1.82135553877047e-001
-1.14592992432384e+000    2.02558087646793e-001
-9.95068870015905e-001    2.18896933447144e-001
-8.19081364668218e-001    2.37278646712887e-001
-6.93295587365335e-001    2.53615445551851e-001
-5.17410430087057e-001    2.67915517809588e-001
-3.66600549813829e-001    2.82213543105936e-001
-1.65230723252868e-001    3.12842226357084e-001
 3.57297110304611e-002    3.27144345576209e-001
 2.87096569497410e-001    3.51654661238125e-001
 4.88312873954258e-001    3.76160882977264e-001
 6.39225102296895e-001    3.94540549281619e-001
 9.65868965813698e-001    4.21097826331702e-001
 1.11678119415633e+000    4.39477492636056e-001
 1.31804867264789e+000    4.66024534879199e-001
 1.51921380307003e+000    4.88489936114335e-001
 1.74524951435841e+000    5.02794102294848e-001
 1.92144171584491e+000    5.29339097576602e-001
 2.12265802030176e+000    5.53845319315742e-001
 2.34889842772896e+000    5.76312767512266e-001
 2.65041584020601e+000    6.00827177096958e-001
 2.77630396557830e+000    6.21245616943928e-001
 3.05274610105030e+000    6.45757979567231e-001
 3.22878478043269e+000    6.66180513336977e-001
 3.42989873682013e+000    6.86605094068111e-001
 3.63116621531168e+000    7.13152136311253e-001
 3.88243072570922e+000    7.33580810965163e-001
 4.08349350806196e+000    7.51964571192294e-001
 4.20943280746895e+000    7.74423831543266e-001
 4.46059496979708e+000    7.90770865189170e-001
 4.66191362232334e+000    8.19358727936315e-001
 4.86297640467608e+000    8.37742488163446e-001
 5.08916563806857e+000    8.58169115855968e-001
 5.26520431745096e+000    8.78591649625713e-001
 5.46626709980370e+000    8.96975409852844e-001
 5.69245633319619e+000    9.17402037545366e-001
 5.89362146361833e+000    9.39867438780502e-001
 6.22031650116984e+000    9.68465536334588e-001
 6.44655690859703e+000    9.90932984531113e-001
 6.74792079896997e+000    1.00932493260380e+000
 6.92406182642177e+000    1.03382910738155e+000
 7.17532633681931e+000    1.05425778203546e+000
 7.52689195523705e+000    1.07469464453492e+000
 7.75308118862954e+000    1.09512127222744e+000
 8.05424038286366e+000    1.10534993828411e+000
 8.25555903538992e+000    1.13393780103126e+000
 8.63225110484741e+000    1.15641753099611e+000
 8.88346444121024e+000    1.17480538514602e+000
 9.13467777757308e+000    1.19319323929593e+000
 9.51116515089176e+000    1.20750968724477e+000
 9.78730024215553e+000    1.21977712684406e+000
 1.00885106104244e+001    1.23204661340473e+000
 1.02644469417373e+001    1.24838750616647e+000
 1.05153532338919e+001    1.25453043729236e+000
 1.08416388791658e+001    1.26680197081442e+000
 1.11177227963949e+001    1.27702858990971e+000
 1.14689813706044e+001    1.28522052938515e+000
 1.18453152218190e+001    1.29341451582199e+000
 1.22217002470682e+001    1.30364932276282e+000
 1.25979317502134e+001    1.30776166819165e+000
 1.30242626333339e+001    1.30983728703925e+000
 1.33502412343996e+001    1.30986389753730e+000
 1.37011927644009e+001    1.30581091398873e+000
 1.40021472624962e+001    1.30787629802939e+000
 1.43781228954678e+001    1.30178454093820e+000
 1.46789238714590e+001    1.29772746346686e+000
 1.52302217473272e+001    1.28348675308938e+000
 1.55559956522540e+001    1.27535008157141e+000
 1.59319712852256e+001    1.26925832448023e+000
 1.62325163910433e+001    1.25499714448886e+000
 1.67335613648320e+001    1.23667069918060e+000
 1.71094346497342e+001    1.22649730108141e+000
 1.74599767874579e+001    1.20611775350082e+000
 1.77855971702806e+001    1.19185862047084e+000
 1.80610669990932e+001    1.17759539351809e+000
 1.83615609308762e+001    1.16129339302273e+000
 1.87121542426345e+001    1.14295466594614e+000
 1.90126481744175e+001    1.12665266545077e+000
 1.93130909321657e+001    1.10830984445140e+000
 1.95886119350131e+001    1.09608743800266e+000
 1.98389553127859e+001    1.07978134358452e+000
 2.00142775556825e+001    1.07163239029822e+000
 2.50142775556825e+001    1.00163239029822e+000
 3.00142775556825e+001    1.00163239029822e+000
 3.50142775556825e+001    1.00163239029822e+000
 4.00142775556825e+001    1.00163239029822e+000
 4.50142775556825e+001    1.00163239029822e+000
 5.00142775556825e+001    1.00163239029822e+000
