Generated by GetData Graph Digitizer 2.22 on December 16 2023, 18:30
from file 'C:\Users\31425\Desktop\2015-Krogstad-Blind Test 3\Fig_18\Fig_18b.jpg'

Line #1
-2.88538201387801e+000    1.15464489434835e+000
-2.66999640609305e+000    1.15450943170195e+000
-2.47515135877328e+000    1.15816047255269e+000
-2.31102039311813e+000    1.15428366062460e+000
-2.19825465134495e+000    1.16175990858575e+000
-2.08535068238156e+000    1.15036814508326e+000
-1.89022918068137e+000    1.11628316300672e+000
-1.82846927209562e+000    1.08605564105163e+000
-1.77691053014735e+000    1.04828736511330e+000
-1.70481122773390e+000    1.00673258567782e+000
-1.66350894329921e+000    9.68970760341697e-001
-1.59135435000968e+000    9.19868776320761e-001
-1.51914446584406e+000    8.63219587714367e-001
-1.47795276316153e+000    8.40552171549158e-001
-1.44701751799257e+000    8.17891205986159e-001
-1.38536819115899e+000    8.02758093201987e-001
-1.30317830386022e+000    7.83838476920667e-001
-1.24161191334077e+000    7.80026171014680e-001
-1.15961554410830e+000    7.87521770782458e-001
-1.10841619285458e+000    7.98810324649594e-001
-1.04698802952533e+000    8.13866030207249e-001
-9.75248117806427e-001    8.21368080577237e-001
-9.13709372725011e-001    8.21329376963978e-001
-8.41775942939816e-001    8.02416211284868e-001
-8.10813052332814e-001    7.75981643429140e-001
-7.89996037487214e-001    7.34459117004709e-001
-7.79380189279099e-001    6.85395836597031e-001
-7.48279071481888e-001    6.40093257277662e-001
-7.37746159587899e-001    6.02350783748168e-001
-7.06672687228729e-001    5.60821806721527e-001
-6.96056839020614e-001    5.11758526313849e-001
-6.64845139471235e-001    4.51361537823567e-001
-6.43917542873467e-001    3.94744602228222e-001
-6.12733488762129e-001    3.38121216030668e-001
-6.02089995115973e-001    2.85284333330262e-001
-5.70878295566593e-001    2.24887344839979e-001
-5.39721886893298e-001    1.72037560935153e-001
-5.19015453799866e-001    1.45609443681635e-001
-4.98309020706433e-001    1.19181326428117e-001
-4.67401420975516e-001    1.00293963157846e-001
-4.36770275625017e-001    1.19142622814858e-001
-3.85709151561506e-001    1.49299188145636e-001
-3.65389754600662e-001    1.75701502990315e-001
-3.34841545564290e-001    2.05870969525512e-001
-3.14577439479529e-001    2.39820488955647e-001
-2.73800418367629e-001    2.73757107181363e-001
-2.43390436521467e-001    3.22794585180202e-001
-2.23236912188874e-001    3.71838513781251e-001
-1.92771639466627e-001    4.13328787194633e-001
-1.52049909230812e-001    4.54812610005806e-001
-1.31841094022135e-001    4.96309334021398e-001
-1.01569339366182e-001    5.64214823483878e-001
-7.11040666439362e-002    6.05705096897260e-001
-2.04852695890967e-002    6.96239298911691e-001
 2.01535243325930e-002    7.49043928601049e-001
 6.08752545684088e-002    7.90527751412221e-001
 1.22026963517237e-001    8.43319479897159e-001
 1.93601002607886e-001    8.73463144023517e-001
 2.65368559764830e-001    8.77191592100777e-001
 3.37163762359814e-001    8.77146437885308e-001
 3.88280177299410e-001    8.99755798630629e-001
 4.39368946800962e-001    9.26138761668679e-001
 5.21420606909516e-001    9.26087156851000e-001
 5.93464618446879e-001    8.92079582000977e-001
 6.45051005833187e-001    8.50537703769916e-001
 7.17399117189012e-001    7.75020503699881e-001
 7.48527880424265e-001    7.25944322087783e-001
 8.20737764589880e-001    6.69295133481390e-001
 8.41554779435480e-001    6.27772607056959e-001
 8.82967645622345e-001    5.74916372549923e-001
 9.34554033008653e-001    5.33374494318862e-001
 9.86168065833003e-001    4.88059013795074e-001
 1.05837794999862e+000    4.31409825188680e-001
 1.11007491913709e+000    3.74773537786706e-001
 1.19254126081628e+000    3.18117898578103e-001
 1.24401706645042e+000    2.91670429517956e-001
 1.28545757807532e+000    2.35040592718192e-001
 1.35703161716597e+000    2.65184256844550e-001
 1.37721278693661e+000    3.10454583152870e-001
 1.39731102039312e+000    3.67045716339375e-001
 1.40706986002193e+000    4.34964107006275e-001
 1.42714044804040e+000    4.95328842485509e-001
 1.45727397550614e+000    5.82102343411631e-001
 1.46730926951538e+000    6.12284711151248e-001
 1.47648755494531e+000    7.59448749965443e-001
 1.48608052194587e+000    8.50008754388713e-001
 1.51632463116378e+000    9.21687846143922e-001
 1.52616640710672e+000    9.78285429932637e-001
 1.52600053447847e+000    1.00092704368901e+000
 1.54584995899260e+000    1.09148059751007e+000
 1.56594819244911e+000    1.14807173069657e+000
 1.61695402563654e+000    1.18577550061281e+000
 1.64764046186312e+000    1.19707695568436e+000
 1.73994857948524e+000    1.19701890026447e+000
 1.83225669710737e+000    1.19696084484459e+000
 1.92467539648166e+000    1.18180838025379e+000
 2.03752407456896e+000    1.17796382133675e+000
 2.14011629514270e+000    1.17412571302192e+000
 2.23245205820286e+000    1.17029405530931e+000
 2.36581365131731e+000    1.16643659518785e+000
 2.52994461697246e+000    1.16255978325977e+000
 2.66330621008690e+000    1.15870232313831e+000
 2.74533022475741e+000    1.16242432061336e+000
 2.83763834237954e+000    1.16236626519347e+000
 2.90946119041256e+000    1.15854750868528e+000
