Generated by GetData Graph Digitizer 2.22 on December 16 2023, 18:26
from file 'C:\Users\31425\Desktop\2015-Krogstad-Blind Test 3\Fig_18\Fig_18a.jpg'

Line #1
-2.83333333333333e+000    1.15758238553514e+000
-2.66666666666667e+000    1.15768445610965e+000
-2.46875000000000e+000    1.15780566491689e+000
-2.32291666666667e+000    1.15789497666958e+000
-2.20833333333333e+000    1.15796515018956e+000
-2.09375000000000e+000    1.16170986439195e+000
-1.96875000000000e+000    1.15443733595801e+000
-1.89583333333333e+000    1.13610928842228e+000
-1.78125000000000e+000    1.08841043307087e+000
-1.70833333333333e+000    1.04068606007582e+000
-1.65625000000000e+000    9.85599846894138e-001
-1.61458333333333e+000    9.30507254301546e-001
-1.58333333333333e+000    8.90106445027705e-001
-1.53125000000000e+000    8.42369313210849e-001
-1.46875000000000e+000    7.94638560804899e-001
-1.41666666666667e+000    7.61599591717702e-001
-1.35416666666667e+000    7.50614246135900e-001
-1.27083333333333e+000    7.43316200058326e-001
-1.17708333333333e+000    7.54397236803733e-001
-1.13541666666667e+000    7.76469998541849e-001
-1.05208333333333e+000    8.09591899970837e-001
-1.00000000000000e+000    8.42694663167104e-001
-9.47916666666667e-001    8.75797426363371e-001
-9.06250000000000e-001    8.83172025371828e-001
-8.75000000000000e-001    8.61143919510061e-001
-8.12500000000000e-001    8.17087707786527e-001
-7.91666666666667e-001    7.69331437736950e-001
-7.70833333333333e-001    7.17900627004958e-001
-7.60416666666667e-001    6.73812518226888e-001
-7.39583333333333e-001    6.48103492271799e-001
-7.08333333333333e-001    5.93004520268300e-001
-6.87500000000000e-001    5.26875546806649e-001
-6.56250000000000e-001    4.49729330708661e-001
-6.56250000000000e-001    3.90936679790026e-001
-6.14583333333333e-001    3.32169546515019e-001
-6.04166666666667e-001    2.91755978419364e-001
-5.72916666666667e-001    2.40331547098279e-001
-5.41666666666667e-001    1.85232575094780e-001
-5.20833333333333e-001    1.44825386410032e-001
-4.79166666666667e-001    1.08105497229513e-001
-4.27083333333333e-001    8.97646908719743e-002
-3.85416666666667e-001    1.15511993292505e-001
-3.54166666666667e-001    1.55951079031788e-001
-3.33333333333333e-001    1.89034703995334e-001
-2.91666666666667e-001    2.36829250510353e-001
-2.70833333333333e-001    2.73587416156314e-001
-2.50000000000000e-001    3.06671041119860e-001
-2.29166666666667e-001    3.43429206765821e-001
-1.97916666666667e-001    3.80193751822689e-001
-1.77083333333333e-001    4.16951917468650e-001
-1.56250000000000e-001    4.50035542432196e-001
-9.37500000000000e-002    5.38262795275591e-001
-7.29166666666670e-002    5.86044582968795e-001
-3.12500000000000e-002    6.74259076990376e-001
 1.04166666666670e-002    7.58799030329542e-001
 4.16666666666665e-002    7.99238116068825e-001
 6.25000000000000e-002    8.32321741032371e-001
 9.37500000000000e-002    8.61737204724410e-001
 1.35416666666667e-001    8.80135425780111e-001
 1.66666666666667e-001    8.83829104695246e-001
 1.97916666666667e-001    8.69150080198309e-001
 2.39583333333333e-001    8.50802894429863e-001
 2.70833333333333e-001    8.39798410615340e-001
 3.02083333333333e-001    8.54515711577719e-001
 3.43750000000000e-001    8.72913932633421e-001
 3.85416666666667e-001    8.94986694371537e-001
 4.06250000000000e-001    9.13372156605424e-001
 4.27083333333333e-001    9.28083078156897e-001
 4.68750000000000e-001    9.42806758530184e-001
 5.20833333333333e-001    9.31815033537474e-001
 5.72916666666667e-001    9.09799686497521e-001
 6.25000000000000e-001    8.73086176727909e-001
 6.56250000000000e-001    8.17987204724409e-001
 6.87500000000000e-001    7.73911854768154e-001
 7.08333333333333e-001    7.48202828813065e-001
 7.39583333333333e-001    7.22500182268883e-001
 7.91666666666667e-001    6.78437591134441e-001
 8.22916666666667e-001    6.45385863225430e-001
 8.54166666666667e-001    6.19683216681248e-001
 8.85416666666667e-001    5.82956948089822e-001
 9.16666666666667e-001    5.49905220180811e-001
 9.58333333333333e-001    5.27883493729950e-001
 1.00000000000000e+000    4.83814523184602e-001
 1.03125000000000e+000    4.58111876640420e-001
 1.06250000000000e+000    4.21385608048994e-001
 1.11458333333333e+000    3.80997557596967e-001
 1.16666666666667e+000    3.40609507144940e-001
 1.20833333333333e+000    3.14913240011665e-001
 1.22916666666667e+000    2.92878754738991e-001
 1.26041666666667e+000    2.70850648877224e-001
 1.29166666666667e+000    2.45148002333042e-001
 1.32291666666667e+000    2.23119896471274e-001
 1.35416666666667e+000    1.97417249927092e-001
 1.38541666666667e+000    2.34181794983960e-001
 1.40625000000000e+000    2.63590879265092e-001
 1.43750000000000e+000    3.00355424321960e-001
 1.43750000000000e+000    3.44449912510936e-001
 1.45833333333333e+000    4.21628025663459e-001
 1.46875000000000e+000    5.09823381452318e-001
 1.46875000000000e+000    5.53917869641295e-001
 1.47916666666667e+000    6.42113225430154e-001
 1.47916666666667e+000    6.82533172936716e-001
 1.47916666666667e+000    7.15604039078448e-001
 1.48958333333333e+000    7.48681284631088e-001
 1.48958333333333e+000    7.85426691455235e-001
 1.50000000000000e+000    8.44225721784777e-001
 1.51041666666667e+000    8.77302967337416e-001
 1.51041666666667e+000    9.25071996208807e-001
 1.51041666666667e+000    9.61817403032954e-001
 1.52083333333333e+000    1.02796551472733e+000
 1.53125000000000e+000    1.07206638232721e+000
 1.53125000000000e+000    1.11248632983377e+000
 1.53125000000000e+000    1.13085903324584e+000
 1.55208333333333e+000    1.16761719889181e+000
 1.56250000000000e+000    1.19701990376203e+000
 1.60416666666667e+000    1.20806904345290e+000
 1.65625000000000e+000    1.21177548118985e+000
 1.73958333333333e+000    1.20447743511228e+000
 1.80208333333333e+000    1.20084117089530e+000
 1.88541666666667e+000    1.19354312481773e+000
 1.94791666666667e+000    1.18990686060076e+000
 2.05208333333333e+000    1.18629611402741e+000
 2.12500000000000e+000    1.18266622922135e+000
 2.26041666666667e+000    1.17907462088072e+000
 2.32291666666667e+000    1.17911289734617e+000
 2.39583333333333e+000    1.17548301254010e+000
 2.46875000000000e+000    1.17185312773403e+000
 2.53125000000000e+000    1.17189140419948e+000
 2.62500000000000e+000    1.16827427821522e+000
 2.71875000000000e+000    1.16833169291339e+000
 2.78125000000000e+000    1.16836996937883e+000
 2.87500000000000e+000    1.16842738407699e+000
 2.90625000000000e+000    1.16477198162730e+000
