Generated by GetData Graph Digitizer 2.22 on December 16 2023, 18:28
from file 'C:\Users\31425\Desktop\2015-Krogstad-Blind Test 3\Fig_18\Fig_18b.jpg'

Line #1
-2.57854529705023e+000    1.27143304735664e+000
-2.47578720384824e+000    1.24495332528544e+000
-2.35251619561912e+000    1.21846070200982e+000
-2.23950164490356e+000    1.19197452933642e+000
-2.13679884257766e+000    1.17304201185068e+000
-2.01336196172028e+000    1.12390777481869e+000
-1.90012624750039e+000    1.06723278380346e+000
-1.79717463623211e+000    1.01433784568316e+000
-1.69414008864970e+000    9.50122100684685e-001
-1.58101495618198e+000    9.08541518840366e-001
-1.48859625680769e+000    8.93389054249565e-001
-1.42694692997411e+000    8.78255941465392e-001
-1.33463881235198e+000    8.78197886045504e-001
-1.25267008855755e+000    8.89467088106011e-001
-1.12956495295668e+000    8.85616078586765e-001
-1.01663333855525e+000    8.70450712791544e-001
-9.54956366283624e-001    8.51543997714644e-001
-9.24048766552706e-001    8.32656634444373e-001
-9.03342333459273e-001    8.06228517190855e-001
-8.62122985338702e-001    7.79787498732917e-001
-8.10481307076311e-001    7.30698415916400e-001
-7.58784337937835e-001    6.74062128514426e-001
-7.27738511016707e-001    6.36306753780514e-001
-6.55500981413050e-001    5.75883962881392e-001
-6.24427509053881e-001    5.34354985854751e-001
-5.72896412543657e-001    5.00360312209147e-001
-5.41822940184487e-001    4.58831335182506e-001
-4.90347134550347e-001    4.32383866122359e-001
-4.28725453154805e-001    4.21024355630915e-001
-3.97762562547804e-001    3.94589787775187e-001
-3.05454444925680e-001    3.94531732355299e-001
-2.64594487499654e-001    4.17147543702830e-001
-2.23706884635587e-001    4.35989752757632e-001
-1.21833445450943e-001    5.30265304053743e-001
 3.87036132587504e-004    6.47169567901803e-001
 1.02149893565064e-001    7.56539528368827e-001
 2.24785056719224e-001    8.16839757825963e-001
 2.96497323000083e-001    8.28115410488679e-001
 3.47917837758140e-001    8.09215146013989e-001
 3.68568979975488e-001    7.90334233345927e-001
 4.30328888561239e-001    7.60106711390842e-001
 4.81472948938876e-001    7.78942469843435e-001
 5.42845821392040e-001    8.01545379986546e-001
 5.83678133380023e-001    8.27934793626805e-001
 6.45106296709272e-001    8.42990499184460e-001
 6.76041541878231e-001    8.20329533621460e-001
 7.69179022641613e-001    7.07063409419722e-001
 9.03397624335358e-001    5.86224278223689e-001
 1.00676391717427e+000    4.76725305712469e-001
 1.09965258899527e+000    3.97421602145286e-001
 1.18187012173208e+000    3.74728383571238e-001
 1.27409530304008e+000    3.85991135029534e-001
 1.30461586663841e+000    4.19934203857460e-001
 1.34530995143618e+000    4.65191628961361e-001
 1.37549876977801e+000    5.44417925302026e-001
 1.42620050314697e+000    6.23631320438272e-001
 1.46659048812628e+000    7.10398370762185e-001
 1.52735516094253e+000    8.16020531345319e-001
 1.57775279449303e+000    9.36743551701577e-001
 1.60772044933052e+000    1.04615866638407e+000
 1.64802749799571e+000    1.14424652358617e+000
 1.69878452224076e+000    1.21591271413696e+000
 1.73947860703853e+000    1.26117013924086e+000
 1.82144733083296e+000    1.27243934130136e+000
 1.91378309389312e+000    1.26860768358875e+000
 2.00611885695329e+000    1.26477602587613e+000
 2.12922399255416e+000    1.26092501635688e+000
 2.24207267064147e+000    1.25708045743985e+000
 2.34449901858695e+000    1.27588396288139e+000
 2.46743828155957e+000    1.29467456711852e+000
