Generated by GetData Graph Digitizer 2.22 on December 16 2023, 18:24
from file 'C:\Users\31425\Desktop\2015-Krogstad-Blind Test 3\Fig_18\Fig_18a.jpg'

Line #1
-2.68750000000000e+000    1.28260608048994e+000
-2.58333333333333e+000    1.26429717118693e+000
-2.46875000000000e+000    1.26069280402450e+000
-2.35416666666667e+000    1.26443751822689e+000
-2.23958333333333e+000    1.26083315106445e+000
-2.13541666666667e+000    1.25354786380869e+000
-2.01041666666667e+000    1.23892625400992e+000
-1.90625000000000e+000    1.18754647856518e+000
-1.79166666666667e+000    1.08472951297754e+000
-1.67708333333333e+000    9.74563466025080e-001
-1.57291666666667e+000    9.04810987168271e-001
-1.51041666666667e+000    8.82802019539224e-001
-1.44791666666667e+000    8.68142133275007e-001
-1.38541666666667e+000    8.60831328375620e-001
-1.30208333333333e+000    8.64556904345290e-001
-1.20833333333333e+000    8.64614319043453e-001
-1.13541666666667e+000    8.60984434237387e-001
-1.03125000000000e+000    8.57373687664042e-001
-9.47916666666667e-001    8.53750182268883e-001
-8.64583333333333e-001    8.46452136191309e-001
-8.12500000000000e-001    8.31785870516185e-001
-7.60416666666667e-001    8.06095982793817e-001
-7.29166666666667e-001    7.76718795567221e-001
-6.77083333333333e-001    7.40005285797609e-001
-6.25000000000000e-001    6.92268153980752e-001
-5.72916666666667e-001    6.48205562846311e-001
-5.41666666666667e-001    6.04130212890055e-001
-5.00000000000000e-001    5.45363079615048e-001
-4.47916666666667e-001    5.08649569845436e-001
-4.06250000000000e-001    4.75604221347331e-001
-3.64583333333333e-001    4.38884332166812e-001
-3.02083333333333e-001    4.27898986585010e-001
-2.18750000000000e-001    4.24275481189851e-001
-1.14583333333333e-001    4.90481007582386e-001
 0.00000000000000e+000    6.26509186351706e-001
 1.04166666666667e-001    7.58856445027705e-001
 2.18750000000000e-001    7.95672025371828e-001
 2.81250000000000e-001    7.73663057742782e-001
 3.43750000000000e-001    7.44305008748906e-001
 4.58333333333333e-001    7.33351560221639e-001
 4.68750000000000e-001    7.66428805774278e-001
 5.31250000000000e-001    7.95863407699038e-001
 5.93750000000000e-001    8.10599846894138e-001
 6.35416666666667e-001    8.14299905220181e-001
 6.77083333333333e-001    7.88603638086906e-001
 7.91666666666667e-001    6.93135753864100e-001
 8.95833333333333e-001    5.97661490230388e-001
 1.01041666666667e+000    5.09542687372412e-001
 1.12500000000000e+000    4.43471128608924e-001
 1.16666666666667e+000    4.17774861475649e-001
 1.21875000000000e+000    3.73712270341207e-001
 1.30208333333333e+000    3.88461468358122e-001
 1.35416666666667e+000    4.32587853601633e-001
 1.38541666666667e+000    4.95074183435404e-001
 1.43750000000000e+000    6.12691382327209e-001
 1.50000000000000e+000    8.29527559055118e-001
 1.52083333333333e+000    1.00224372995042e+000
 1.57291666666667e+000    1.14925725430155e+000
 1.61458333333333e+000    1.27054261446486e+000
 1.66666666666667e+000    1.29997083697871e+000
 1.70833333333333e+000    1.32571813939924e+000
 1.78125000000000e+000    1.30739009186352e+000
 1.86458333333333e+000    1.30009204578594e+000
 1.94791666666667e+000    1.29646854039078e+000
 2.01041666666667e+000    1.29283227617381e+000
 2.13541666666667e+000    1.29658336978711e+000
 2.23958333333333e+000    1.30399624526101e+000
 2.36458333333333e+000    1.30774733887431e+000
 2.46875000000000e+000    1.31148567366579e+000
 2.58333333333333e+000    1.32257946923301e+000
 2.67708333333333e+000    1.32998596529600e+000
