 1.49141940719459e+000    6.59064222944427e-002
 1.67966232700625e+000    1.28499904187089e-001
 1.78093953240727e+000    1.97418324315774e-001
 1.85388183760162e+000    2.58270454770518e-001
 1.92279511341291e+000    3.27271183977509e-001
 1.98968564362484e+000    3.96277057501894e-001
 2.02421224424705e+000    4.65365240104584e-001
 2.05872649850750e+000    5.28349690119181e-001
 2.11347232421546e+000    5.93317274489201e-001
 2.17024501097669e+000    6.60314292071192e-001
 2.19061239240339e+000    7.29438484895641e-001
 2.22108527091905e+000    7.94467801074391e-001
 2.23942579129247e+000    8.61562560686869e-001
 2.25979728817309e+000    9.32721331040683e-001
 2.30240252483098e+000    9.95685203785703e-001
 2.31669343855177e+000    1.06075567450361e+000
 2.33504218983303e+000    1.13191958917481e+000
 2.35337859475254e+000    1.19697977125793e+000
 2.36767362392725e+000    1.26408481950519e+000
 2.38398728324740e+000    1.32915014590570e+000
 2.39828231242211e+000    1.39625519415297e+000
 2.41055871145138e+000    1.46539996424699e+000
 2.41878138837410e+000    1.53048586791708e+000
 2.43914465434688e+000    1.59757548321216e+000
 2.43119359738257e+000    1.66677169648013e+000
 2.45964373029887e+000    1.73180615697627e+000
 2.44562443653649e+000    1.80101780319642e+000
 2.48013869079694e+000    1.86400225321102e+000
 2.47825587063071e+000    1.93318303352680e+000
 2.48243717180863e+000    2.00031380336104e+000
