 1.41522842639594e+000    6.35189077257541e-002
 1.58375634517766e+000    1.30017402440473e-001
 1.66091370558376e+000    1.94829874361609e-001
 1.67309644670051e+000    2.59890214871082e-001
 1.65685279187817e+000    3.31162761875746e-001
 1.60203045685279e+000    3.94444128871010e-001
 1.53299492385787e+000    4.59814305115904e-001
 1.45786802030457e+000    5.31311483028748e-001
 1.37461928934010e+000    5.98770468523271e-001
 1.27512690355330e+000    6.62222245173017e-001
 1.21827411167513e+000    7.29580534053529e-001
 1.18172588832487e+000    7.94826776004255e-001
 1.19796954314721e+000    8.63940800718819e-001
 1.23654822335025e+000    9.28900444614280e-001
 1.33401015228426e+000    9.99739221589354e-001
 1.45786802030457e+000    1.06233894996669e+000
 1.57969543147208e+000    1.12901560022928e+000
 1.69949238578680e+000    1.19773458438118e+000
 1.87817258883249e+000    1.26419434962897e+000
 2.05888324873096e+000    1.33064636898338e+000
 2.25989847715736e+000    1.39498634140800e+000
 2.36142131979695e+000    1.46174045060444e+000
 2.39593908629442e+000    1.53281935027446e+000
 2.42639593908629e+000    1.59577538974754e+000
 2.43857868020305e+000    1.66287031825294e+000
 2.44467005076142e+000    1.72998848443850e+000
 2.45685279187817e+000    1.79504882494797e+000
 2.47512690355330e+000    1.86212051577322e+000
 2.47106598984772e+000    1.92927741142571e+000
 2.49137055837563e+000    1.99227218036571e+000
