 1.47614213197970e+000    6.76131825092118e-002
 1.60609137055838e+000    1.30722255147002e-001
 1.71776649746193e+000    1.99899507846118e-001
 1.72791878172589e+000    2.64887010744930e-001
 1.69137055837563e+000    3.29815249040171e-001
 1.65888324873096e+000    3.98809554484784e-001
 1.59187817258883e+000    4.65729598804401e-001
 1.53096446700508e+000    5.30626916436909e-001
 1.44568527918782e+000    5.99554227112268e-001
 1.38274111675127e+000    6.68509881728465e-001
 1.34619289340102e+000    7.33438120023706e-001
 1.33401015228426e+000    8.00427735834471e-001
 1.32588832487310e+000    8.65392048236234e-001
 1.34822335025381e+000    9.32425468319204e-001
 1.40507614213198e+000    9.97472235821588e-001
 1.51878172588832e+000    1.06665206524260e+000
 1.60812182741117e+000    1.13174006029529e+000
 1.74416243654822e+000    1.20297869050993e+000
 1.90862944162437e+000    1.26816202427272e+000
 2.08527918781726e+000    1.33742173207246e+000
 2.21319796954315e+000    1.40458914169394e+000
 2.32893401015228e+000    1.46768017727847e+000
 2.40812182741117e+000    1.53478574557448e+000
 2.41624365482233e+000    1.59977067175140e+000
 2.45076142131980e+000    1.66681955216573e+000
 2.44060913705584e+000    1.73178128784560e+000
 2.46497461928934e+000    1.80084774150326e+000
 2.47309644670051e+000    1.86989358138576e+000
 2.48121827411167e+000    1.93690896441547e+000
 2.49746192893401e+000    2.00190419747997e+000
