 1.46355896109578e+000    6.49746192893401e-002
 1.63383322717827e+000    1.31979695431472e-001
 1.71893844936403e+000    1.96954314720812e-001
 1.73508945976723e+000    2.68020304568528e-001
 1.72691616323432e+000    3.28934010152284e-001
 1.68426061389795e+000    3.97969543147208e-001
 1.65174654030997e+000    4.64974619289340e-001
 1.62734194154395e+000    5.34010152284264e-001
 1.59685781011754e+000    5.98984771573604e-001
 1.56637161992627e+000    6.65989847715736e-001
 1.55414049783508e+000    7.28934010152284e-001
 1.53581749049430e+000    8.00000000000000e-001
 1.56819774436574e+000    8.64974619289340e-001
 1.59043652248879e+000    9.31979695431472e-001
 1.67148597788114e+000    9.96954314720812e-001
 1.72413683066016e+000    1.07005076142132e+000
 1.78085168529206e+000    1.13502538071066e+000
 1.87204055766793e+000    1.20000000000000e+000
 1.99161979759768e+000    1.26497461928934e+000
 2.08888820263393e+000    1.33401015228426e+000
 2.16791183339445e+000    1.39695431472081e+000
 2.30168008080652e+000    1.46802030456853e+000
 2.33000250911969e+000    1.53502538071066e+000
 2.39483095610327e+000    1.59796954314721e+000
 2.41504185082962e+000    1.66497461928934e+000
 2.43119903752742e+000    1.72994923857868e+000
 2.46763094066254e+000    1.79898477157360e+000
 2.47973030180206e+000    1.86598984771574e+000
 2.48777801367792e+000    1.92893401015228e+000
 2.49176584123063e+000    1.99593908629442e+000
