Generated by GetData Graph Digitizer 2.22 on December 14 2023, 09:51
from file 'C:\Users\31425\Desktop\¿ÙÍ¼Í¼Æ¬\11\11.jpg'

Line #1
-4.11668563446396e-001    7.20385906040268e-002
-3.22892181367596e-001    7.18148993288591e-002
-2.34115799288796e-001    7.15912080536913e-002
-1.45396143332731e-001    7.18148993288591e-002
-5.67615765607661e-002    7.27096644295302e-002
-6.07678589788585e-003    7.29333557046980e-002
 3.20431685794005e-002    7.22622818791946e-002
 1.20734461474099e-001    7.27096644295302e-002
 2.15764898584329e-001    7.31570469798658e-002
 3.04456191479027e-001    7.36044295302013e-002
 3.99458265527890e-001    7.42755033557047e-002
 4.88177921483955e-001    7.44991946308725e-002
 5.70842063838160e-001    7.24859731543624e-002
 6.53676384560568e-001    6.91306040268456e-002
 7.55528137929567e-001    6.57752348993289e-002
 8.44389609192468e-001    6.48804697986577e-002
 9.26486490319333e-001    6.73410738255033e-002
 1.01531959852087e+000    6.66700000000000e-002
 1.19525485983330e+000    4.74325503355705e-002
 1.28567629947138e+000    3.42347651006711e-002
 1.37606937604810e+000    2.12606711409396e-002
 1.46581010221338e+000    1.34314765100671e-002
 1.56200342483966e+000    4.70751677852349e-003
 2.00571515686546e+000    4.93120805369128e-003
