Generated by GetData Graph Digitizer 2.22 on December 14 2023, 09:54
from file 'C:\Users\31425\Desktop\¿ÙÍ¼Í¼Æ¬\12\12.jpg'

Line #1
-6.68750000000000e-001    8.72769129464286e-002
-6.00000000000000e-001    8.63840647321429e-002
-5.31250000000000e-001    8.59376406250000e-002
-4.68750000000000e-001    8.57144285714286e-002
-4.00000000000000e-001    8.63840647321429e-002
-3.31250000000000e-001    8.63840647321429e-002
-2.62500000000000e-001    8.61608526785714e-002
-2.00000000000000e-001    8.57144285714286e-002
-1.37500000000000e-001    8.43751562500000e-002
-6.87500000000001e-002    8.34823080357143e-002
 6.25000000000009e-003    8.37055200892857e-002
 6.87500000000001e-002    8.39287321428571e-002
 1.37500000000000e-001    8.43751562500000e-002
 2.00000000000000e-001    8.45983683035714e-002
 2.68750000000000e-001    8.45983683035714e-002
 3.31250000000000e-001    8.45983683035714e-002
 4.06250000000000e-001    8.43751562500000e-002
 4.68750000000000e-001    8.43751562500000e-002
 5.31250000000000e-001    8.50447924107143e-002
 6.06250000000000e-001    8.61608526785714e-002
 6.68750000000000e-001    8.70537008928571e-002
 7.31250000000000e-001    8.88393973214286e-002
 8.00000000000000e-001    8.99554575892857e-002
 8.43750000000000e-001    9.06250937500000e-002
 8.93750000000000e-001    9.10715178571429e-002
 9.25000000000000e-001    9.15179419642857e-002
 9.81250000000000e-001    9.19643660714286e-002
 1.03125000000000e+000    9.19643660714286e-002
 1.08125000000000e+000    9.19643660714286e-002
 1.12500000000000e+000    9.19643660714286e-002
 1.16250000000000e+000    9.17411540178572e-002
 1.20625000000000e+000    9.10715178571429e-002
 1.24375000000000e+000    9.06250937500000e-002
 1.28750000000000e+000    8.97322455357143e-002
 1.33750000000000e+000    8.88393973214286e-002
 1.37500000000000e+000    8.72769129464286e-002
 1.42500000000000e+000    8.57144285714286e-002
 1.49375000000000e+000    8.23662477678571e-002
 1.55625000000000e+000    7.79020066964286e-002
 1.66875000000000e+000    6.80806763392857e-002
 1.77500000000000e+000    5.78129218750000e-002
 2.00625000000000e+000    4.12952299107143e-002
