Generated by GetData Graph Digitizer 2.22 on December 14 2023, 09:52
from file 'C:\Users\31425\Desktop\¿ÙÍ¼Í¼Æ¬\11\11.jpg'

Line #1
-1.90522483044207e+000    2.47060402684564e-003
-1.79743101571668e+000    2.24691275167785e-003
-1.68332641983713e+000    2.24691275167785e-003
-1.56919346089620e+000    2.02322147651007e-003
-1.46139964617081e+000    1.79953020134228e-003
-1.34732341335262e+000    2.02322147651007e-003
-1.23358753727084e+000    4.93120805369128e-003
-1.12087273139826e+000    1.58920805369128e-002
-1.00725030756195e+000    1.96948322147651e-002
-8.98463785688708e-001    1.16419463087248e-002
-7.84245737563684e-001    1.07471812080537e-002
-6.70566587604633e-001    1.41025503355705e-002
-5.57284520504721e-001    2.05895973154362e-002
-4.50795406602212e-001    3.06557046979866e-002
-3.43824120656463e-001    3.69190604026846e-002
-2.30230059881513e-001    4.09455033557047e-002
-1.16777814413399e-001    4.60904026845638e-002
 1.10835753057006e-001    5.07879194630873e-002
 2.19281918193840e-001    4.54193288590604e-002
 3.26905554551030e-001    4.65377852348993e-002
 4.40357800019145e-001    5.16826845637584e-002
 5.54660937328271e-001    5.01168456375839e-002
 6.64411803287988e-001    3.44584563758389e-002
 8.94464594035957e-001    1.99185234899329e-002
 1.00180459977948e+000    2.32738926174497e-002
 1.11678845056141e+000    1.63394630872483e-002
 1.23225447338658e+000    5.60228187919463e-003
 1.33390768532602e+000    3.81275167785235e-003
 1.45446487766657e+000    2.91798657718121e-003
 1.56856947354613e+000    2.91798657718121e-003
 1.68258898024158e+000    3.58906040268456e-003
 1.79038279496697e+000    3.36536912751678e-003
 1.90457248003063e+000    2.69429530201342e-003
