Generated by GetData Graph Digitizer 2.22 on December 14 2023, 09:56
from file 'C:\Users\31425\Desktop\¿ÙÍ¼Í¼Æ¬\12\12.jpg'

Line #1
-1.79375000000000e+000    3.03578392857143e-002
-1.68125000000000e+000    3.43756562500000e-002
-1.56875000000000e+000    3.90631093750000e-002
-1.45625000000000e+000    4.46434107142857e-002
-1.34375000000000e+000    4.79915915178571e-002
-1.22500000000000e+000    5.95986183035714e-002
-1.11875000000000e+000    6.71878281250000e-002
-1.01250000000000e+000    6.33932232142857e-002
-8.93750000000000e-001    6.13843147321429e-002
-7.81250000000000e-001    6.45092834821429e-002
-6.68750000000000e-001    6.29467991071429e-002
-5.56250000000000e-001    6.02682544642857e-002
-4.50000000000000e-001    5.60272254464286e-002
-3.31250000000000e-001    5.13397723214286e-002
-2.18750000000000e-001    5.42415290178572e-002
-1.12500000000000e-001    5.87057700892857e-002
 6.25000000000009e-003    6.60717678571429e-002
 1.12500000000000e-001    7.38841897321429e-002
 2.31250000000000e-001    7.34377656250000e-002
 3.37500000000000e-001    6.74110401785714e-002
 4.50000000000000e-001    6.42860714285714e-002
 5.62500000000000e-001    6.96431607142857e-002
 6.68750000000000e-001    7.16520691964286e-002
 7.81250000000000e-001    7.14288571428572e-002
 8.93750000000000e-001    6.67414040178572e-002
 1.11875000000000e+000    6.98663727678571e-002
 1.23125000000000e+000    6.25003750000000e-002
 1.33750000000000e+000    5.37951049107143e-002
 1.45625000000000e+000    5.02237120535714e-002
 1.56875000000000e+000    4.46434107142857e-002
 1.67500000000000e+000    3.95095334821429e-002
 1.79375000000000e+000    3.48220803571429e-002
 1.90625000000000e+000    3.08042633928571e-002
