Generated by GetData Graph Digitizer 2.26.0.20 on April 07 2022, 13:21
from file 'C:\Users\Li Hang\Documents\Projects\floris\floris\utils\data\baselines\LP_2019\Fig_8\a\yaw_30.jpg'

Line #1
 3.03921568627451e+000    5.86087204267407e-001
 3.33660130718954e+000    5.49705078405985e-001
 3.64379084967320e+000    5.13318721244792e-001
 3.94117647058824e+000    4.81468317437751e-001
 4.22875816993464e+000    4.29984682694830e-001
 4.52287581699346e+000    3.87561671194157e-001
 4.82352941176471e+000    3.42114690790717e-001
 5.13071895424837e+000    3.16302351756413e-001
 5.43137254901961e+000    3.01066851715510e-001
 5.72222222222222e+000    2.79793286901871e-001
 6.02941176470588e+000    2.63044391976327e-001
 6.31045751633987e+000    2.43285632480585e-001
 6.62418300653595e+000    2.37107934815417e-001
 6.91176470588235e+000    2.21878076507542e-001
 7.20915032679739e+000    2.08154560918023e-001
 7.51633986928105e+000    1.94426814028733e-001
 7.79738562091503e+000    1.94305516768641e-001
 8.09803921568627e+000    1.86622886818373e-001
 8.39542483660131e+000    1.77431093283235e-001
 8.69607843137255e+000    1.59174445206078e-001
 8.99019607843137e+000    1.59047506212958e-001
 9.27777777777778e+000    1.55902240050099e-001
 9.58169934640523e+000    1.49728773684700e-001
 9.88235294117647e+000    1.46577865788813e-001
