Generated by GetData Graph Digitizer 2.26.0.20 on April 07 2022, 13:16
from file 'C:\Users\Li Hang\Documents\Projects\floris\floris\utils\data\baselines\LP_2019\Fig_8\a\yaw_10.jpg'

Line #1
 3.02852495320967e+000    7.27136431784108e-001
 3.32903156265005e+000    6.82158920539730e-001
 3.62627999725627e+000    6.40179910044978e-001
 3.92027515653938e+000    6.02698650674663e-001
 4.21097294490010e+000    5.56221889055472e-001
 4.51470343259743e+000    4.97751124437781e-001
 4.80538652242506e+000    4.46776611694153e-001
 5.09945517437360e+000    4.31784107946027e-001
 5.39672810653497e+000    3.97301349325337e-001
 5.69403533527354e+000    3.73313343328336e-001
 5.98807948966693e+000    3.50824587706147e-001
 6.28542101498270e+000    3.37331334332834e-001
 6.57946026986507e+000    3.13343328335832e-001
 6.88663021430461e+000    3.07346326836582e-001
 7.18069396674212e+000    2.90854572713643e-001
 7.47478711624580e+000    2.83358320839580e-001
 7.77540641443984e+000    2.72863568215892e-001
 8.06621689155422e+000    2.60869565217391e-001
 8.35704696671272e+000    2.54872563718141e-001
 8.65766136539573e+000    2.42878560719640e-001
 8.95176921343250e+000    2.39880059970015e-001
 9.24914013581445e+000    2.35382308845577e-001
 9.55957315459917e+000    2.27886056971514e-001
 9.84057971014493e+000    2.15892053973014e-001
