Generated by GetData Graph Digitizer 2.22 on December 17 2023, 21:09
from file 'C:\Users\31425\Desktop\Blind-Test\Fig_9\Fig_9b.jpg'

Line #1
-1.82379565687661e+000    1.13154172560113e-003
-1.60071553373825e+000    3.04101838755304e-003
-1.49541559197937e+000    5.51626591230552e-003
-1.39116399034861e+000    1.24469589816124e-002
-1.28714535319078e+000    2.03677510608204e-002
-1.18307679507447e+000    2.80763790664781e-002
-1.11340377735252e+000    3.19660537482320e-002
-1.07774357267660e+000    3.04101838755304e-002
-9.70496713536900e-001    2.46110325318246e-002
-8.63083451202263e-001    1.81046676096181e-002
-7.67002246443131e-001    9.75954738330976e-003
-6.36841667360013e-001    6.57708628005658e-003
-5.31342041767202e-001    8.20367751060820e-003
-4.25526250104002e-001    8.48656294200849e-003
-3.19777019718778e-001    9.05233380480905e-003
-2.15542058407521e-001    1.60537482319661e-002
-1.09410100673933e-001    1.49929278642150e-002
-2.39620600715540e-003    1.01838755304102e-002
 4.48456610366921e-002    9.40594059405941e-003
 1.03269822780597e-001    1.11032531824611e-002
 2.08320159747068e-001    1.46393210749646e-002
 3.15001248023962e-001    1.12446958981612e-002
 4.33380480905233e-001    8.13295615275813e-003
 5.39662201514269e-001    6.43564356435644e-003
 6.33696646975622e-001    6.78925035360679e-003
 7.50594891421915e-001    9.97171145685997e-003
 8.43248190365255e-001    1.61951909476662e-002
 9.59630584907230e-001    2.15700141442716e-002
 1.07521424411349e+000    3.03394625176803e-002
 1.09859389300275e+000    3.09759547383310e-002
 1.18184541143190e+000    2.71570014144272e-002
 1.27647890839504e+000    2.49646393210750e-002
 1.50335302437807e+000    1.07496463932108e-002
 1.59878525667693e+000    5.16265912305516e-003
 1.71708128796073e+000    2.40452616690240e-003
 1.83504451285465e+000    1.06082036775106e-003
 1.92926200183043e+000    6.36492220650637e-004
 2.04697562193194e+000    3.53606789250354e-004
 2.15285797487312e+000    3.53606789250354e-004
 2.27052167401614e+000    2.82885431400283e-004
