Generated by GetData Graph Digitizer 2.22 on December 17 2023, 21:07
from file 'C:\Users\31425\Desktop\Blind-Test\Fig_9\Fig_9b.jpg'

Line #1
-1.68624677593810e+000    1.65487977369165e-002
-1.61547549712955e+000    1.57708628005658e-002
-1.50972626674432e+000    1.63366336633663e-002
-1.34515350694733e+000    1.69024045261669e-002
-1.22758964972127e+000    1.72560113154173e-002
-1.19211248855978e+000    1.64780763790665e-002
-1.07360013312256e+000    1.28005657708628e-002
-9.78367584657625e-001    8.06223479490806e-003
-8.59938430817872e-001    4.73833097595474e-003
-7.65504617688660e-001    3.39462517680339e-003
-6.36009651385307e-001    3.04101838755304e-003
-5.41625759214577e-001    1.90947666195191e-003
-4.94683417921624e-001    2.40452616690240e-003
-4.36059572343789e-001    3.25318246110325e-003
-3.65770862800566e-001    4.52616690240453e-003
-3.18878442466095e-001    5.23338048090523e-003
-2.13312255595307e-001    6.57708628005658e-003
-7.17863382976951e-002    5.09193776520509e-003
 6.94566935685170e-002    4.80905233380481e-003
 1.51892836342458e-001    4.45544554455446e-003
 2.22647474831517e-001    3.74823196605375e-003
 2.93468674598552e-001    2.75813295615276e-003
 4.34878109659706e-001    1.76803394625177e-003
 5.75938098011482e-001    2.26308345120226e-003
 6.46126965637740e-001    3.96039603960396e-003
 7.04234961311257e-001    7.00141442715700e-003
 7.85339878525668e-001    1.23055162659123e-002
 8.32049255345702e-001    1.37906647807638e-002
 8.55195939762043e-001    1.54172560113154e-002
 8.90140610699726e-001    1.69024045261669e-002
 9.25201763873866e-001    1.78925035360679e-002
 1.00750478409185e+000    1.81046676096181e-002
 1.07889175472169e+000    1.47100424328147e-002
 1.10285381479324e+000    1.28712871287129e-002
 1.13893002745653e+000    9.54738330975955e-003
 1.21081620767119e+000    4.03111739745403e-003
 1.28193693318912e+000    1.76803394625177e-003
 1.43517763541060e+000    4.95049504950495e-004
 1.58818537315916e+000    2.12164073550212e-004
 1.74114318994925e+000    1.41442715700141e-004
