Generated by GetData Graph Digitizer 2.22 on December 17 2023, 21:14
from file 'C:\Users\31425\Desktop\Blind-Test\Fig_9\Fig_9d.jpg'

Line #1
 1.21176470588235e+000    8.04115705688216e-003
-1.83529411764706e+000    5.10566602878775e-003
-1.71764705882353e+000    6.38003716338020e-003
-1.62352941176471e+000    8.92711540061569e-003
-1.51764705882353e+000    1.14743323071803e-002
-1.20000000000000e+000    1.64992927864215e-002
-1.08235294117647e+000    1.58641872590620e-002
-8.70588235294118e-001    1.21891726987825e-002
-7.52941176470588e-001    1.24027234656239e-002
-6.70588235294117e-001    1.34645145186788e-002
-6.00000000000000e-001    1.48797736916549e-002
-5.52941176470588e-001    1.40316720747705e-002
-4.47058823529412e-001    1.14162298582799e-002
-3.41176470588235e-001    9.72016529384031e-003
-2.35294117647059e-001    7.74121529800039e-003
-1.76470588235294e-001    6.82253099259506e-003
-1.17647058823529e-002    7.31952186815320e-003
 9.41176470588241e-002    7.60365532351555e-003
 2.00000000000000e-001    7.95851013672796e-003
 3.17647058823530e-001    9.09143855562027e-003
 4.23529411764706e-001    9.87062151593311e-003
 5.29411764705882e-001    9.87186953989517e-003
 6.23529411764705e-001    9.16576531602740e-003
 7.41176470588235e-001    1.16423995340711e-002
 8.23529411764706e-001    1.49672740383282e-002
 9.88235294117647e-001    1.51106581246360e-002
 1.05882352941176e+000    1.68795240868625e-002
 1.16470588235294e+000    1.70222148265247e-002
 1.28235294117647e+000    1.77308150983166e-002
 1.37647058823529e+000    1.50445128546468e-002
 1.43529411764706e+000    1.41258285492415e-002
 1.49411764705882e+000    1.50458995479380e-002
 1.60000000000000e+000    1.47642621404998e-002
 1.69411764705882e+000    1.27851734753307e-002
 1.81176470588235e+000    1.08063621488199e-002
 1.91764705882353e+000    8.12019857447930e-003
 2.02352941176471e+000    4.16105055883740e-003
 2.14117647058823e+000    1.89935380092631e-003
 2.23529411764706e+000    2.04190587125940e-003
