Generated by GetData Graph Digitizer 2.22 on December 17 2023, 21:13
from file 'C:\Users\31425\Desktop\Blind-Test\Fig_9\Fig_9d.jpg'

Line #1
-1.69411764705882e+000    1.02699891837923e-002
-1.62352941176471e+000    1.13316415675181e-002
-1.51764705882353e+000    1.22522672435311e-002
-1.41176470588235e+000    1.31021715616940e-002
-1.29411764705882e+000    1.43058213384364e-002
-1.20000000000000e+000    1.49434229137199e-002
-1.07058823529412e+000    1.48035055606401e-002
-9.64705882352941e-001    1.40975400061015e-002
-8.70588235294118e-001    1.28963862772832e-002
-7.76470588235294e-001    1.04222481071637e-002
-6.58823529411765e-001    9.22137171700363e-003
-6.47058823529412e-001    8.37285409213190e-003
-5.76470588235294e-001    7.66647252960590e-003
-5.05882352941176e-001    6.39432010427934e-003
-4.47058823529412e-001    5.40491444102393e-003
-3.17647058823529e-001    4.62850486729345e-003
-2.23529411764706e-001    5.05394236902682e-003
-1.52941176470589e-001    6.11559475275259e-003
-7.05882352941178e-002    7.38954987935768e-003
-1.17647058823529e-002    8.87539174085476e-003
 5.88235294117645e-002    9.86632276673046e-003
 1.41176470588236e-001    1.14231633247358e-002
 2.35294117647059e-001    1.30508639099204e-002
 2.35294117647059e-001    1.38287988462712e-002
 2.82352941176471e-001    1.45365671020884e-002
 2.70588235294118e-001    1.55265274426602e-002
 3.52941176470588e-001    1.59518262750645e-002
 4.23529411764706e-001    1.69427573009402e-002
 5.64705882352941e-001    1.79345203427906e-002
 7.05882352941177e-001    1.79361843747400e-002
 7.76470588235294e-001    1.69469173808137e-002
 8.47058823529412e-001    1.61698144604376e-002
 9.05882352941177e-001    1.46853592922317e-002
 9.88235294117647e-001    1.36962309676346e-002
 1.05882352941176e+000    1.21411931109077e-002
 1.14117647058823e+000    1.03741298499598e-002
 1.21176470588235e+000    8.04115705688216e-003
 1.27058823529412e+000    5.92020966802563e-003
 1.34117647058824e+000    4.01156502204842e-003
 1.41176470588235e+000    2.59796988102172e-003
 1.56470588235294e+000    9.73181351748620e-004
 1.71764705882353e+000    5.50655905926727e-004
