Generated by GetData Graph Digitizer 2.22 on December 17 2023, 21:05
from file 'C:\Users\31425\Desktop\Blind-Test\Fig_9\Fig_9a.jpg'

Line #1
-1.69516728624535e+000    7.39044499245464e-001
-1.61710037174721e+000    7.50951452022526e-001
-1.49442379182156e+000    7.37130553204019e-001
-1.39405204460967e+000    7.09440906915970e-001
-1.33828996282528e+000    6.89657330045272e-001
-1.28252788104089e+000    6.61952961095366e-001
-1.24907063197026e+000    6.34241230814531e-001
-1.18215613382900e+000    5.94659354411277e-001
-1.08178438661710e+000    5.19444955647981e-001
-9.70260223048327e-001    4.66016415767971e-001
-8.47583643122677e-001    4.58136111008870e-001
-7.47211895910781e-001    4.93812801354485e-001
-6.46840148698885e-001    5.55232065957525e-001
-5.57620817843866e-001    5.88924877617873e-001
-4.79553903345725e-001    5.86970444256322e-001
-4.23791821561339e-001    5.92929441643049e-001
-2.89962825278810e-001    6.02874599727631e-001
-2.11895910780669e-001    6.08840958445287e-001
-1.33828996282528e-001    6.06886525083735e-001
-7.80669144981410e-002    5.83142552173433e-001
 1.11524163568770e-002    5.63370017299128e-001
 6.69144981412639e-002    5.35665648349221e-001
 1.33828996282528e-001    5.00044167985572e-001
 2.11895910780669e-001    4.62446170267584e-001
 2.78810408921933e-001    4.30785085943539e-001
 4.34944237918216e-001    4.05094041002613e-001
 5.68773234200743e-001    4.07118407007987e-001
 6.46840148698885e-001    4.24965953844455e-001
 7.13754646840149e-001    4.66572196253083e-001
 7.91821561338290e-001    5.37885089624204e-001
 8.14126394052045e-001    5.77496411351172e-001
 8.47583643122677e-001    6.27012403842615e-001
 8.92193308550186e-001    6.80492473039125e-001
 9.25650557620818e-001    7.35949059589974e-001
 9.36802973977695e-001    7.63675512532666e-001
 1.00371747211896e+000    8.58747101475947e-001
 1.07063197026022e+000    9.77581066656851e-001
 1.11524163568773e+000    1.02710073981376e+000
 1.14869888475836e+000    1.08651772240421e+000
 1.21561338289963e+000    1.15782693510987e+000
 1.36059479553903e+000    1.19153815009754e+000
 1.43866171003718e+000    1.19552431079539e+000
 1.58364312267658e+000    1.21339394162465e+000
 1.71747211895911e+000    1.22729949574883e+000
