Generated by GetData Graph Digitizer 2.22 on December 17 2023, 21:10
from file 'C:\Users\31425\Desktop\Blind-Test\Fig_9\Fig_9c.jpg'

Line #1
-1.67771406968685e+000    7.90960451977401e-001
-1.61084682754710e+000    7.85028248587571e-001
-1.49944867998236e+000    7.69209039548023e-001
-1.39928170877701e+000    7.43502824858757e-001
-1.27692016886145e+000    7.03954802259887e-001
-1.17687921366013e+000    6.62429378531073e-001
-1.06578035410497e+000    6.09039548022599e-001
-9.65692142902149e-001    5.73446327683616e-001
-8.54467267342953e-001    5.35875706214689e-001
-7.43289647785269e-001    4.92372881355932e-001
-6.42996660575893e-001    4.82485875706215e-001
-5.53903345724907e-001    4.66666666666667e-001
-4.09047949089534e-001    4.50847457627119e-001
-3.19923130237540e-001    4.38983050847458e-001
-2.08320206666246e-001    4.48870056497175e-001
-1.41248188519942e-001    4.68644067796610e-001
-7.42076743746454e-002    4.84463276836158e-001
 4.01676012853658e-003    5.04237288135593e-001
 8.23042026337344e-002    5.31920903954802e-001
 1.49391972780543e-001    5.53672316384181e-001
 2.50126016004033e-001    5.99152542372881e-001
 2.94908953437087e-001    6.20903954802260e-001
 3.62106987587423e-001    6.56497175141243e-001
 4.29368029739777e-001    7.00000000000000e-001
 5.07671224245479e-001    7.29661016949153e-001
 5.86100434755214e-001    7.75141242937853e-001
 6.64466637262932e-001    8.12711864406780e-001
 7.09470102703043e-001    8.62146892655367e-001
 7.98957217566631e-001    8.95762711864407e-001
 8.55050091361603e-001    9.37288135593220e-001
 9.33416293869322e-001    9.74858757062147e-001
 1.00058282401865e+000    1.00649717514124e+000
 1.07893327452587e+000    1.04209039548023e+000
 1.15726797303257e+000    1.07570621468927e+000
 1.21329783882553e+000    1.10932203389831e+000
 1.29156952933023e+000    1.13502824858757e+000
 1.36980971583391e+000    1.15677966101695e+000
 1.44801839833659e+000    1.17457627118644e+000
 1.59317308298154e+000    1.19632768361582e+000
 1.72708083926659e+000    1.20621468926554e+000
