Generated by GetData Graph Digitizer 2.22 on December 17 2023, 21:06
from file 'C:\Users\31425\Desktop\Blind-Test\Fig_9\Fig_9a.jpg'

Line #1
-1.84014869888476e+000    1.12711546247562e+000
-1.70631970260223e+000    1.12715963046119e+000
-1.61710037174721e+000    1.11926828370569e+000
-1.49442379182156e+000    1.09158599874857e+000
-1.40520446096654e+000    1.03220950347823e+000
-1.29368029739777e+000    9.33236409142773e-001
-1.19330855018587e+000    8.08517059884427e-001
-1.07063197026022e+000    6.71923883838198e-001
-1.01486988847584e+000    5.88773970333836e-001
-9.70260223048327e-001    5.53145128639258e-001
-7.69516728624535e-001    4.02716331112665e-001
-6.46840148698885e-001    3.96816224373367e-001
-5.35315985130111e-001    4.28536199344842e-001
-4.34944237918216e-001    4.84014869888476e-001
-3.23420074349443e-001    5.55338805255990e-001
-2.23048327137547e-001    6.72203614413486e-001
-1.11524163568773e-001    7.95012698295852e-001
 0.00000000000000e+000    8.66336633663366e-001
 1.00371747211896e-001    8.40627185395119e-001
 2.11895910780669e-001    7.41654091059664e-001
 3.12267657992565e-001    5.99112959623100e-001
 4.57249070631970e-001    4.78368729066215e-001
 5.35315985130111e-001    4.50671721447238e-001
 7.47211895910781e-001    4.23018881813832e-001
 9.36802973977695e-001    5.28031948176230e-001
 9.70260223048327e-001    5.47844970370643e-001
 1.07063197026022e+000    6.38967205270713e-001
 1.18215613382900e+000    7.39994110935257e-001
 1.28252788104089e+000    8.54878722072951e-001
 1.36059479553903e+000    9.28171813463874e-001
 1.49442379182156e+000    1.03712687253856e+000
 1.59479553903346e+000    1.09062534506239e+000
 1.70631970260223e+000    1.11838492399426e+000
 1.81784386617100e+000    1.12634252272811e+000
 1.92936802973978e+000    1.12835952740255e+000
 2.02973977695167e+000    1.12839265339173e+000
 2.14126394052045e+000    1.12644926202657e+000
 2.26394052044610e+000    1.12648974934668e+000
