Generated by GetData Graph Digitizer 2.22 on December 17 2023, 21:11
from file 'C:\Users\31425\Desktop\Blind-Test\Fig_9\Fig_9c.jpg'

Line #1
-1.82060046625922e+000    1.05395480225989e+000
-1.70929683069750e+000    1.02627118644068e+000
-1.60925587549619e+000    9.84745762711864e-001
-1.49804675193750e+000    9.45197740112994e-001
-1.38683762837880e+000    9.05649717514124e-001
-1.28678092117699e+000    8.66101694915254e-001
-1.17568206162183e+000    8.12711864406780e-001
-1.07567261042152e+000    7.67231638418079e-001
-9.64368974859807e-001    7.39548022598870e-001
-8.53128347300107e-001    7.03954802259887e-001
-7.53024384096781e-001    6.70338983050847e-001
-6.41752252536072e-001    6.38700564971751e-001
-5.41632537332241e-001    6.07062146892655e-001
-4.30391909772541e-001    5.71468926553672e-001
-3.19009514208304e-001    5.53672316384181e-001
-2.18685022997921e-001    5.47740112994350e-001
-1.07239619431668e-001    5.37853107344633e-001
-6.82061621825980e-003    5.43785310734463e-001
 2.27458887278684e-001    5.53672316384181e-001
 4.28375653708021e-001    5.75423728813559e-001
 5.40025833280827e-001    5.91242937853107e-001
 6.40539348497259e-001    6.09039548022599e-001
 7.52331296074602e-001    6.42655367231638e-001
 8.64138995652448e-001    6.78248587570621e-001
 9.64794278873417e-001    7.13841807909605e-001
 1.06540230609287e+000    7.43502824858757e-001
 1.18829941402558e+000    7.71186440677966e-001
 1.28882868124252e+000    7.90960451977401e-001
 1.40063638082036e+000    8.26553672316384e-001
 1.50135467204335e+000    8.70056497175141e-001
 1.61325688362422e+000    9.17514124293785e-001
 1.71400667884821e+000    9.64971751412429e-001
 1.82581437842606e+000    1.00056497175141e+000
 1.93755907000189e+000    1.02824858757062e+000
 2.04927225757671e+000    1.05197740112994e+000
 2.16095394115053e+000    1.07175141242938e+000
 2.26138869636444e+000    1.07966101694915e+000
