Generated by GetData Graph Digitizer 2.22 on December 14 2023, 09:44
from file 'C:\Users\31425\Desktop\¿ÙÍ¼Í¼Æ¬\9\9.jpg'

Line #1
-1.90712074303406e+000   -4.61283298744599e-002
-1.67801857585139e+000   -4.71642908175416e-002
-1.34365325077399e+000   -4.70724322117511e-002
-1.22600619195046e+000   -4.59412104922941e-002
-1.12074303405573e+000   -1.18463579763889e-002
-1.00928792569659e+000    6.29095362841493e-002
-6.68730650154799e-001    1.34431667403804e-001
-5.63467492260062e-001    1.43251794644984e-001
-4.45820433436533e-001    1.68558840540265e-001
-3.40557275541796e-001    1.92763583166060e-001
-2.29102167182663e-001    2.14772224679345e-001
-1.11455108359133e-001    2.77441907937264e-001
 6.19195046439636e-003    3.19232470316062e-001
 1.11455108359133e-001    2.86294355799000e-001
 2.22910216718266e-001    2.45665634674923e-001
 3.34365325077399e-001    2.55586364100296e-001
 4.45820433436532e-001    2.63309291327867e-001
 5.57275541795666e-001    2.05098152621372e-001
 1.12074303405573e+000   -2.00217738917429e-002
 1.22600619195046e+000   -4.63664818153982e-002
 1.33746130030960e+000   -4.63358622801347e-002
 1.45510835913313e+000   -4.52046405606777e-002
 1.56656346749226e+000   -4.62729221243153e-002
 1.68421052631579e+000   -4.62406015037594e-002
 1.90092879256966e+000   -4.61810635185248e-002
