Generated by GetData Graph Digitizer 2.22 on December 14 2023, 09:47
from file 'C:\Users\31425\Desktop\¿ÙÍ¼Í¼Æ¬\10\10.jpg'

Line #1
-4.68217054263566e-001    3.72383073496659e-001
-4.00000000000000e-001    3.25612472160356e-001
-3.31782945736434e-001    2.81069042316258e-001
-2.63565891472868e-001    2.32071269487751e-001
-2.01550387596899e-001    2.00890868596882e-001
-1.33333333333333e-001    1.65256124721604e-001
-5.89147286821705e-002    1.56347438752784e-001
-3.10077519379837e-003    1.76391982182628e-001
 6.51162790697675e-002    2.03118040089087e-001
 1.33333333333333e-001    2.38752783964365e-001
 1.95348837209302e-001    2.89977728285078e-001
 2.69767441860465e-001    3.36748329621381e-001
 3.31782945736434e-001    3.76837416481069e-001
 3.93798449612403e-001    4.12472160356347e-001
 4.62015503875969e-001    4.34743875278396e-001
 5.30232558139535e-001    4.32516703786192e-001
 6.04651162790698e-001    4.23608017817372e-001
 6.66666666666667e-001    3.99109131403118e-001
 7.34883720930232e-001    3.67928730512249e-001
 8.03100775193799e-001    3.27839643652561e-001
 8.52713178294574e-001    3.03340757238307e-001
 8.89922480620155e-001    2.81069042316258e-001
 9.39534883720930e-001    2.43207126948775e-001
 9.76744186046512e-001    2.16481069042316e-001
 1.02015503875969e+000    1.87527839643653e-001
 1.06976744186047e+000    1.58574610244989e-001
 1.11317829457364e+000    1.31848552338530e-001
 1.15658914728682e+000    1.00668151447661e-001
 1.20620155038760e+000    6.72605790645880e-002
 1.24341085271318e+000    3.83073496659243e-002
 1.28682170542636e+000    7.12694877505568e-003
 1.33643410852713e+000   -1.95991091314031e-002
 1.37364341085271e+000   -5.30066815144766e-002
 1.49147286821705e+000   -1.04231625835189e-001
 1.55968992248062e+000   -1.33184855233853e-001
 1.67131782945736e+000   -1.53229398663697e-001
 1.78294573643411e+000   -1.59910913140312e-001
 2.00000000000000e+000   -1.66592427616927e-001
