Generated by GetData Graph Digitizer 2.22 on December 14 2023, 09:43
from file 'C:\Users\31425\Desktop\¿ÙÍ¼Í¼Æ¬\9\9.jpg'

Line #1
-4.02476780185759e-001    2.48790528357092e-001
-3.15789473684211e-001    2.59803354540197e-001
-2.35294117647059e-001    2.67517776341306e-001
-1.23839009287926e-001    2.86229714557888e-001
-4.33436532507741e-002    3.17021059435920e-001
 0.00000000000000e+000    3.28021978021978e-001
 4.33436532507741e-002    3.35726193311333e-001
 1.23839009287926e-001    3.34649406321233e-001
 2.22910216718266e-001    3.11599700608989e-001
 3.15789473684211e-001    2.80855986119144e-001
 4.02476780185759e-001    2.35824856258293e-001
 4.89164086687306e-001    1.85299220902936e-001
 5.75851393188854e-001    1.33674684448678e-001
 6.68730650154799e-001    9.30408600687238e-002
 7.55417956656347e-001    6.88888510869935e-002
 8.48297213622291e-001    5.46286530806654e-002
 9.41176470588236e-001    3.59728506787330e-002
 1.02786377708978e+000   -2.11461912700303e-002
 1.10216718266254e+000   -7.16752287959718e-002
 1.20123839009288e+000   -8.48348246181064e-002
 1.28792569659443e+000   -8.26132072262103e-002
 1.38080495356037e+000   -8.25876909468241e-002
 1.47368421052632e+000   -8.36610757663389e-002
 1.55417956656347e+000   -8.80345660531419e-002
 1.77708978328173e+000   -9.12700302793182e-002
 2.00000000000000e+000   -9.89010989010989e-002
