Generated by GetData Graph Digitizer 2.22 on December 14 2023, 09:49
from file 'C:\Users\31425\Desktop\¿ÙÍ¼Í¼Æ¬\10\10.jpg'

Line #1
-2.00000000000000e+000   -4.18708240534521e-002
-1.95658914728682e+000   -4.18708240534521e-002
-1.91317829457364e+000   -4.18708240534521e-002
-1.86356589147287e+000   -3.96436525612472e-002
-1.81395348837209e+000   -3.96436525612472e-002
-1.77674418604651e+000   -3.74164810690423e-002
-1.72093023255814e+000   -3.74164810690423e-002
-1.68372093023256e+000   -3.51893095768374e-002
-1.63410852713178e+000   -3.07349665924276e-002
-1.59069767441860e+000   -2.85077951002227e-002
-1.54728682170543e+000   -2.40534521158129e-002
-1.50387596899225e+000   -1.51447661469933e-002
-1.45426356589147e+000   -6.23608017817373e-003
-1.41705426356589e+000    4.89977728285076e-003
-1.36744186046512e+000    1.82628062360802e-002
-1.32403100775194e+000    2.93986636971047e-002
-1.28062015503876e+000    4.49888641425390e-002
-1.23720930232558e+000    6.28062360801782e-002
-1.18139534883721e+000    8.73051224944321e-002
-1.09457364341085e+000    1.47438752783964e-001
-1.05116279069767e+000    1.74164810690423e-001
-1.00775193798450e+000    2.05345211581292e-001
-9.64341085271318e-001    2.25389755011136e-001
-9.20930232558139e-001    2.49888641425390e-001
-8.77519379844961e-001    2.65478841870824e-001
-8.27906976744186e-001    2.72160356347439e-001
-7.84496124031008e-001    2.81069042316258e-001
-7.34883720930233e-001    2.83296213808463e-001
-6.91472868217054e-001    2.74387527839644e-001
-6.48062015503876e-001    2.56570155902004e-001
-6.04651162790698e-001    2.38752783964365e-001
-5.55038759689922e-001    2.20935412026726e-001
-5.11627906976744e-001    2.12026726057906e-001
-4.68217054263566e-001    1.94209354120267e-001
-4.18604651162791e-001    1.83073496659243e-001
-3.75193798449612e-001    1.67483296213808e-001
-3.25581395348837e-001    1.51893095768374e-001
-2.88372093023256e-001    1.34075723830735e-001
-2.44961240310078e-001    1.16258351893096e-001
-2.01550387596899e-001    1.02895322939866e-001
-1.58139534883721e-001    9.84409799554566e-002
-1.08527131782946e-001    9.62138084632517e-002
-6.51162790697675e-002    9.39866369710468e-002
-2.17054263565892e-002    1.02895322939866e-001
 2.79069767441862e-002    1.09576837416481e-001
 6.51162790697675e-002    1.09576837416481e-001
 1.14728682170543e-001    1.09576837416481e-001
 1.58139534883721e-001    1.18485523385301e-001
 2.07751937984496e-001    1.38530066815145e-001
 2.51162790697674e-001    1.58574610244989e-001
 2.94573643410853e-001    1.76391982182628e-001
 3.44186046511628e-001    1.91982182628062e-001
 4.31007751937984e-001    2.29844097995546e-001
 4.74418604651163e-001    2.43207126948775e-001
 5.17829457364341e-001    2.61024498886414e-001
 5.67441860465116e-001    2.72160356347439e-001
 6.10852713178295e-001    2.85523385300668e-001
 6.60465116279070e-001    2.92204899777283e-001
 6.97674418604651e-001    2.89977728285078e-001
 7.41085271317830e-001    2.83296213808463e-001
 7.90697674418605e-001    2.76614699331849e-001
 8.34108527131783e-001    2.63251670378619e-001
 8.77519379844961e-001    2.52115812917595e-001
 9.20930232558140e-001    2.27616926503341e-001
 1.24341085271318e+000    7.83964365256125e-002
 1.29302325581395e+000    6.50334075723831e-002
 1.32403100775194e+000    4.72160356347439e-002
 1.37364341085271e+000    2.49443207126949e-002
 1.42325581395349e+000    9.35412026726057e-003
 1.46666666666667e+000   -1.78173719376393e-003
 1.50387596899225e+000   -1.73719376391982e-002
 1.55968992248062e+000   -2.62806236080178e-002
 1.59689922480620e+000   -3.07349665924276e-002
 1.64651162790698e+000   -3.74164810690423e-002
 1.68992248062015e+000   -3.96436525612472e-002
 1.73333333333333e+000   -4.18708240534521e-002
 1.78294573643411e+000   -4.40979955456570e-002
 1.82635658914729e+000   -4.40979955456570e-002
 1.86976744186047e+000   -4.18708240534521e-002
 1.90697674418605e+000   -4.18708240534521e-002
 1.95658914728682e+000   -4.18708240534521e-002
