Generated by GetData Graph Digitizer 2.22 on March 06 2022, 13:56
from file 'C:\Users\Li Hang\Desktop\137-081-th.jpg'

Line #1
 6.48516218081435e-001   -8.04347826086957e-001
 7.89429491603405e-001   -7.11180124223602e-001
 8.63681849551415e-001   -6.14906832298137e-001
 8.23113641591902e-001   -5.21739130434783e-001
 7.60317460317460e-001   -4.31677018633540e-001
 6.97475270301357e-001   -3.66459627329193e-001
 6.90257648953301e-001   -2.63975155279503e-001
 6.53387393604785e-001   -1.73913043478261e-001
 6.31337704163791e-001   -8.07453416149069e-002
 5.75925925925926e-001   -3.10559006211175e-003
 6.05728088336784e-001    9.00621118012421e-002
 5.87376351506786e-001    1.80124223602484e-001
 7.06055900621118e-001    2.67080745341615e-001
 7.28427651253738e-001    3.47826086956522e-001
 7.98976305498045e-001    4.44099378881988e-001
 8.10254198297677e-001    5.34161490683230e-001
 8.65959282263630e-001    6.14906832298137e-001
 7.88342535081666e-001    7.01863354037267e-001
 6.66258339084426e-001    7.76397515527950e-001
