Generated by GetData Graph Digitizer 2.22 on March 06 2022, 14:01
from file 'C:\Users\Li Hang\Desktop\137-081-th.jpg'

Line #1
 4.81487232574189e-001   -1.00000000000000e+000
 4.88969404186795e-001   -9.59627329192547e-001
 4.89067172762825e-001   -9.06832298136646e-001
 4.89228203358638e-001   -8.19875776397516e-001
 4.93029675638371e-001   -7.67080745341615e-001
 4.93184955141477e-001   -6.83229813664596e-001
 5.04388083735910e-001   -6.33540372670807e-001
 5.23015873015873e-001   -5.74534161490683e-001
 5.37985967333793e-001   -4.90683229813665e-001
 5.15919024614677e-001   -4.06832298136646e-001
 5.01242236024845e-001   -3.32298136645963e-001
 5.05060961582701e-001   -2.70186335403727e-001
 4.97768576029446e-001   -2.08074534161491e-001
 4.94197147458017e-001   -1.36645962732919e-001
 4.94283413848631e-001   -9.00621118012422e-002
 4.94432942259029e-001   -9.31677018633537e-003
 4.98251667816885e-001    5.27950310559007e-002
 5.05820105820106e-001    1.39751552795031e-001
 5.09598573729009e-001    1.80124223602484e-001
 5.09719346675868e-001    2.45341614906832e-001
 5.09874626178974e-001    3.29192546583851e-001
 5.21095008051530e-001    3.88198757763975e-001
 5.17598343685300e-001    5.00000000000000e-001
 5.02910052910053e-001    5.68322981366460e-001
 4.84506556245687e-001    6.30434782608696e-001
 4.77208419599724e-001    6.89440993788820e-001
 4.73631239935588e-001    7.57763975155280e-001
 4.73694501955371e-001    7.91925465838509e-001
 4.73780768345986e-001    8.38509316770186e-001
 4.73884288014723e-001    8.94409937888199e-001
 4.70243846330803e-001    9.28571428571429e-001
 4.70335863814125e-001    9.78260869565217e-001
 4.77789279963193e-001    1.00310559006211e+000
