Generated by GetData Graph Digitizer 2.22 on March 06 2022, 13:59
from file 'C:\Users\Li Hang\Desktop\137-081-th.jpg'

Line #1
 4.79736195229282e-001   -9.79865118064668e-001
 4.83546581252901e-001   -9.14635893263352e-001
 4.98438601215886e-001   -8.43161073325579e-001
 4.98553199291784e-001   -7.81048916188697e-001
 4.98679257175272e-001   -7.12725543338127e-001
 5.09858299479152e-001   -6.53684614635320e-001
 5.17375933258081e-001   -5.79127106455883e-001
 5.28572165273345e-001   -5.10769354182543e-001
 5.21306647261393e-001   -4.48680116660841e-001
 4.95596568933608e-001   -3.83542570320244e-001
 4.80945204930009e-001   -3.24581860270566e-001
 4.81025423583138e-001   -2.81103350274749e-001
 4.84852999318141e-001   -2.06557301902901e-001
 4.88692034860735e-001   -1.25800037817365e-001
 4.85196793545836e-001   -2.02208304922560e-002
 4.81644253192989e-001    5.43022982644121e-002
 4.85460369120402e-001    1.22637130922572e-001
 4.89270755144021e-001    1.87866355723887e-001
 4.89368163508535e-001    2.40661689290237e-001
 5.04317482509469e-001    3.43192587796451e-001
 5.30285406508025e-001    4.17807395013838e-001
 5.37848879517313e-001    5.17209766048028e-001
 5.45360783392447e-001    5.88661666370622e-001
 5.41819702847189e-001    6.69396010840978e-001
 5.27202718266360e-001    7.46990368031721e-001
 5.23627258298333e-001    8.09091065361013e-001
 5.23724666662847e-001    8.61886398927362e-001
 5.20120557175845e-001    9.08459056972433e-001
 5.20212235636564e-001    9.58148782681939e-001
 5.20246615059333e-001    9.76782429823003e-001
 5.16608126149562e-001    1.00472144072701e+000
