Generated by GetData Graph Digitizer 2.22 on March 06 2022, 14:00
from file 'C:\Users\Li Hang\Desktop\137-081-th.jpg'

Line #1
 4.79701815806513e-001   -9.98498765205732e-001
 4.79787764363436e-001   -9.51914647353071e-001
 4.87225179489236e-001   -9.20835649169450e-001
 4.98392761985526e-001   -8.68005936180332e-001
 5.05835907015121e-001   -8.33821330139867e-001
 5.24400795310647e-001   -7.71651873965036e-001
 5.28228371045650e-001   -6.97105825593188e-001
 5.28314319602574e-001   -6.50521707740527e-001
 5.43217799373149e-001   -5.72835672089066e-001
 5.39636609501327e-001   -5.13840582616618e-001
 5.39728287962045e-001   -4.64150856907113e-001
 5.21375406106931e-001   -4.11412822378712e-001
 4.99355385823072e-001   -3.46263816230525e-001
 4.95739816528480e-001   -3.05902373899142e-001
 5.18017682483111e-001   -2.31299026489345e-001
 5.36588300682432e-001   -1.66023962457670e-001
 5.40433066128820e-001   -8.21610905152903e-002
 5.40536204397128e-001   -2.62601490920967e-002
 5.22234891676169e-001    5.44283561479002e-002
 5.07594987480160e-001    1.19600281911267e-001
 4.89253565432636e-001    1.78549532153355e-001
 4.82005237132069e-001    2.49955593245589e-001
 4.82085455785197e-001    2.93434103241407e-001
 5.11743437827679e-001    3.68060370266383e-001
 5.30325515834589e-001    4.39546650011746e-001
 5.37803040286954e-001    4.92364903193275e-001
 5.52689330346144e-001    5.60734115274204e-001
 5.49108140474321e-001    6.19729204746652e-001
 5.41831162654779e-001    6.75607226554666e-001
 5.30921425829260e-001    7.62529867123531e-001
 5.31058943520338e-001    8.37064455687789e-001
 5.27477753648516e-001    8.96059545160237e-001
 5.20166396406204e-001    9.33303919827186e-001
 5.16539367304023e-001    9.67454146444881e-001
 5.12900878394252e-001    9.95393157348888e-001
