Generated by GetData Graph Digitizer 2.22 on March 26 2022, 12:42
from file 'C:\Users\Li Hang\Desktop\Lin\figs\turb_30_4d.jpg'

Line #1
 8.04097857310655e-002   -9.31692761674751e-001
 8.17383025812009e-002   -8.40099901499759e-001
 8.42545922131232e-002   -7.59684139812643e-001
 8.54345344318102e-002   -6.65305247713682e-001
 8.83953115533777e-002   -5.76580846442658e-001
 9.65496066172380e-002   -4.96478307279539e-001
 1.12714567732310e-001   -4.00154138452598e-001
 1.23538672678341e-001   -3.09088810949600e-001
 1.27390279386249e-001   -2.28747233544484e-001
 1.37769278640285e-001   -1.37657177947486e-001
 1.46665210456687e-001   -5.48180630483970e-002
 1.51109055015888e-001    4.21572789205362e-002
 1.43239133033024e-001    1.28705607919584e-001
 1.23351151298843e-001    2.18699384682594e-001
 1.26460296984409e-001    3.07415543255618e-001
 1.54495361421701e-001    3.94746928564658e-001
 1.72737894567650e-001    4.85400121167661e-001
 1.75846834185766e-001    5.76894068966654e-001
 1.58778061235003e-001    6.63953445241696e-001
 1.26130589064413e-001    7.51878304806729e-001
 1.05946282337135e-001    8.36332988513800e-001
 8.76899426720354e-002    9.31791674050750e-001
 8.70902863925420e-002    1.01515832162183e+000
 8.36710091947296e-002    1.10701494813282e+000
 8.42576832248732e-002    1.19864902179781e+000
 8.29161841253879e-002    1.28205688285890e+000
 8.05352808081141e-002    1.37663359970986e+000
