Generated by GetData Graph Digitizer 2.22 on March 26 2022, 12:28
from file 'C:\Users\Li Hang\Desktop\Lin\30_4d.jpg'

Line #1
-1.74828845423104e-002   -9.02930559223026e-001
-1.23878559145741e-002   -7.81616903567357e-001
-9.80169898691948e-003   -6.63157165950705e-001
 1.97656969517418e-003   -5.44830262318943e-001
 2.54500254397207e-002   -4.32452711101379e-001
 7.06560871777367e-002   -3.11718694652506e-001
 1.28394914632026e-001   -1.94055960945198e-001
 2.17886377834597e-001   -7.97422537660448e-002
 3.26605439591934e-001    4.58542915842828e-002
 4.21944496325732e-001    1.57193322556338e-001
 4.65481197148175e-001    2.80841636128268e-001
 4.07061293625901e-001    3.94402617393040e-001
 2.82627246906981e-001    5.11807733675106e-001
 1.40650419594381e-001    6.38136878578467e-001
 2.54046203685217e-002    7.49628869896760e-001
-1.88034958684605e-002    8.71654998744115e-001
-2.28986468644739e-002    9.95991633874115e-001
-1.52966786673451e-002    1.11726906207936e+000
-8.53228912403635e-003    1.23566842061197e+000
-2.60741036523710e-003    1.34829956398251e+000
 2.25450669483284e-002    1.47221354552422e+000
