Generated by GetData Graph Digitizer 2.22 on December 13 2023, 15:50
from file 'C:\Users\Li Hang\Desktop\Fig_3a.jpg'

Line #1
 9.86054492289434e-002    1.10151351583222e-001
 9.40009866092813e-002    1.77292257976879e-001
 9.36841277444539e-002    2.46380645299665e-001
 8.75485619097324e-002    3.11625546031042e-001
 8.44763463999485e-002    3.73192824919749e-001
 8.01781616180392e-002    4.40339450787500e-001
 7.98604448320977e-002    5.15030062985708e-001
 8.16883887526542e-002    5.78556261751732e-001
 7.76970537559071e-002    6.41973790509963e-001
 7.46234083775997e-002    7.12878110857707e-001
 7.58379387015364e-002    7.81995095550964e-001
 7.64407712710816e-002    8.45498416420610e-001
 7.24494362743346e-002    9.08915945178841e-001
 7.27457050324223e-002    9.74280954866200e-001
 7.21217104087279e-002    1.04896584759031e+000
 6.90489229515346e-002    1.11426794306264e+000
 6.87329220078214e-002    1.17775410551000e+000
 6.65786820901818e-002    1.24494076769641e+000
 6.62615372516497e-002    1.31589656331100e+000
 6.34947416585045e-002    1.38307178654923e+000
 6.28727488507432e-002    1.44468482123069e+000
 6.04130890164649e-002    1.50626353906758e+000
 5.94819586339036e-002    1.58654493719303e+000
 5.70228707470348e-002    1.64438883844630e+000
 5.45620670179377e-002    1.71343718945043e+000
 5.24083990477076e-002    1.77688903505323e+000
 5.11732786170312e-002    1.84222544737011e+000
 4.77927834535614e-002    1.91685886482738e+000
 4.56394014570360e-002    1.97844330213837e+000
