Generated by GetData Graph Digitizer 2.22 on December 13 2023, 15:48
from file 'C:\Users\Li Hang\Desktop\Fig_3a.jpg'

Line #1
 7.44582043343653e-001    1.03918090003595e-001
 7.78637770897833e-001    1.78952006586195e-001
 8.29721362229102e-001    2.39068424531255e-001
 8.56037151702786e-001    3.12200693405689e-001
 8.85448916408669e-001    3.74108602636797e-001
 9.05572755417957e-001    4.35981725629341e-001
 9.17956656346749e-001    5.09061815145928e-001
 9.25696594427245e-001    5.72761215663084e-001
 9.45820433436533e-001    6.40252316183718e-001
 9.64396284829721e-001    7.02119641469835e-001
 9.75232198142415e-001    7.80811910808084e-001
 1.00154798761610e+000    8.44580883802368e-001
 1.01238390092879e+000    9.06419220556348e-001
 1.02167182662539e+000    9.68251759603901e-001
 1.03405572755418e+000    1.04694982664858e+000
 1.04643962848297e+000    1.10879396110899e+000
 1.05882352941176e+000    1.17438341392145e+000
 1.06965944272446e+000    1.23996706902749e+000
 1.08513931888545e+000    1.31680407230899e+000
 1.09752321981424e+000    1.37864820676940e+000
 1.10835913312693e+000    1.44235920269941e+000
 1.11764705882353e+000    1.50606440092299e+000
 1.13003095975232e+000    1.58101714961561e+000
 1.14241486068111e+000    1.64660660242808e+000
 1.15325077399381e+000    1.71219025753412e+000
 1.15944272445820e+000    1.77775651952088e+000
 1.16718266253870e+000    1.83583794250994e+000
 1.17647058823529e+000    1.91452441414177e+000
 1.18421052631579e+000    1.98196913301098e+000
