Generated by GetData Graph Digitizer 2.22 on December 16 2023, 18:13
from file 'C:\Users\31425\Desktop\2015-Krogstad-Blind Test 3\Fig_17\Fig_17b.jpg'

Line #1
-2.86219081272085e+000    3.36021505376344e-004
-2.71378091872792e+000    4.03225806451613e-004
-2.65017667844523e+000    5.37634408602151e-004
-2.56537102473498e+000    7.39247311827957e-004
-2.46996466431095e+000    9.40860215053763e-004
-2.33215547703180e+000    1.20967741935484e-003
-2.20494699646643e+000    1.34408602150538e-003
-2.09893992932862e+000    1.74731182795699e-003
-1.91872791519435e+000    4.16666666666667e-003
-1.83392226148410e+000    5.51075268817204e-003
-1.77031802120141e+000    6.25000000000000e-003
-1.63250883392226e+000    7.39247311827957e-003
-1.61130742049470e+000    8.33333333333333e-003
-1.55830388692580e+000    9.27419354838710e-003
-1.50530035335689e+000    9.81182795698925e-003
-1.48409893992933e+000    1.04166666666667e-002
-1.44169611307421e+000    9.40860215053763e-003
-1.39929328621908e+000    8.73655913978495e-003
-1.37809187279152e+000    7.93010752688172e-003
-1.33568904593640e+000    7.12365591397850e-003
-1.30388692579505e+000    6.38440860215054e-003
-1.24028268551237e+000    5.77956989247312e-003
-1.18727915194346e+000    5.30913978494624e-003
-1.13427561837456e+000    4.97311827956989e-003
-1.03886925795053e+000    4.97311827956989e-003
-9.54063604240283e-001    5.10752688172043e-003
-8.69257950530035e-001    5.44354838709677e-003
-8.16254416961131e-001    5.77956989247312e-003
-7.52650176678445e-001    6.25000000000000e-003
-7.20848056537103e-001    6.51881720430108e-003
-6.78445229681979e-001    6.11559139784946e-003
-6.25441696113074e-001    5.64516129032258e-003
-6.04240282685512e-001    5.10752688172043e-003
-5.72438162544170e-001    4.56989247311828e-003
-5.30035335689046e-001    3.83064516129032e-003
-4.98233215547703e-001    3.36021505376344e-003
-4.24028268551237e-001    3.83064516129032e-003
-3.60424028268551e-001    3.22580645161290e-003
-3.07420494699647e-001    2.35215053763441e-003
-2.33215547703180e-001    2.15053763440860e-003
-1.69611307420495e-001    2.55376344086022e-003
-1.16607773851590e-001    2.21774193548387e-003
-4.24028268551235e-002    1.94892473118280e-003
 6.36042402826851e-002    1.88172043010753e-003
 1.37809187279152e-001    2.01612903225806e-003
 2.22614840989400e-001    1.88172043010753e-003
 2.86219081272085e-001    1.74731182795699e-003
 3.49823321554770e-001    1.81451612903226e-003
 4.02826855123675e-001    2.15053763440860e-003
 4.66431095406360e-001    2.48655913978495e-003
 5.08833922261484e-001    3.09139784946237e-003
 5.40636042402827e-001    3.76344086021505e-003
 5.83038869257951e-001    4.36827956989247e-003
 6.25441696113074e-001    5.77956989247312e-003
 6.36042402826855e-001    6.51881720430108e-003
 6.99646643109541e-001    7.39247311827957e-003
 7.31448763250883e-001    8.13172043010753e-003
 7.95053003533569e-001    8.60215053763441e-003
 8.48056537102473e-001    8.53494623655914e-003
 8.90459363957597e-001    8.13172043010753e-003
 9.01060070671378e-001    7.59408602150538e-003
 9.54063604240283e-001    6.78763440860215e-003
 1.06007067137809e+000    6.78763440860215e-003
 1.11307420494700e+000    6.58602150537634e-003
 1.17667844522968e+000    6.04838709677419e-003
 1.26148409893993e+000    6.18279569892473e-003
 1.30388692579505e+000    6.85483870967742e-003
 1.34628975265018e+000    7.39247311827957e-003
 1.38869257950530e+000    7.25806451612903e-003
 1.39929328621908e+000    6.85483870967742e-003
 1.73851590106007e+000    8.19892473118280e-003
 1.42049469964664e+000    6.11559139784946e-003
 1.45229681978799e+000    4.97311827956989e-003
 1.46289752650177e+000    4.16666666666667e-003
 1.48409893992933e+000    3.49462365591398e-003
 1.52650176678445e+000    2.75537634408602e-003
 1.54770318021201e+000    2.21774193548387e-003
 1.61130742049470e+000    1.20967741935484e-003
 1.68551236749117e+000    6.72043010752688e-004
 1.79151943462898e+000    6.72043010752688e-004
 1.85512367491166e+000    6.72043010752688e-004
 1.92932862190813e+000    7.39247311827957e-004
 2.04593639575972e+000    6.72043010752688e-004
 2.16254416961131e+000    6.72043010752688e-004
 2.28975265017668e+000    6.72043010752688e-004
 2.39575971731449e+000    5.37634408602151e-004
 2.51236749116608e+000    2.68817204301075e-004
 2.62897526501767e+000    2.01612903225806e-004
 2.80918727915194e+000    6.72043010752688e-005
 2.89399293286219e+000    6.72043010752688e-005
