Generated by GetData Graph Digitizer 2.22 on December 16 2023, 18:07
from file 'C:\Users\31425\Desktop\2015-Krogstad-Blind Test 3\Fig_17\Fig_17a.jpg'

Line #1
 1.61290322580645e-001    8.86804581580178e-004
 2.20430107526882e-001    5.48469884681315e-004
 2.74193548387097e-001    8.21426484338476e-004
 3.27956989247312e-001    1.50199177964781e-003
 3.76344086021505e-001    3.26939184977404e-003
 4.35483870967742e-001    5.37670932678822e-003
 5.00000000000000e-001    8.36730072463768e-003
 5.43010752688172e-001    1.04063181782765e-002
 5.96774193548387e-001    1.18341660822814e-002
 6.61290322580645e-001    1.19714966105657e-002
 7.15053763440860e-001    1.12254314710924e-002
 7.36559139784946e-001    1.15655923718248e-002
 7.68817204301075e-001    1.12266489403148e-002
 7.90322580645161e-001    1.07515924497429e-002
 8.11827956989247e-001    1.00727316113449e-002
 8.33333333333333e-001    9.66560990338164e-003
 8.54838709677419e-001    8.78294471715755e-003
 8.76344086021505e-001    8.44375779180302e-003
 8.97849462365591e-001    7.49315782297024e-003
 9.19354838709677e-001    7.22190568022440e-003
 9.46236559139785e-001    6.47523180613994e-003
 9.62365591397849e-001    5.52451009038492e-003
 9.89247311827957e-001    4.98164056412654e-003
 1.01612903225806e+000    4.50670582047686e-003
 1.02688172043011e+000    3.82760148823438e-003
 1.05913978494624e+000    4.10007110020259e-003
 1.06989247311828e+000    3.48890155056880e-003
 1.09677419354839e+000    3.76124941561477e-003
 1.11827956989247e+000    3.15032335982546e-003
 1.14516129032258e+000    3.49060600748013e-003
 1.17204301075269e+000    2.87980169861306e-003
 1.21505376344086e+000    2.60903654355618e-003
 1.25268817204301e+000    2.74575833722924e-003
 1.29032258064516e+000    2.47487143525012e-003
 1.32258064516129e+000    2.81527582982702e-003
 1.34946236559140e+000    3.01968891226430e-003
 1.38709677419355e+000    3.36021505376344e-003
 1.44086021505376e+000    3.97284556646408e-003
 1.50537634408602e+000    4.65365435561789e-003
 1.55913978494624e+000    4.92661095527505e-003
 1.61290322580645e+000    5.13163277232352e-003
 1.65053763440860e+000    5.60802847904005e-003
 1.67204301075269e+000    5.94818937977248e-003
 1.69892473118280e+000    6.56021115786193e-003
 1.72580645161290e+000    6.69668945769051e-003
 1.74731182795699e+000    7.24065470624903e-003
 1.78494623655914e+000    7.64911563035687e-003
 1.81720430107527e+000    7.51397654667290e-003
 1.83870967741936e+000    8.46555049088359e-003
 1.89247311827957e+000    1.07765505688016e-002
 1.95161290322581e+000    1.37670202197288e-002
 2.00000000000000e+000    1.59420289855072e-002
 2.05376344086022e+000    1.56715073242948e-002
 2.08602150537634e+000    1.34303899797413e-002
 2.10215053763441e+000    1.30231465248559e-002
 2.12903225806452e+000    1.14612552594670e-002
 2.14516129032258e+000    9.69531615240767e-003
 2.17204301075269e+000    7.99755532180147e-003
 2.18279569892473e+000    6.63910316347203e-003
 2.22043010752688e+000    6.30028147888421e-003
 2.26344086021505e+000    6.43712501947951e-003
 2.27956989247312e+000    4.53531634720274e-003
 2.30645161290323e+000    2.90549029920524e-003
 2.33333333333333e+000    1.75120772946860e-003
 2.34946236559140e+000    1.07222514414836e-003
 2.39247311827957e+000    6.65590423874084e-004
 2.43010752688172e+000    4.62638304503662e-004
 2.46236559139785e+000    3.95434003428393e-004
 2.50537634408602e+000    3.28473196197600e-004
 2.56451612903226e+000    3.29812412342216e-004
 2.61827956989247e+000    2.63095098955898e-004
 2.67741935483871e+000    2.64434315100514e-004
 2.72580645161290e+000    2.65530037400655e-004
 2.79032258064516e+000    2.66991000467508e-004
 2.84408602150538e+000    3.36143252298582e-004
