Generated by GetData Graph Digitizer 2.22 on December 16 2023, 18:11
from file 'C:\Users\31425\Desktop\2015-Krogstad-Blind Test 3\Fig_17\Fig_17b.jpg'

Line #1
-2.69257950530035e+000    3.69623655913979e-003
-2.57597173144876e+000    3.76344086021505e-003
-2.45936395759717e+000    3.69623655913979e-003
-2.36395759717314e+000    3.96505376344086e-003
-2.24734982332155e+000    3.89784946236559e-003
-2.13074204946996e+000    5.17473118279570e-003
-2.01413427561837e+000    6.38440860215054e-003
-1.91872791519435e+000    7.12365591397850e-003
-1.80212014134276e+000    7.93010752688172e-003
-1.67491166077739e+000    6.98924731182796e-003
-1.56890459363958e+000    6.78763440860215e-003
-1.52650176678445e+000    6.25000000000000e-003
-1.47349823321555e+000    5.64516129032258e-003
-1.38869257950530e+000    5.57795698924731e-003
-1.35689045936396e+000    5.30913978494624e-003
-1.28268551236749e+000    5.37634408602151e-003
-1.22968197879859e+000    5.64516129032258e-003
-1.12367491166078e+000    5.77956989247312e-003
-1.06007067137809e+000    5.37634408602151e-003
-1.01766784452297e+000    5.71236559139785e-003
-9.43462897526502e-001    5.98118279569893e-003
-8.58657243816254e-001    5.91397849462366e-003
-7.95053003533569e-001    6.25000000000000e-003
-7.31448763250883e-001    6.45161290322581e-003
-6.25441696113074e-001    6.51881720430108e-003
-5.72438162544170e-001    6.38440860215054e-003
-4.98233215547703e-001    6.78763440860215e-003
-4.24028268551237e-001    6.51881720430108e-003
-3.18021201413428e-001    6.65322580645161e-003
-2.75618374558304e-001    5.91397849462366e-003
-2.33215547703180e-001    5.84677419354839e-003
-1.16607773851590e-001    5.57795698924731e-003
 0.00000000000000e+000    5.30913978494624e-003
 1.06007067137809e-001    4.56989247311828e-003
 2.12014134275619e-001    4.09946236559140e-003
 2.65017667844523e-001    4.56989247311828e-003
 3.28621908127208e-001    4.03225806451613e-003
 4.02826855123675e-001    4.16666666666667e-003
 4.34628975265017e-001    4.70430107526882e-003
 5.40636042402827e-001    4.43548387096774e-003
 5.61837455830389e-001    4.77150537634409e-003
 6.25441696113074e-001    5.24193548387097e-003
 6.67844522968198e-001    5.77956989247312e-003
 7.73851590106007e-001    7.05645161290323e-003
 8.79858657243816e-001    9.34139784946237e-003
 9.96466431095406e-001    1.04838709677419e-002
 1.10247349823322e+000    1.14247311827957e-002
 1.19787985865724e+000    1.12903225806452e-002
 1.14487632508834e+000    1.03494623655914e-002
 1.25088339222615e+000    1.03494623655914e-002
 1.32508833922262e+000    9.81182795698925e-003
 1.38869257950530e+000    1.02150537634409e-002
 1.43109540636042e+000    9.61021505376344e-003
 1.48409893992933e+000    8.80376344086022e-003
 1.55830388692579e+000    7.05645161290323e-003
 1.59010600706714e+000    5.64516129032258e-003
 1.64310954063604e+000    4.70430107526882e-003
 1.69611307420495e+000    3.49462365591398e-003
 1.72791519434629e+000    2.95698924731183e-003
 1.77031802120141e+000    2.35215053763441e-003
 1.84452296819788e+000    2.01612903225806e-003
 1.92932862190813e+000    2.01612903225806e-003
 1.99293286219081e+000    1.88172043010753e-003
 2.12014134275618e+000    2.01612903225806e-003
 2.21554770318021e+000    2.48655913978495e-003
 2.34275618374558e+000    3.09139784946237e-003
 2.45936395759717e+000    3.36021505376344e-003
 2.57597173144876e+000    3.56182795698925e-003
 2.66077738515901e+000    3.56182795698925e-003
