Generated by GetData Graph Digitizer 2.22 on December 16 2023, 18:09
from file 'C:\Users\31425\Desktop\2015-Krogstad-Blind Test 3\Fig_17\Fig_17a.jpg'

Line #1
 6.98924731182796e-002   -6.63520726196042e-005
 1.29032258064516e-001    2.92192613370734e-006
 1.77419354838710e-001    4.01764843384759e-006
 2.47311827956989e-001    5.60035842293907e-006
 3.27956989247312e-001    7.42656225650616e-006
 3.97849462365591e-001    9.00927224559763e-006
 4.46236559139785e-001    2.81844124980521e-004
 4.78494623655914e-001    8.26052867383513e-004
 5.10752688172043e-001    1.23439204456911e-003
 5.32258064516129e-001    1.84629207573633e-003
 5.48387096774194e-001    2.45807035998130e-003
 5.75268817204301e-001    3.54563561633162e-003
 5.91397849462366e-001    4.36121824840268e-003
 6.02150537634409e-001    5.31254869876890e-003
 6.18279569892473e-001    5.65258785257909e-003
 6.39784946236559e-001    6.94383570983326e-003
 6.66666666666667e-001    7.35205314009662e-003
 6.82795698924731e-001    7.62415751129811e-003
 6.98924731182796e-001    8.10006623032570e-003
 7.09677419354839e-001    8.64378798503974e-003
 7.31182795698925e-001    9.25568801620695e-003
 7.47311827956989e-001    9.39192282219106e-003
 7.63440860215054e-001    1.00037011064360e-002
 7.74193548387097e-001    1.01398141654979e-002
 8.01075268817204e-001    9.66487942184822e-003
 8.33333333333333e-001    9.19006642512077e-003
 8.54838709677419e-001    8.78294471715755e-003
 8.65591397849462e-001    8.30764473274116e-003
 8.76344086021505e-001    7.62854040049868e-003
 8.87096774193548e-001    7.08530563347359e-003
 8.97849462365591e-001    6.47413608383980e-003
 9.13978494623656e-001    5.79515349851956e-003
 9.40860215053763e-001    5.04847962443509e-003
 9.51612903225806e-001    4.64111442262740e-003
 9.73118279569893e-001    5.04921010596852e-003
 9.89247311827957e-001    5.93272752064828e-003
 1.00537634408602e+000    6.40863623967586e-003
 1.02688172043011e+000    6.47705800997351e-003
 1.06451612903226e+000    6.68171458625526e-003
 1.08064516129032e+000    7.08968852267415e-003
 1.09677419354839e+000    7.36179289387564e-003
 1.11290322580645e+000    6.81867987377279e-003
 1.12365591397849e+000    6.00370597631292e-003
 1.13978494623656e+000    5.59646252142746e-003
 1.16129032258065e+000    5.05347124824684e-003
 1.17741935483871e+000    4.57829301075269e-003
 1.20430107526882e+000    4.71477131058127e-003
 1.23118279569892e+000    4.44364091475768e-003
 1.25268817204301e+000    4.10445398940315e-003
 1.27956989247312e+000    3.76538881097086e-003
 1.30107526881720e+000    4.03761492909459e-003
 1.31720430107527e+000    3.97004538725261e-003
 1.34408602150538e+000    3.76684977403771e-003
 1.37096774193548e+000    3.76745850864890e-003
 1.39784946236559e+000    4.03980637369487e-003
 1.43010752688172e+000    3.76879772479352e-003
 1.46774193548387e+000    3.56584560542310e-003
 1.49462365591398e+000    3.29471520959950e-003
 1.51612903225806e+000    2.95552828424497e-003
 1.54301075268817e+000    2.68439788842138e-003
 1.57526881720430e+000    2.41338923952003e-003
 1.60215053763441e+000    2.82160666978339e-003
 1.62365591397849e+000    3.22970235312451e-003
 1.65053763440860e+000    3.77378934860527e-003
 1.67741935483871e+000    4.38581112669472e-003
 1.69892473118280e+000    4.99771115786193e-003
 1.72043010752688e+000    5.26993727598566e-003
 1.75268817204301e+000    5.61034167056257e-003
 1.76881720430108e+000    6.22211995480754e-003
 1.76881720430108e+000    6.76559821567711e-003
 1.78494623655914e+000    7.51324606513947e-003
 1.80107526881720e+000    8.19295913199314e-003
 1.80645161290323e+000    8.66862435717625e-003
 1.82258064516129e+000    9.82388090229079e-003
 1.83870967741936e+000    1.10470722300140e-002
 1.85483870967742e+000    1.17267852968677e-002
 1.87096774193548e+000    1.20668244506779e-002
 1.88709677419355e+000    1.27465375175316e-002
 1.89784946236559e+000    1.33581940548543e-002
 1.90322580645161e+000    1.35621201496026e-002
 1.91935483870968e+000    1.26113984338476e-002
 1.93548387096774e+000    1.15927419354839e-002
 1.94623655913979e+000    1.09136376032414e-002
 1.95161290322581e+000    1.05740854371202e-002
 1.96236559139785e+000    9.69117675705158e-003
 1.97849462365591e+000    8.74045504129656e-003
 1.98924731182796e+000    8.33308983948886e-003
 2.01075268817204e+000    7.99390291413433e-003
 2.03225806451613e+000    7.31504207573633e-003
 2.03763440860215e+000    6.22820730091943e-003
 2.05376344086022e+000    5.20955080255571e-003
 2.06451612903226e+000    4.66631603553062e-003
 2.08064516129032e+000    4.39494214586255e-003
 2.09677419354839e+000    4.80291608228144e-003
 2.11827956989247e+000    5.21101176562257e-003
 2.13978494623656e+000    5.41530310113760e-003
 2.16666666666667e+000    6.02732487922705e-003
 2.18817204301075e+000    5.75607273648122e-003
 2.19892473118280e+000    5.34870753467352e-003
 2.20967741935484e+000    4.94134233286583e-003
 2.21505376344086e+000    4.12624668848372e-003
 2.22580645161290e+000    3.03953366058906e-003
 2.24193548387097e+000    2.36055107526882e-003
 2.25806451612903e+000    1.74950327255727e-003
 2.27419354838710e+000    1.13845546984572e-003
 2.29569892473118e+000    5.27529414056413e-004
 2.32795698924731e+000    3.24455547763753e-004
 2.38172043010753e+000    1.89803451768739e-004
 2.47849462365591e+000   -1.18094514570672e-005
 2.96236559139785e+000    6.70825541530310e-005
