Generated by GetData Graph Digitizer 2.22 on March 06 2022, 13:56
from file 'C:\Users\Li Hang\Desktop\137-081-th.jpg'

Line #1
 5.00017253278123e-001   -9.93788819875776e-001
 5.18639291465378e-001   -9.37888198757764e-001
 5.44668737060041e-001   -8.81987577639752e-001
 5.78105590062112e-001   -8.26086956521739e-001
 6.26374511157120e-001   -7.60869565217391e-001
 6.56113411548194e-001   -7.01863354037267e-001
 6.97009431792040e-001   -6.18012422360248e-001
 7.19323671497585e-001   -5.68322981366460e-001
 6.78680699332873e-001   -5.15527950310559e-001
 6.34351276742581e-001   -4.53416149068323e-001
 5.90039107430412e-001   -3.81987577639752e-001
 5.79083275822406e-001   -2.98136645962733e-001
 5.64348976305498e-001   -2.54658385093168e-001
 5.60743041177824e-001   -2.01863354037267e-001
 5.31326201978376e-001   -8.69565217391305e-002
 5.24033816425121e-001   -2.48447204968945e-002
 5.05653324131585e-001    4.96894409937889e-002
 5.05779848171153e-001    1.18012422360248e-001
 5.20703933747412e-001    1.77018633540373e-001
 5.83793420749942e-001    2.45341614906832e-001
 6.32039337474120e-001    2.98136645962733e-001
 7.02587991718426e-001    3.94409937888199e-001
 7.73125143777318e-001    4.84472049689441e-001
 7.73240165631470e-001    5.46583850931677e-001
 7.51109960892570e-001    5.96273291925466e-001
 7.17885898320681e-001    6.55279503105590e-001
 6.58724407637451e-001    7.08074534161491e-001
 5.99580170232344e-001    7.70186335403727e-001
 5.66333103289625e-001    8.16770186335404e-001
 5.36783988957902e-001    8.60248447204969e-001
 5.22049689440994e-001    9.03726708074534e-001
 5.03611686220382e-001    9.47204968944099e-001
 4.92552334943639e-001    9.75155279503106e-001
