Generated by GetData Graph Digitizer 2.22 on December 15 2023, 18:18
from file 'C:\Users\31425\Desktop\Blind Test 3\Fig_12\Fig_12a.jpg'

Line #1
-2.86341463414634e+000    1.12889072619540e+000
-2.77560975609756e+000    1.12894033347113e+000
-2.68780487804878e+000    1.12898994074687e+000
-2.60975609756098e+000    1.12903403610307e+000
-2.49268292682927e+000    1.12910017913738e+000
-2.34634146341463e+000    1.12918285793027e+000
-2.17073170731707e+000    1.12928207248174e+000
-2.05365853658537e+000    1.12256855449910e+000
-1.97560975609756e+000    1.10227366680446e+000
-1.90731707317073e+000    1.07858343668182e+000
-1.82926829268293e+000    1.05828854898718e+000
-1.78048780487805e+000    1.03119746451702e+000
-1.71219512195122e+000    1.00411740388590e+000
-1.66341463414634e+000    9.77026319415736e-001
-1.62439024390244e+000    9.60099214551468e-001
-1.57560975609756e+000    9.26228469064352e-001
-1.52682926829268e+000    8.88967893068761e-001
-1.50731707317073e+000    8.65250103348491e-001
-1.43902439024390e+000    8.38170042717376e-001
-1.38048780487805e+000    8.07694639658261e-001
-1.31219512195122e+000    7.87394240044095e-001
-1.25365853658537e+000    7.67088328510404e-001
-1.19512195121951e+000    7.46782416976712e-001
-1.12682926829268e+000    7.19702356345597e-001
-1.06829268292683e+000    7.02786275320380e-001
-1.02926829268293e+000    6.79079509439162e-001
-9.90243902439024e-001    6.62152404574893e-001
-9.51219512195122e-001    6.38445638693675e-001
-9.02439024390244e-001    6.21524045748932e-001
-8.43902439024390e-001    6.04607964723715e-001
-8.14634146341463e-001    5.87675347939920e-001
-7.65853658536585e-001    5.74143585503652e-001
-7.07317073170731e-001    5.50447843461485e-001
-6.58536585365853e-001    5.43695742042166e-001
-5.70731707317073e-001    5.26796196775527e-001
-5.31707317073171e-001    5.30208074962106e-001
-4.73170731707317e-001    5.33630976987736e-001
-3.85365853658536e-001    5.20121262229571e-001
-3.56097560975610e-001    5.16747967479675e-001
-2.58536585365854e-001    5.06633595149511e-001
-1.90243902439024e-001    5.03282348077718e-001
-1.02439024390244e-001    5.03331955353452e-001
-2.43902439024390e-002    5.03376050709660e-001
 5.36585365853659e-002    5.10199807082817e-001
 1.02439024390244e-001    5.13617197188921e-001
 1.80487804878049e-001    5.06881631528180e-001
 2.29268292682927e-001    5.00129530108860e-001
 2.78048780487805e-001    4.93377428689541e-001
 3.07317073170732e-001    4.90004133939644e-001
 3.56097560975610e-001    4.83252032520325e-001
 4.04878048780488e-001    4.76499931101006e-001
 4.73170731707317e-001    4.66369023012264e-001
 5.12195121951219e-001    4.59611409673419e-001
 5.60975609756098e-001    4.52859308254099e-001
 6.19512195121951e-001    4.49502549262781e-001
 6.68292682926829e-001    4.49530108860411e-001
 7.36585365853659e-001    4.52958522805567e-001
 7.56097560975610e-001    4.56359377153093e-001
 8.14634146341463e-001    4.76731431721097e-001
 8.43902439024390e-001    4.86917459005098e-001
 8.92682926829268e-001    5.07284001653576e-001
 9.31707317073171e-001    5.24255201874053e-001
 9.70731707317073e-001    5.44616232603004e-001
 1.01951219512195e+000    5.64982775251481e-001
 1.06829268292683e+000    5.81959487391484e-001
 1.11707317073171e+000    6.05715860548436e-001
 1.16585365853659e+000    6.26082403196913e-001
 1.18536585365854e+000    6.46432410086813e-001
 1.20487804878049e+000    6.70172247485187e-001
 1.24390243902439e+000    6.87143447705663e-001
 1.25365853658537e+000    7.10877773184512e-001
 1.28292682926829e+000    7.31233291993937e-001
 1.29268292682927e+000    7.48187956455836e-001
 1.31219512195122e+000    7.65148132837261e-001
 1.33170731707317e+000    7.85498139727160e-001
 1.33170731707317e+000    8.05837122778007e-001
 1.36097560975610e+000    8.49921455146755e-001
 1.41951219512195e+000    8.94022323274080e-001
 1.41951219512195e+000    9.31310458867300e-001
 1.43902439024390e+000    9.58440126774149e-001
 1.49756097560976e+000    1.04321896100317e+000
 1.55609756097561e+000    1.08731982913049e+000
 1.61463414634146e+000    1.12803086674935e+000
 1.67317073170732e+000    1.13823342979193e+000
 1.73170731707317e+000    1.13826650130908e+000
 1.75121951219512e+000    1.13827752514813e+000
 1.80000000000000e+000    1.13830508474576e+000
 1.88780487804878e+000    1.13835469202150e+000
 1.92682926829268e+000    1.13837673969960e+000
 2.10243902439024e+000    1.13847595425107e+000
 2.20000000000000e+000    1.13853107344633e+000
 2.24878048780488e+000    1.13855863304396e+000
 2.34634146341463e+000    1.13522392173074e+000
 2.42439024390244e+000    1.13526801708695e+000
 2.49268292682927e+000    1.13530660052363e+000
 2.62926829268293e+000    1.13538376739700e+000
 2.66829268292683e+000    1.13540581507510e+000
 2.80487804878049e+000    1.13548298194846e+000
 2.92195121951220e+000    1.12876946396583e+000
