Generated by GetData Graph Digitizer 2.22 on December 15 2023, 18:20
from file 'C:\Users\31425\Desktop\Blind Test 3\Fig_12\Fig_12b.jpg'

Line #1
-2.68831168831169e+000    1.24137931034483e+000
-2.58116883116883e+000    1.22758620689655e+000
-2.46428571428571e+000    1.20000000000000e+000
-2.34740259740260e+000    1.17931034482759e+000
-2.24025974025974e+000    1.14482758620690e+000
-2.13311688311688e+000    1.11034482758621e+000
-2.01623376623377e+000    1.07586206896552e+000
-1.90909090909091e+000    1.02758620689655e+000
-1.79220779220779e+000    9.89655172413793e-001
-1.67532467532468e+000    9.51724137931034e-001
-1.56818181818182e+000    9.17241379310345e-001
-1.50000000000000e+000    9.00000000000000e-001
-1.42207792207792e+000    8.75862068965517e-001
-1.35389610389610e+000    8.58620689655172e-001
-1.30519480519481e+000    8.41379310344828e-001
-1.23701298701299e+000    8.20689655172414e-001
-1.15909090909091e+000    8.00000000000000e-001
-1.08116883116883e+000    7.75862068965517e-001
-1.02272727272727e+000    7.48275862068965e-001
-9.54545454545455e-001    7.24137931034483e-001
-8.76623376623377e-001    7.06896551724138e-001
-7.98701298701299e-001    6.82758620689655e-001
-7.40259740259740e-001    6.68965517241379e-001
-6.62337662337662e-001    6.51724137931034e-001
-6.03896103896104e-001    6.37931034482759e-001
-5.35714285714286e-001    6.20689655172414e-001
-4.77272727272727e-001    6.06896551724138e-001
-3.89610389610390e-001    5.96551724137931e-001
-3.11688311688312e-001    5.86206896551724e-001
-2.14285714285714e-001    5.72413793103448e-001
-1.07142857142857e-001    5.58620689655172e-001
 0.00000000000000e+000    5.48275862068966e-001
 1.07142857142858e-001    5.44827586206897e-001
 2.14285714285714e-001    5.37931034482759e-001
 3.01948051948052e-001    5.31034482758621e-001
 3.70129870129870e-001    5.20689655172414e-001
 4.57792207792208e-001    5.17241379310345e-001
 5.25974025974026e-001    5.10344827586207e-001
 6.23376623376624e-001    5.00000000000000e-001
 6.81818181818182e-001    4.96551724137931e-001
 7.79220779220779e-001    4.96551724137931e-001
 8.96103896103896e-001    5.24137931034483e-001
 1.01298701298701e+000    5.82758620689655e-001
 1.11038961038961e+000    6.44827586206897e-001
 1.15909090909091e+000    6.75862068965517e-001
 1.19805194805195e+000    7.13793103448276e-001
 1.24675324675325e+000    7.51724137931034e-001
 1.29545454545455e+000    7.72413793103448e-001
 1.34415584415584e+000    8.00000000000000e-001
 1.38311688311688e+000    8.34482758620690e-001
 1.43181818181818e+000    8.72413793103448e-001
 1.47077922077922e+000    9.06896551724138e-001
 1.51948051948052e+000    9.37931034482759e-001
 1.55844155844156e+000    9.75862068965517e-001
 1.60714285714286e+000    1.00689655172414e+000
 1.63636363636364e+000    1.04137931034483e+000
 1.69480519480519e+000    1.06896551724138e+000
 1.74350649350649e+000    1.09310344827586e+000
 1.81168831168831e+000    1.11034482758621e+000
 1.87012987012987e+000    1.12068965517241e+000
 1.92857142857143e+000    1.12413793103448e+000
 2.02597402597403e+000    1.12413793103448e+000
 2.12337662337662e+000    1.13103448275862e+000
 2.25000000000000e+000    1.14137931034483e+000
 2.34740259740260e+000    1.15862068965517e+000
 2.46428571428571e+000    1.16896551724138e+000
 2.58116883116883e+000    1.19655172413793e+000
 2.69805194805195e+000    1.21034482758621e+000
