Generated by GetData Graph Digitizer 2.22 on December 15 2023, 18:22
from file 'C:\Users\31425\Desktop\Blind Test 3\Fig_12\Fig_12b.jpg'

Line #1
-2.86363636363636e+000    1.13103448275862e+000
-2.77597402597403e+000    1.13103448275862e+000
-2.68831168831169e+000    1.13103448275862e+000
-2.59090909090909e+000    1.12758620689655e+000
-2.46428571428571e+000    1.12758620689655e+000
-2.30844155844156e+000    1.12068965517241e+000
-2.15259740259740e+000    1.11379310344828e+000
-2.02597402597403e+000    1.10344827586207e+000
-1.94805194805195e+000    1.08965517241379e+000
-1.87987012987013e+000    1.05862068965517e+000
-1.83116883116883e+000    1.03448275862069e+000
-1.77272727272727e+000    1.00000000000000e+000
-1.68506493506493e+000    9.68965517241379e-001
-1.63636363636364e+000    9.34482758620690e-001
-1.53896103896104e+000    8.89655172413793e-001
-1.48051948051948e+000    8.51724137931034e-001
-1.43181818181818e+000    8.34482758620690e-001
-1.35389610389610e+000    8.06896551724138e-001
-1.28571428571429e+000    7.75862068965517e-001
-1.19805194805195e+000    7.55172413793103e-001
-1.11038961038961e+000    7.27586206896552e-001
-1.03246753246753e+000    6.93103448275862e-001
-9.54545454545455e-001    6.65517241379310e-001
-9.15584415584416e-001    6.44827586206897e-001
-8.37662337662338e-001    6.13793103448276e-001
-7.50000000000000e-001    5.86206896551724e-001
-6.13636363636364e-001    5.48275862068966e-001
-5.45454545454545e-001    5.10344827586207e-001
-3.79870129870130e-001    4.96551724137931e-001
-2.92207792207792e-001    4.96551724137931e-001
-1.75324675324675e-001    4.96551724137931e-001
-7.79220779220777e-002    4.93103448275862e-001
 6.81818181818183e-002    4.96551724137931e-001
 1.46103896103896e-001    5.03448275862069e-001
 2.62987012987013e-001    4.96551724137931e-001
 3.70129870129870e-001    4.86206896551724e-001
 4.18831168831169e-001    4.75862068965517e-001
 5.16233766233766e-001    4.68965517241379e-001
 7.01298701298701e-001    4.68965517241379e-001
 7.98701298701299e-001    4.79310344827586e-001
 8.66883116883117e-001    4.89655172413793e-001
 9.15584415584416e-001    5.20689655172414e-001
 9.93506493506493e-001    5.48275862068966e-001
 1.03246753246753e+000    5.96551724137931e-001
 1.08116883116883e+000    6.17241379310345e-001
 1.11038961038961e+000    6.55172413793103e-001
 1.15909090909091e+000    6.93103448275862e-001
 1.18831168831169e+000    7.24137931034483e-001
 1.25649350649351e+000    7.65517241379310e-001
 1.30519480519481e+000    8.06896551724138e-001
 1.34415584415584e+000    8.44827586206896e-001
 1.38311688311688e+000    8.82758620689655e-001
 1.42207792207792e+000    9.13793103448276e-001
 1.46103896103896e+000    9.44827586206896e-001
 1.48051948051948e+000    9.72413793103448e-001
 1.51948051948052e+000    1.00689655172414e+000
 1.57792207792208e+000    1.06896551724138e+000
 1.67532467532468e+000    1.11034482758621e+000
 1.79220779220779e+000    1.12758620689655e+000
 1.87987012987013e+000    1.13448275862069e+000
 2.03571428571429e+000    1.13448275862069e+000
 2.18181818181818e+000    1.13103448275862e+000
 2.29870129870130e+000    1.12413793103448e+000
 2.42532467532468e+000    1.12758620689655e+000
 2.63961038961039e+000    1.12413793103448e+000
 2.85389610389610e+000    1.12413793103448e+000
 2.92207792207792e+000    1.12758620689655e+000
