Generated by GetData Graph Digitizer 2.22 on December 15 2023, 18:16
from file 'C:\Users\31425\Desktop\Blind Test 3\Fig_12\Fig_12a.jpg'

Line #1
-2.67804878048781e+000    1.24424968995453e+000
-2.58048780487805e+000    1.23074548711589e+000
-2.46341463414634e+000    1.22742179964173e+000
-2.34634146341463e+000    1.22409811216756e+000
-2.23902439024390e+000    1.20381976023150e+000
-2.12195121951220e+000    1.17337742868954e+000
-2.01463414634146e+000    1.13276009370263e+000
-1.90731707317073e+000    1.07858343668182e+000
-1.80000000000000e+000    1.03457627118644e+000
-1.68292682926829e+000    9.83794956593634e-001
-1.56585365853659e+000    9.36403472509301e-001
-1.51707317073171e+000    9.12702218547609e-001
-1.45853658536585e+000    8.92396307013917e-001
-1.41951219512195e+000    8.75469202149649e-001
-1.34146341463415e+000    8.48394653438060e-001
-1.28292682926829e+000    8.11139589361995e-001
-1.20487804878049e+000    7.80675210141932e-001
-1.15609756097561e+000    7.70533278214138e-001
-1.07804878048780e+000    7.46848560011024e-001
-9.90243902439024e-001    7.43508336778283e-001
-9.12195121951219e-001    7.40162601626016e-001
-8.14634146341463e-001    7.33438059804327e-001
-7.46341463414634e-001    7.33476643241009e-001
-6.87804878048780e-001    7.33509714758165e-001
-6.09756097560976e-001    7.30163979605898e-001
-5.12195121951220e-001    7.26829268292683e-001
-4.43902439024390e-001    7.20088190712416e-001
-3.75609756097561e-001    7.09957282623674e-001
-2.97560975609756e-001    7.03221716962932e-001
-2.19512195121951e-001    6.99875981810666e-001
-1.02439024390244e-001    6.86382802811079e-001
-4.87804878048781e-003    6.76268430480915e-001
 1.12195121951220e-001    6.72944743006752e-001
 2.19512195121951e-001    6.56056221579165e-001
 2.87804878048781e-001    6.42535482981948e-001
 3.36585365853659e-001    6.22224059528731e-001
 3.95121951219512e-001    6.05307978503514e-001
 4.43902439024390e-001    5.88386385558771e-001
 4.73170731707317e-001    5.74843599283450e-001
 5.31707317073171e-001    5.61317348766708e-001
 5.70731707317073e-001    5.47780074410914e-001
 6.19512195121951e-001    5.34248311974645e-001
 6.68292682926829e-001    5.44445363097699e-001
 7.75609756097561e-001    5.81794129805705e-001
 8.92682926829268e-001    6.49656883009508e-001
 1.00975609756098e+000    7.14129805704837e-001
 1.12682926829268e+000    7.95551880942538e-001
 1.14634146341463e+000    8.15901887832438e-001
 1.21463414634146e+000    8.36279454319967e-001
 1.25365853658537e+000    8.63420146065867e-001
 1.30243902439024e+000    8.97346010748243e-001
 1.34146341463415e+000    9.34656194019567e-001
 1.38048780487805e+000    9.65186716273942e-001
 1.41951219512195e+000    9.85547747002894e-001
 1.46829268292683e+000    1.00930412015985e+000
 1.52682926829268e+000    1.04323549676175e+000
 1.55609756097561e+000    1.08731982913049e+000
 1.60487804878049e+000    1.15853382940609e+000
 1.65365853658537e+000    1.21279867713931e+000
 1.69268292682927e+000    1.23993936888521e+000
 1.75121951219512e+000    1.24675210141932e+000
 1.81951219512195e+000    1.25018051536448e+000
 1.88780487804878e+000    1.24682926829268e+000
 1.95609756097561e+000    1.24686785172936e+000
 2.01463414634146e+000    1.24690092324652e+000
 2.12195121951220e+000    1.24696155436131e+000
 2.24878048780488e+000    1.25381287033209e+000
 2.35609756097561e+000    1.26065316246383e+000
 2.46341463414634e+000    1.26749345459556e+000
 2.57073170731707e+000    1.27094391621882e+000
 2.69756097560976e+000    1.27440540168114e+000
