Generated by GetData Graph Digitizer 2.22 on December 17 2023, 20:36
from file 'C:\Users\31425\Desktop\Blind-Test\Fig_7\Fig_7b.jpg'

Line #1
-2.77859778597786e+000    6.89428436837560e-005
-2.56826568265683e+000    7.12736515663029e-005
-2.35793357933579e+000    7.36044594488498e-005
-2.13653136531365e+000    1.42547303132606e-004
-1.99261992619926e+000    2.10631428122792e-004
-1.82656826568266e+000    9.43854518332417e-004
-1.71586715867159e+000    2.47433657847217e-003
-1.60516605166052e+000    5.86652076627149e-003
-1.49446494464945e+000    1.06549815498155e-002
-1.39483394833948e+000    1.61082132762817e-002
-1.29520295202952e+000    1.91678279814713e-002
-1.22878228782288e+000    1.89026065792573e-002
-1.17343173431734e+000    1.75069433540080e-002
-1.07380073800738e+000    1.38511325272827e-002
-9.52029520295203e-001    9.06524789981942e-003
-8.52398523985240e-001    7.47060728586009e-003
-7.52767527675277e-001    7.80415816126246e-003
-6.42066420664206e-001    7.47293809374264e-003
-5.42435424354244e-001    6.14425492659182e-003
-3.76383763837638e-001    4.15141418701421e-003
-3.21033210332103e-001    3.55362330219047e-003
-2.65682656826568e-001    5.21647071523907e-003
-1.66051660516605e-001    8.01012797362016e-003
-8.85608856088562e-002    7.54556116039884e-003
 0.00000000000000e+000    6.54920212765957e-003
 5.53505535055350e-002    7.34768783858051e-003
 1.21771217712177e-001    8.81118984062181e-003
 2.32472324723247e-001    1.04081612624637e-002
 2.21402214022141e-001    1.13388896521944e-002
 3.32103321033211e-001    1.13401163931852e-002
 4.20664206642067e-001    1.18065233178928e-002
 5.42435424354244e-001    1.21403195414933e-002
 6.42066420664206e-001    1.28063172254063e-002
 7.41697416974170e-001    1.23419957603831e-002
 8.74538745387454e-001    1.23434678495721e-002
 9.63099630996310e-001    1.53364705189605e-002
 1.06273062730627e+000    2.09226809688310e-002
 1.17343173431734e+000    2.51792268587579e-002
 1.29520295202952e+000    2.41167464866138e-002
 1.39483394833948e+000    2.09263611918034e-002
 1.50553505535055e+000    1.47440772944964e-002
 1.60516605166052e+000    7.29837285074978e-003
 1.71586715867159e+000    3.50970597471932e-003
 1.82656826568266e+000    1.25029441783780e-003
 1.93726937269373e+000    4.53648818403078e-004
 2.03690036900369e+000    2.55284800188427e-004
 2.15867158671587e+000    1.23655491874068e-004
 2.25830258302583e+000    1.91248920467928e-004
 2.38007380073801e+000    1.92598335557824e-004
 2.47970479704797e+000    1.93702402449556e-004
 2.56826568265683e+000    1.94683795242208e-004
 2.69003690036900e+000    1.96033210332103e-004
