Generated by GetData Graph Digitizer 2.22 on December 17 2023, 20:45
from file 'C:\Users\31425\Desktop\Blind-Test\Fig_7\Fig_7d.jpg'

Line #1
-2.79361179361179e+000    1.80674781030021e-004
-2.67567567567568e+000    1.82420431088282e-004
-2.57248157248157e+000    1.83947874889260e-004
-2.43980343980344e+000    2.74721677918836e-004
-2.35135135135135e+000    4.53650808890596e-004
-2.26289926289926e+000    8.10199833290419e-004
-2.15970515970516e+000    1.43339690408962e-003
-2.04176904176904e+000    3.83301111542675e-003
-1.93857493857494e+000    6.94288669421884e-003
-1.83538083538084e+000    1.09408617401513e-002
-1.71744471744472e+000    1.57383445127673e-002
-1.61425061425061e+000    1.69832112105647e-002
-1.61425061425061e+000    1.87594101448453e-002
-1.49631449631450e+000    2.01821149423281e-002
-1.40786240786241e+000    2.13379534871542e-002
-1.28992628992629e+000    2.15173190306405e-002
-1.18673218673219e+000    2.16076564211555e-002
-1.08353808353808e+000    2.08987042912443e-002
-9.80343980343980e-001    1.99233223211909e-002
-8.62407862407863e-001    1.83264889303966e-002
-7.59213759213759e-001    1.73511069603432e-002
-6.56019656019656e-001    1.61981050968618e-002
-5.52825552825553e-001    1.57555828070926e-002
-4.79115479115479e-001    1.52238141580948e-002
-4.34889434889435e-001    1.42475593630123e-002
-3.75921375921376e-001    1.36267625610432e-002
-3.16953316953317e-001    1.31835856525022e-002
-3.31695331695332e-001    1.23840779258186e-002
-2.13759213759213e-001    1.17641539488786e-002
-1.54791154791155e-001    1.12321670936236e-002
-9.58230958230959e-002    1.05225603449405e-002
-6.63390663390664e-002    9.63489729031470e-003
 7.37100737100782e-003    1.02576579485993e-002
 9.58230958230963e-002    9.63729755914481e-003
 1.99017199017199e-001    9.90525484308788e-003
 3.16953316953317e-001    9.99581043986018e-003
 4.05405405405405e-001    1.15956987182564e-002
 5.23341523341523e-001    1.21303040485989e-002
 6.26535626535627e-001    1.39968403733945e-002
 7.44471744471745e-001    1.47978755438791e-002
 8.47665847665848e-001    1.64867919752467e-002
 9.50859950859951e-001    1.72876089394739e-002
 1.06879606879607e+000    1.82662640033866e-002
 1.18673218673219e+000    1.83568196001589e-002
 1.27518427518427e+000    1.94238481982709e-002
 1.27518427518427e+000    2.02231377186972e-002
 1.37837837837838e+000    1.89813259085018e-002
 1.49631449631450e+000    1.82725919848478e-002
 1.59950859950860e+000    1.56098210272278e-002
 1.70270270270270e+000    1.32134799097499e-002
 1.82063882063882e+000    9.48520779781881e-003
 1.92383292383292e+000    5.75671747963045e-003
 2.02702702702703e+000    3.53799625558063e-003
 2.14496314496315e+000    1.49711313121615e-003
 2.24815724815725e+000    7.88161001304874e-004
 2.36609336609337e+000    2.57046971078943e-004
 2.46928746928747e+000    2.58574414879921e-004
 2.57248157248157e+000    2.60101858680900e-004
 2.69041769041769e+000    1.73037562025129e-004
