Generated by GetData Graph Digitizer 2.22 on December 17 2023, 20:46
from file 'C:\Users\31425\Desktop\Blind-Test\Fig_7\Fig_7d.jpg'

Line #1
-3.00000000000000e+000    1.77619893428064e-004
-2.08599508599509e+000    1.78972772223216e-003
-2.04176904176904e+000    2.41205196800223e-003
-1.93857493857494e+000    4.54501813293998e-003
-1.86486486486486e+000    5.43420863136671e-003
-1.82063882063882e+000    6.50058261070695e-003
-1.79115479115479e+000    7.83316822393199e-003
-1.71744471744472e+000    9.78807808292711e-003
-1.65847665847666e+000    1.13875299488088e-002
-1.61425061425061e+000    1.20098541945789e-002
-1.52579852579853e+000    1.28992628992629e-002
-1.51105651105651e+000    1.40540104128026e-002
-1.42260442260442e+000    1.54762787977708e-002
-1.39312039312039e+000    1.63648146774257e-002
-1.36363636363636e+000    1.81414500242209e-002
-1.33415233415233e+000    2.00068953177301e-002
-1.27518427518428e+000    1.96525283559031e-002
-1.18673218673219e+000    1.90321679664486e-002
-1.08353808353808e+000    1.74351163693970e-002
-1.02457002457002e+000    1.80576588214244e-002
-9.65601965601966e-001    1.61935227654588e-002
-8.62407862407863e-001    1.35307518078388e-002
-7.59213759213759e-001    1.34434693049258e-002
-6.41277641277641e-001    1.17578259674174e-002
-5.38083538083538e-001    1.05160141572220e-002
-4.34889434889435e-001    9.54063218716860e-003
-3.31695331695332e-001    8.29882037697313e-003
-2.28501228501229e-001    8.03391798063201e-003
-1.84275184275184e-001    7.41290297240564e-003
-1.10565110565111e-001    7.85804373726221e-003
-7.37100737100738e-003    6.70504187378077e-003
 3.68550368550364e-002    6.08402686555440e-003
 9.58230958230963e-002    6.79537926429578e-003
 2.13759213759213e-001    7.86284427492243e-003
 3.16953316953317e-001    8.84128113257776e-003
 4.20147420147420e-001    9.46447820337696e-003
 5.23341523341523e-001    9.37719570046391e-003
 5.97051597051597e-001    8.84542705146613e-003
 6.26535626535627e-001    9.37872314426489e-003
 7.44471744471745e-001    1.09790478351757e-002
 8.47665847665848e-001    1.14246250125469e-002
 9.50859950859951e-001    1.27583016570583e-002
 1.06879606879607e+000    1.40033865611130e-002
 1.18673218673219e+000    1.93337290140132e-002
 1.39312039312039e+000    2.04913132088976e-002
 1.45208845208845e+000    1.85383672062180e-002
 1.59950859950860e+000    1.50769613469436e-002
 1.65847665847666e+000    1.20582959836956e-002
 1.71744471744472e+000    1.00165400343020e-002
 1.80589680589681e+000    5.93259172300025e-003
 1.92383292383292e+000    3.27003897163755e-003
 2.02702702702703e+000    1.49536748115789e-003
