Generated by GetData Graph Digitizer 2.22 on December 17 2023, 20:38
from file 'C:\Users\31425\Desktop\Blind-Test\Fig_7\Fig_7b.jpg'

Line #1
-3.00000000000000e+000    0.00000000000000e+000
-1.92619926199262e+000    6.10303642930046e-004
-1.77121771217712e+000    1.74234022925336e-003
-1.71586715867159e+000    2.93976211038706e-003
-1.66051660516605e+000    4.20367335322289e-003
-1.63837638376384e+000    5.00179104184659e-003
-1.60516605166052e+000    6.53141438329277e-003
-1.57195571955720e+000    8.26050580984533e-003
-1.54981549815498e+000    9.65702775378818e-003
-1.51660516605166e+000    1.27823957760854e-002
-1.49446494464945e+000    1.48438113370495e-002
-1.43911439114391e+000    1.94986800266939e-002
-1.39483394833948e+000    2.74114047656434e-002
-1.28413284132841e+000    3.73195464002512e-002
-1.25092250922509e+000    4.01124676140378e-002
-1.17343173431734e+000    4.45016242050718e-002
-1.06273062730627e+000    3.89177445630839e-002
-9.52029520295203e-001    3.00093968359896e-002
-8.52398523985240e-001    2.27631604773495e-002
-7.41697416974170e-001    1.54505574311062e-002
-6.42066420664206e-001    1.73133636256575e-002
-5.31365313653136e-001    1.95752286645207e-002
-4.31734317343174e-001    2.11720774122635e-002
-3.21033210332103e-001    1.74498998979352e-002
-2.10332103321033e-001    1.22649564261600e-002
 1.10701107011071e-002    4.02272905707781e-003
 1.10701107011070e-001    6.88287567716103e-003
 1.99261992619926e-001    9.94236770825155e-003
 3.21033210332104e-001    1.49304192510010e-002
 4.31734317343174e-001    2.05167523749706e-002
 4.76014760147602e-001    2.19800090288137e-002
 5.31365313653136e-001    2.05843458035644e-002
 6.42066420664206e-001    1.47345087147680e-002
 6.86346863468635e-001    1.40036164324409e-002
 7.52767527675276e-001    1.91240333280992e-002
 8.63468634686347e-001    2.77023877286645e-002
 9.74169741697417e-001    3.51504229802936e-002
 1.18450184501845e+000    3.57511580434953e-002
 1.21771217712177e+000    3.38898239381330e-002
 1.26199261992620e+000    3.49541444217634e-002
 1.29520295202952e+000    3.42231294653372e-002
 1.39483394833948e+000    2.49822122556332e-002
 1.61623616236162e+000    9.09370829080631e-003
 1.68265682656827e+000    4.97210390986889e-003
 1.77121771217712e+000    2.04755338776792e-003
