Generated by GetData Graph Digitizer 2.22 on December 17 2023, 20:41
from file 'C:\Users\31425\Desktop\Blind-Test\Fig_7\Fig_7c.jpg'

Line #1
-2.77884992709293e+000    1.18872398167616e+000
-2.66732069610763e+000    1.17882349053447e+000
-2.55566754375457e+000    1.18135644329152e+000
-2.45816621159987e+000    1.16399010281343e+000
-2.34661219634101e+000    1.15657630045149e+000
-2.23505818108216e+000    1.14916249808955e+000
-2.13740814328615e+000    1.14671629028993e+000
-2.02597804939506e+000    1.12686904402926e+000
-1.91459752405107e+000    1.10204842020910e+000
-1.81736881890544e+000    1.05732850315380e+000
-1.70628570484409e+000    1.00266761397668e+000
-1.59502910086786e+000    9.65413546257781e-001
-1.48387163398585e+000    9.18212723419899e-001
-1.38666771311377e+000    8.71006117584855e-001
-1.27563416759952e+000    8.11371850848242e-001
-1.16447670071750e+000    7.64171028010360e-001
-1.08112718876116e+000    7.26905394297139e-001
-9.55917038774996e-001    6.89657109575404e-001
-8.58613980808711e-001    6.52397258859345e-001
-7.47159102644069e-001    6.35036701378419e-001
-6.35729008752979e-001    6.15189455117746e-001
-5.38252460871828e-001    5.95336425859911e-001
-4.12844036697248e-001    5.77981651376147e-001
-3.15293135995440e-001    5.65588688457551e-001
-2.17742235293632e-001    5.53195725538955e-001
-1.20141766044719e-001    5.45776140179851e-001
-8.73645642718168e-003    5.23442205139432e-001
 5.46493231827938e-003    5.48314875934057e-001
 1.17043731850683e-001    5.43387762351862e-001
 2.14842475288014e-001    5.55861687230729e-001
 3.40399605103908e-001    5.53427045425443e-001
 4.24368723899062e-001    5.78328631205879e-001
 5.36170581893436e-001    5.95781716641400e-001
 6.62025122991958e-001    6.23187340193069e-001
 7.60046924891259e-001    6.58041464089653e-001
 8.58068726790560e-001    6.92895587986236e-001
 9.70019290426248e-001    7.25268806100236e-001
 1.08206899115615e+000    7.67588779333220e-001
 1.18014036160255e+000    8.07416280789297e-001
 1.23615281983072e+000    8.27332923015916e-001
 1.29219006233245e+000    8.49736254022281e-001
 1.39026143277885e+000    8.89563755478357e-001
 1.40428933160945e+000    8.97029604814758e-001
 1.51638860088645e+000    9.44322955607235e-001
 1.61453432415351e+000    9.91610523402550e-001
 1.72650967206275e+000    1.02647043029630e+000
 1.82470496387692e+000    1.07873137565110e+000
 1.93663074323906e+000    1.10861790498536e+000
 2.04843260123343e+000    1.12607099042088e+000
 2.14628091321787e+000    1.14351829285924e+000
 2.27193718012797e+000    1.15103040617294e+000
 2.36971113929175e+000    1.16101764227206e+000
 2.48143864446547e+000    1.17101066136834e+000
 2.57911346653504e+000    1.17105114234848e+000
 2.69061791324678e+000    1.15866396242704e+000
