Generated by GetData Graph Digitizer 2.22 on December 17 2023, 20:42
from file 'C:\Users\31425\Desktop\Blind-Test\Fig_7\Fig_7c.jpg'

Line #1
-3.00314760274114e+000    1.08419052497222e+000
-2.87756568865169e+000    1.08424257194668e+000
-2.77989086658212e+000    1.08428305292682e+000
-2.66823771422906e+000    1.08681600568386e+000
-2.57056289215950e+000    1.08685648666400e+000
-2.45893452407999e+000    1.08690275064129e+000
-2.34730615600048e+000    1.08694901461859e+000
-2.24965611820446e+000    1.08450280681898e+000
-2.13807731867206e+000    1.07957569323678e+000
-2.02654808768676e+000    1.06967520209510e+000
-1.92899718698495e+000    1.05728223917650e+000
-1.65064501071920e+000    9.85283924507103e-001
-1.28921594950617e+000    8.48666399547274e-001
-1.17810805117126e+000    7.96492199149899e-001
-1.06695058428925e+000    7.49291376312017e-001
-9.55570058945264e-001    7.24470752491852e-001
-3.98593079404681e-001    6.07827699730264e-001
-2.17494392558109e-001    5.78062613336418e-001
-1.05965161572810e-001    5.68162122194730e-001
-5.02253303537130e-002    5.60725187844140e-001
 5.64201595281074e-001    6.08226726534456e-001
 7.18037581220130e-001    6.43103982419689e-001
 8.99830227726167e-001    6.82966181858738e-001
 9.69771447690726e-001    7.00401918302773e-001
 1.05393884067430e+000    7.45197014321179e-001
 1.19369735923565e+000    7.67635043310518e-001
 1.32002280153167e+000    8.42287753677367e-001
 1.39003837431688e+000    8.67183556460640e-001
 1.48825845040460e+000    9.21931190595194e-001
 1.69837952158091e+000    1.00407866528426e+000
 1.82433319977364e+000    1.04143104395491e+000
 1.92230543312583e+000    1.07131179029200e+000
 2.03410729112021e+000    1.08876487572752e+000
 2.15973877375676e+000    1.09379030026147e+000
 2.25741359582633e+000    1.09383078124161e+000
 2.36904196390584e+000    1.09387704521891e+000
 2.48067033198534e+000    1.09392330919620e+000
 2.57834515405491e+000    1.09396379017634e+000
 2.67601997612448e+000    1.09400427115648e+000
 2.80160189021393e+000    1.09405631813094e+000
 2.91323025829344e+000    1.09410258210823e+000
 3.01090508036301e+000    1.09414306308837e+000
