Generated by GetData Graph Digitizer 2.22 on December 17 2023, 20:32
from file 'C:\Users\31425\Desktop\Blind-Test\Fig_7\Fig_7a.jpg'

Line #1
-2.79020979020979e+000    1.25664893617021e+000
-2.56993006993007e+000    1.23617021276596e+000
-2.36013986013986e+000    1.22686170212766e+000
-2.13986013986014e+000    1.22127659574468e+000
-1.98251748251748e+000    1.22313829787234e+000
-1.82517482517483e+000    1.21941489361702e+000
-1.72027972027972e+000    1.20079787234043e+000
-1.60489510489510e+000    1.13191489361702e+000
-1.50000000000000e+000    1.00904255319149e+000
-1.38461538461538e+000    8.69414893617021e-001
-1.33216783216783e+000    7.83776595744681e-001
-1.27972027972028e+000    7.13031914893617e-001
-1.23776223776224e+000    6.34840425531915e-001
-1.18531468531469e+000    5.62234042553191e-001
-1.06993006993007e+000    4.37500000000000e-001
-9.75524475524476e-001    3.59308510638298e-001
-8.49650349650350e-001    3.48138297872340e-001
-7.44755244755245e-001    4.00265957446808e-001
-6.39860139860140e-001    4.82180851063830e-001
-5.34965034965035e-001    5.73404255319149e-001
-4.30069930069930e-001    6.66489361702128e-001
-3.77622377622377e-001    7.03723404255319e-001
-2.62237762237762e-001    7.24202127659574e-001
-2.09790209790210e-001    6.88829787234043e-001
-1.57342657342657e-001    6.49734042553191e-001
-9.44055944055942e-002    6.18085106382979e-001
-1.04895104895105e-001    6.47872340425532e-001
 1.04895104895109e-002    6.83244680851064e-001
-1.04895104895109e-002    6.51595744680851e-001
 1.04895104895105e-001    6.77659574468085e-001
 1.04895104895105e-001    6.49734042553191e-001
 2.30769230769231e-001    6.59042553191489e-001
 2.09790209790210e-001    6.31117021276596e-001
 3.14685314685314e-001    6.18085106382979e-001
 4.30069930069930e-001    5.84574468085106e-001
 5.34965034965035e-001    5.43617021276596e-001
 6.39860139860140e-001    4.71010638297872e-001
 7.55244755244755e-001    4.22606382978723e-001
 8.60139860139860e-001    3.83510638297872e-001
 9.65034965034965e-001    4.11436170212766e-001
 1.08041958041958e+000    4.95212765957447e-001
 1.18531468531469e+000    6.34840425531915e-001
 1.29020979020979e+000    7.81914893617021e-001
 1.40559440559441e+000    9.25265957446809e-001
 1.50000000000000e+000    1.04069148936170e+000
 1.60489510489511e+000    1.13005319148936e+000
 1.72027972027972e+000    1.17101063829787e+000
 1.82517482517483e+000    1.18776595744681e+000
 1.93006993006993e+000    1.18962765957447e+000
 2.04545454545455e+000    1.19148936170213e+000
 2.16083916083916e+000    1.19148936170213e+000
 2.25524475524476e+000    1.19335106382979e+000
 2.37062937062937e+000    1.19707446808511e+000
 2.47552447552448e+000    1.21382978723404e+000
 2.58041958041958e+000    1.21755319148936e+000
 2.68531468531469e+000    1.19893617021277e+000
