Generated by GetData Graph Digitizer 2.22 on December 17 2023, 20:34
from file 'C:\Users\31425\Desktop\Blind-Test\Fig_7\Fig_7a.jpg'

Line #1
-3.00000000000000e+000    1.12446808510638e+000
-2.89510489510490e+000    1.12632978723404e+000
-2.79020979020979e+000    1.12446808510638e+000
-2.68531468531469e+000    1.12632978723404e+000
-2.58041958041958e+000    1.12632978723404e+000
-2.46503496503497e+000    1.12632978723404e+000
-2.36013986013986e+000    1.12819148936170e+000
-2.25524475524476e+000    1.12819148936170e+000
-2.13986013986014e+000    1.13005319148936e+000
-2.03496503496504e+000    1.13005319148936e+000
-1.93006993006993e+000    1.13191489361702e+000
-1.81468531468531e+000    1.13191489361702e+000
-1.60489510489510e+000    1.08723404255319e+000
-1.51048951048951e+000    1.03510638297872e+000
-1.39510489510490e+000    9.53191489361702e-001
-1.27972027972028e+000    8.30319148936170e-001
-1.18531468531469e+000    6.77659574468085e-001
-1.08041958041958e+000    5.60372340425532e-001
-9.65034965034965e-001    4.48670212765957e-001
-8.60139860139860e-001    3.77925531914894e-001
-7.44755244755245e-001    3.57446808510638e-001
-6.39860139860140e-001    4.00265957446808e-001
-4.19580419580420e-001    5.80851063829787e-001
-2.09790209790210e-001    7.87500000000000e-001
-1.04895104895105e-001    8.48936170212766e-001
 0.00000000000000e+000    8.69414893617021e-001
 1.04895104895105e-001    8.52659574468085e-001
 2.09790209790210e-001    7.76329787234043e-001
 1.15384615384616e-001    6.06914893617021e-001
 3.25174825174825e-001    6.70212765957447e-001
 4.40559440559441e-001    5.56648936170213e-001
 5.24475524475524e-001    4.52393617021277e-001
 6.39860139860140e-001    4.05851063829787e-001
 7.44755244755245e-001    3.96542553191489e-001
 8.49650349650349e-001    4.35638297872340e-001
 9.65034965034965e-001    5.02659574468085e-001
 1.06993006993007e+000    6.06914893617021e-001
 1.18531468531469e+000    7.13031914893617e-001
 1.29020979020979e+000    8.21010638297872e-001
 1.60489510489511e+000    1.08351063829787e+000
 1.70979020979021e+000    1.11888297872340e+000
 1.82517482517483e+000    1.13377659574468e+000
 1.94055944055944e+000    1.13377659574468e+000
 2.04545454545455e+000    1.13377659574468e+000
 2.15034965034965e+000    1.13191489361702e+000
 2.26573426573427e+000    1.13005319148936e+000
 2.36013986013986e+000    1.13005319148936e+000
 2.47552447552448e+000    1.12819148936170e+000
 2.58041958041958e+000    1.12819148936170e+000
 2.68531468531469e+000    1.12819148936170e+000
 2.79020979020979e+000    1.12819148936170e+000
 2.91608391608392e+000    1.12819148936170e+000
 3.01048951048951e+000    1.12819148936170e+000
