Generated by GetData Graph Digitizer 2.22 on March 06 2022, 13:52
from file 'C:\Users\Li Hang\Desktop\137-037-th.jpg'

Line #1
 4.14069759130870e-001   -9.66180639935196e-001
 4.25469944964620e-001   -8.91346818192648e-001
 4.40551068544064e-001   -8.13248993400519e-001
 4.48180973482953e-001   -7.57939627856003e-001
 4.59652633836037e-001   -6.70097443594692e-001
 4.67443356443428e-001   -5.85519262382960e-001
 4.75073261382317e-001   -5.30209896838444e-001
 4.93835322707455e-001   -4.48848068996736e-001
 5.05092559502537e-001   -4.00030972291711e-001
 5.05485669358874e-001   -3.28484978438520e-001
 5.05789436066042e-001   -2.73199437733781e-001
 4.87795725823744e-001   -2.14721368498797e-001
 4.84472160674719e-001   -1.52943558954566e-001
 4.84811664641555e-001   -9.11538369904462e-002
 4.70570366664284e-001   -1.64034021871203e-002
 4.63583732399400e-001    4.53624949372216e-002
 4.63851761846902e-001    9.41438543825792e-002
 4.64334214852405e-001    1.81950301384223e-001
 4.79236652133514e-001    2.27527219879446e-001
 4.94282038453291e-001    2.99120863412194e-001
 5.01822600243013e-001    3.38169775808258e-001
 5.02072761060682e-001    3.83699044623925e-001
 5.02448002287185e-001    4.51992947847426e-001
 5.02698163104853e-001    4.97522216663093e-001
 5.14044743049103e-001    5.62599766516570e-001
 5.18011578872132e-001    6.17897219641198e-001
 5.21942677435494e-001    6.66690491506445e-001
 5.22085626474162e-001    6.92707216543969e-001
 5.18601243656636e-001    7.25216210420985e-001
 5.07951540275892e-001    7.86970195125438e-001
 5.15563576584947e-001    8.39027470040264e-001
 5.08541205060396e-001    8.94289185905225e-001
 4.97694946751483e-001    9.20270173683082e-001
 4.83274962475877e-001    9.62499702189503e-001
