 1.40304568527919e+000    6.76526328291617e-002
 1.57563451776650e+000    1.35013503674135e-001
 1.67309644670051e+000    1.98209665842159e-001
 1.74010152284264e+000    2.65436274535117e-001
 1.76040609137056e+000    3.32603498045453e-001
 1.80304568527919e+000    4.01833711160800e-001
 1.80304568527919e+000    4.68975115026517e-001
 1.82335025380711e+000    5.32073162544991e-001
 1.82944162436548e+000    6.03291488295955e-001
 1.85177664974619e+000    6.70461293770753e-001
 1.85583756345178e+000    7.33538685573532e-001
 1.89035532994924e+000    7.98689394839169e-001
 1.89644670050761e+000    8.67873132594203e-001
 1.92284263959391e+000    9.35048101997924e-001
 1.97157360406091e+000    1.00428606100666e+000
 2.00203045685279e+000    1.07146619433930e+000
 2.04670050761421e+000    1.13256063743539e+000
 2.06091370558376e+000    1.20378929104420e+000
 2.09340101522843e+000    1.27300659433724e+000
 2.14213197969543e+000    1.34020996535004e+000
 2.19086294416244e+000    1.40334416037098e+000
 2.22538071065990e+000    1.47256404562848e+000
 2.25177664974619e+000    1.53973901503220e+000
 2.31472081218274e+000    1.60492587180030e+000
 2.34111675126904e+000    1.67006625320809e+000
 2.35736040609137e+000    1.73519372479357e+000
 2.38781725888325e+000    1.80644303411808e+000
 2.41624365482233e+000    1.86955140949440e+000
 2.43857868020305e+000    1.93672121496920e+000
 2.44873096446701e+000    2.00591011665315e+000
