 1.45780032698643e+000    6.84558587645376e-002
 1.65265847182158e+000    1.33183196144188e-001
 1.74598952045855e+000    2.02100288722060e-001
 1.80277436003808e+000    2.69033302885030e-001
 1.87580699812801e+000    3.31884784308774e-001
 1.88385874907721e+000    4.00910099345641e-001
 1.95282634546928e+000    4.67827653157326e-001
 2.00352186802271e+000    5.32737938027182e-001
 2.04000623567502e+000    5.95635800504780e-001
 2.06429753961393e+000    6.68701420677447e-001
 2.04595537884947e+000    7.35729773673341e-001
 2.09665090140290e+000    8.00640058543197e-001
 2.10470059097193e+000    8.71695833048820e-001
 2.12900426319187e+000    9.32578696408947e-001
 2.14720625010468e+000    1.00362158728850e+000
 2.15729258328298e+000    1.06858340666264e+000
 2.18362053083116e+000    1.13555507170382e+000
 2.20182664050432e+000    1.20253704364586e+000
 2.22003275017747e+000    1.26951901558790e+000
 2.23823885985063e+000    1.33650098752994e+000
 2.24832725440910e+000    1.39943234743532e+000
 2.27262268110835e+000    1.46843704867047e+000
 2.29082879078151e+000    1.53541902061251e+000
 2.31715879970986e+000    1.60036022618494e+000
 2.33536078662267e+000    1.67140311706449e+000
 2.33732528192595e+000    1.73637524333949e+000
 2.35147459542193e+000    1.79930144979444e+000
 2.38388979861604e+000    1.87032630359749e+000
 2.39804117349220e+000    1.93122205058369e+000
 2.40812338391015e+000    2.00024478889535e+000
