 1.44771573604061e+000    6.24406751681730e-002
 1.57360406091371e+000    1.29353926787999e-001
 1.65888324873096e+000    1.92253724567703e-001
 1.72182741116751e+000    2.61279456068672e-001
 1.73401015228426e+000    3.30369671082498e-001
 1.72182741116751e+000    3.97458317857290e-001
 1.74010152284264e+000    4.62475754199166e-001
 1.71370558375635e+000    5.31614976682762e-001
 1.70761421319797e+000    5.96663365110808e-001
 1.69949238578680e+000    6.65779373529776e-001
 1.68730964467005e+000    7.30835499979365e-001
 1.71167512690355e+000    7.99910238950105e-001
 1.72385786802030e+000    8.66967933638727e-001
 1.77461928934010e+000    9.36009141182782e-001
 1.81522842639594e+000    1.00303072510421e+000
 1.85177664974619e+000    1.06802494738145e+000
 1.89441624365482e+000    1.13097891131196e+000
 1.96751269035533e+000    1.19592670545995e+000
 2.05482233502538e+000    1.26492148487475e+000
 2.12588832487310e+000    1.32987185836325e+000
 2.19695431472081e+000    1.39888727250217e+000
 2.23350253807107e+000    1.46388149477941e+000
 2.32081218274112e+000    1.53084375386901e+000
 2.34923857868020e+000    1.59991333415872e+000
 2.42030456852792e+000    1.66283118732203e+000
 2.42233502538071e+000    1.73396681936363e+000
 2.46294416243655e+000    1.79692336263464e+000
 2.46497461928934e+000    1.86805899467624e+000
 2.48527918781726e+000    1.93307385167760e+000
 2.49543147208122e+000    1.99606908505633e+000
