?GetData Graph Digitizer 2.26.0.20?May 27 2022, 17:32??
???? 'Z:\CBL simulation\figure\inflow_vel.jpg'

?? #1
 6.85234654015732e-001    1.63911331774811e-002
 7.51087031015603e-001    3.25195513284242e-002
 7.95327099245361e-001    4.85999954310430e-002
 8.25158961628376e-001    6.46484568347789e-002
 8.45726121488566e-001    8.33400598533365e-002
 8.64236108467039e-001    1.00695242954288e-001
 8.80687780324548e-001    1.18045857098255e-001
 8.85817576777515e-001    1.36703192939438e-001
 8.89914788952262e-001    1.59353797184000e-001
 8.98138911522148e-001    1.70026880696918e-001
 9.04300150014088e-001    1.86022799095347e-001
 9.12518561387745e-001    2.03355137411381e-001
 9.14562027398512e-001    2.20673768856466e-001
 9.25872480410597e-001    2.32685556765483e-001
 9.30996565667334e-001    2.58002147409782e-001
 9.35100631277557e-001    2.72661645890604e-001
 9.46415653246625e-001    2.79346029957128e-001
 9.46398519657937e-001    2.99323794366476e-001
 9.53591200188850e-001    3.12658295322150e-001
 9.54604366399890e-001    3.31306493249366e-001
 9.57675847731894e-001    3.49959260133566e-001
 9.67956000944251e-001    3.63300614524714e-001
 9.68970309394537e-001    3.80616961491308e-001
 9.69985760084069e-001    3.96601457497278e-001
 9.75110987580052e-001    4.20586197180954e-001
 9.78171046519597e-001    4.52557473671385e-001
 9.85346593461823e-001    4.85869739036407e-001
 9.88404367922876e-001    5.20504717448085e-001
 9.89411822937687e-001    5.45812170178418e-001
 9.94525628041212e-001    5.83115419468326e-001
 9.93463345542602e-001    6.21736812847907e-001
 9.93439358518440e-001    6.49705683020994e-001
 9.93393668948607e-001    7.02979721445923e-001
 9.96441163256448e-001    7.49601358503210e-001
 9.96397758165107e-001    8.00211695006891e-001
 9.98398961323779e-001    8.66808811995035e-001
 9.99384713792920e-001    9.17421432977209e-001
 9.98281310681460e-001    1.00398946093923e+000
 1.00134251186025e+000    1.03462888646903e+000
 1.00131509811835e+000    1.06659330952399e+000
