Generated by GetData Graph Digitizer 2.26.0.20 on May 31 2022, 19:58
from file 'Z:\CBL simulation\figure\inflow_turb.jpg'

Line #1
 9.83096260084694e-002    2.21984858773752e-003
 9.51724957805945e-002    1.69568765051615e-002
 9.15530834532659e-002    3.57164343366842e-002
 8.88995862550953e-002    5.31423538248438e-002
 8.67289115284785e-002    6.92303119928383e-002
 8.35920514866537e-002    8.53096242072291e-002
 8.04551914448289e-002    1.01388936421620e-001
 7.78014240606081e-002    1.17472571612813e-001
 7.53897433772896e-002    1.36242936886340e-001
 7.27367865512192e-002    1.56353424968433e-001
 6.91181847820409e-002    1.79139835690857e-001
 6.64657683280707e-002    2.01934892366884e-001
 6.33307995885967e-002    2.27410194660043e-001
 6.09188487192281e-002    2.44838275636603e-001
 5.85079785940599e-002    2.67635493801031e-001
 5.51325442699843e-002    2.98477771793657e-001
 5.24806681881143e-002    3.23957397063618e-001
 5.00697980629461e-002    3.46754615228046e-001
 4.74176517950261e-002    3.70891956201040e-001
 4.47671266434066e-002    4.03083002955835e-001
 4.23573372624389e-002    4.31249358308131e-001
 3.97092437852705e-002    4.75520963735628e-001
 3.63348902053954e-002    5.11732378916122e-001
 3.39264517546783e-002    5.46610155753252e-001
 3.15174729318609e-002    5.78803363996448e-001
 2.95921271387477e-002    6.13685463810380e-001
 2.69426827313288e-002    6.51245647753043e-001
 2.47757906094136e-002    6.86125586078574e-001
 2.16437939164909e-002    7.26366015638369e-001
 1.89946196951221e-002    7.65268483877998e-001
 1.70687335299087e-002    7.97466015097996e-001
 1.51441982949459e-002    8.36374967802829e-001
 1.29783869172312e-002    8.76624043316228e-001
 1.10552026125190e-002    9.22244417505894e-001
 1.03389393936665e-002    9.63848746246665e-001
 8.66459644110935e-003    1.04571295794284e+000
 8.66918960396129e-003    1.06853179099128e+000
