Generated by GetData Graph Digitizer 2.26.0.20 on May 31 2022, 18:27
from file 'Z:\CBL simulation\figure\inflow_vel.jpg'

Line #1
 6.71724137931035e-001    4.00000000000000e-003
 7.00689655172414e-001    1.46666666666667e-002
 7.24482758620690e-001    2.00000000000000e-002
 7.49310344827586e-001    2.53333333333333e-002
 7.77241379310345e-001    3.73333333333333e-002
 8.00000000000000e-001    4.53333333333333e-002
 8.22758620689655e-001    5.60000000000000e-002
 8.50689655172414e-001    7.86666666666667e-002
 8.71379310344828e-001    9.86666666666667e-002
 8.88965517241379e-001    1.24000000000000e-001
 9.04482758620690e-001    1.52000000000000e-001
 9.16896551724138e-001    1.78666666666667e-001
 9.28275862068966e-001    2.09333333333333e-001
 9.37586206896552e-001    2.42666666666667e-001
 9.48965517241379e-001    2.78666666666667e-001
 9.57241379310345e-001    3.20000000000000e-001
 9.67586206896552e-001    3.65333333333333e-001
 9.74827586206897e-001    4.18666666666667e-001
 9.81034482758621e-001    4.66666666666667e-001
 9.86206896551724e-001    5.06666666666667e-001
 9.90344827586207e-001    5.34666666666667e-001
 9.95517241379311e-001    5.82666666666667e-001
 9.97586206896552e-001    6.41333333333333e-001
 9.97586206896552e-001    7.02666666666667e-001
 9.99655172413793e-001    7.56000000000000e-001
 1.00068965517241e+000    8.00000000000000e-001
 1.00068965517241e+000    8.44000000000000e-001
 1.00068965517241e+000    8.86666666666667e-001
 1.00275862068966e+000    9.26666666666667e-001
 1.00379310344828e+000    1.00133333333333e+000
 1.00379310344828e+000    1.07466666666667e+000
 1.00482758620690e+000    1.10666666666667e+000
 1.00482758620690e+000    1.17200000000000e+000
