Generated by GetData Graph Digitizer 2.26.0.20 on May 31 2022, 17:47
from file 'Z:\CBL simulation\figure\v_turb_2d_rsm.jpg'

Line #1
 1.14613695232687e-001    6.49819494584837e-002
 1.03064439177691e-001    1.37184115523466e-001
 1.01148319628829e-001    2.31046931407942e-001
 1.02447108726263e-001    3.68231046931408e-001
 1.08550490329584e-001    4.04332129963899e-001
 1.16261326256053e-001    4.62093862815884e-001
 1.21082530282222e-001    5.16245487364621e-001
 1.28791820950990e-001    5.59566787003610e-001
 1.25588115423024e-001    6.20938628158845e-001
 1.21420555404249e-001    6.75090252707581e-001
 1.23031486557224e-001    7.29241877256318e-001
 1.15972749380448e-001    7.65342960288809e-001
 1.13408780540570e-001    8.05054151624549e-001
 1.17906639392868e-001    8.37545126353791e-001
 1.19837052575462e-001    8.77256317689531e-001
 1.23053120165034e-001    9.31407942238267e-001
 1.24662892374733e-001    9.74729241877256e-001
 1.26915491787921e-001    1.02527075812274e+000
 1.24353454520169e-001    1.08303249097473e+000
 1.24678731266165e-001    1.12274368231047e+000
 1.30784044441611e-001    1.17689530685921e+000
 1.37530639562847e-001    1.22382671480144e+000
 1.32078970394794e-001    1.27797833935018e+000
 9.96660311794373e-002    1.37906137184116e+000
 7.68819790115373e-002    1.46209386281588e+000
 6.34065592326250e-002    1.53429602888087e+000
 6.02047852767846e-002    1.61371841155235e+000
 6.08561113976276e-002    1.70036101083032e+000
 5.86158740460448e-002    1.76534296028881e+000
 5.70196228412267e-002    1.84837545126354e+000
 5.63856808695165e-002    1.92418772563177e+000
 5.06234149036242e-002    2.07581227436823e+000
 5.06392537950563e-002    2.22382671480144e+000
 4.39162238537568e-002    2.39711191335740e+000
 4.07221761864199e-002    2.54873646209386e+000
