Generated by GetData Graph Digitizer 2.26.0.20 on May 31 2022, 17:53
from file 'Z:\CBL simulation\figure\v_turb_3d_rsm.jpg'

Line #1
 1.18999487673778e-001    2.69622528460156e-002
 1.16259266013089e-001    5.21270221689634e-002
 1.11907580594897e-001    8.80766926303176e-002
 1.10134314375333e-001    1.06051527860995e-001
 1.06909264228148e-001    1.47393648891552e-001
 1.06261282513660e-001    1.83343319352906e-001
 1.07385602185925e-001    2.10305572198922e-001
 1.10922872230086e-001    2.60635110844817e-001
 1.13334085902924e-001    3.00179748352307e-001
 1.16711483150642e-001    3.39724385859796e-001
 1.17513548664720e-001    3.68484122228880e-001
 1.20730880149433e-001    3.99041342121031e-001
 1.23786602138648e-001    4.34991012582385e-001
 1.27161876754187e-001    4.94307968843619e-001
 1.29089612706462e-001    5.37447573397244e-001
 1.29084209642732e-001    5.87777112043140e-001
 1.28757903186746e-001    6.27321749550629e-001
 1.28593785125944e-001    6.56081485919712e-001
 1.28263040439038e-001    7.36968244457759e-001
 1.28579891533496e-001    7.85500299580587e-001
 1.29863312135957e-001    8.30437387657280e-001
 1.32593692501995e-001    8.96944278010785e-001
 1.35166129737209e-001    9.34691431995207e-001
 1.37899790534797e-001    9.70641102456561e-001
 1.42243371357394e-001    1.01018573996405e+000
 1.43851168750223e-001    1.03355302576393e+000
 1.45457615377119e-001    1.06950269622528e+000
 1.45933953334896e-001    1.13241461953265e+000
 1.44800950167350e-001    1.18633912522469e+000
 1.42221180202789e-001    1.21689634511684e+000
 1.39158704383911e-001    1.24385859796285e+000
 1.34324506077964e-001    1.27441581785500e+000
 1.30617907875834e-001    1.30137807070102e+000
 1.26106542627761e-001    1.32474535650090e+000
 1.21434725683560e-001    1.34272019173158e+000
 1.16440847547733e-001    1.36069502696225e+000
 1.11286324749216e-001    1.37507489514679e+000
 1.05647938297012e-001    1.39664469742361e+000
 1.00493608465057e-001    1.40922708208508e+000
 9.43725161585375e-002    1.42720191731576e+000
 8.98617298101499e-002    1.44517675254644e+000
 8.26109147676345e-002    1.48651887357699e+000
 7.50366877675602e-002    1.54044337926902e+000
 6.56907382804171e-002    1.59796285200719e+000
 6.18173204856197e-002    1.67884961054524e+000
 5.89120159313193e-002    1.74176153385261e+000
 5.64886453650879e-002    1.81545835829838e+000
 5.37395472425561e-002    1.92330736968244e+000
 5.13155977766393e-002    2.00239664469742e+000
 4.80847586326004e-002    2.09766327142001e+000
 4.40499243088661e-002    2.18214499700419e+000
 4.11426900889479e-002    2.26303175554224e+000
 3.75878600876647e-002    2.37627321749551e+000
 3.41936747490711e-002    2.49310964649491e+000
 3.22493436724817e-002    2.60455362492511e+000
 2.86968292699400e-002    2.69622528460156e+000
 2.74010588075245e-002    2.76632714200120e+000
 2.62661259743605e-002    2.83822648292391e+000
