Generated by GetData Graph Digitizer 2.26.0.20 on May 31 2022, 18:07
from file 'Z:\CBL simulation\figure\v_turb_10d_rsm.jpg'

Line #1
 9.83868503938917e-002    9.10715454763677e-004
 9.80536003084212e-002    4.06010334050235e-002
 9.96509893968086e-002    9.83136246038654e-002
 1.01734190382205e-001    1.48805958930516e-001
 1.02043193517335e-001    1.99314296244390e-001
 1.02512517488113e-001    2.53429124951809e-001
 1.02330859336167e-001    3.29197450190702e-001
 1.00700009456311e-001    3.95959003256365e-001
 9.92314201681284e-002    4.59111155294443e-001
 9.87305751619090e-002    5.22254578430398e-001
 9.87034185775284e-002    6.23277072326228e-001
 9.86854758342769e-002    6.90024077221687e-001
 1.00275105898556e-001    7.76600238105052e-001
 1.01379893943839e-001    8.66788709650044e-001
 1.01355646993499e-001    9.56987364914178e-001
 1.01007848737825e-001    1.05079687602292e+000
 1.01308607909840e-001    1.13197275612660e+000
 9.93551766026628e-002    1.19873721882630e+000
 9.80473930891342e-002    1.26369188915264e+000
 9.49634719693131e-002    1.33587845488734e+000
 9.17172902578178e-002    1.41167442164962e+000
 8.84745031193702e-002    1.47484257667492e+000
 8.18324875188823e-002    1.58314061048972e+000
 7.63209617310383e-002    1.68601654126952e+000
 7.04878243938869e-002    1.78528743547280e+000
 6.33667860424855e-002    1.87555010268583e+000
 5.83425269686705e-002    1.96579385727760e+000
 5.18593773868092e-002    2.08311030180179e+000
 4.82915841260066e-002    2.15530123198755e+000
 4.37463478031051e-002    2.26358035318108e+000
 3.93633720718777e-002    2.36825007334702e+000
 3.65947582942755e-002    2.46749332602692e+000
 3.15622552573450e-002    2.58840462340849e+000
 2.63689464457608e-002    2.70751340250180e+000
 2.22930340936369e-002    2.86990735240275e+000
