Generated by GetData Graph Digitizer 2.26.0.20 on May 31 2022, 17:49
from file 'Z:\CBL simulation\figure\v_turb_2d_rsm.jpg'

Line #1
 1.10434545781157e-001    1.08303249097473e-002
 1.07868259054727e-001    2.88808664259928e-002
 1.04661076696934e-001    5.77617328519856e-002
 1.01773762683185e-001    7.58122743682310e-002
 9.98487579025445e-002    8.66425992779783e-002
 9.66411892303265e-002    1.11913357400722e-001
 9.40768340760228e-002    1.48014440433213e-001
 9.34382563312105e-002    1.80505415162455e-001
 9.31207058737177e-002    2.12996389891697e-001
 9.31288184766463e-002    2.88808664259928e-001
 9.37755088243873e-002    3.32129963898917e-001
 9.47443854027231e-002    3.86281588447653e-001
 9.63541576124223e-002    4.29602888086643e-001
 9.76405846482511e-002    4.51263537906137e-001
 1.00210348204507e-001    4.65703971119134e-001
 1.02779725446338e-001    4.76534296028881e-001
 1.05670516289914e-001    4.90974729241877e-001
 1.09203748022553e-001    5.09025270758123e-001
 1.11773897893234e-001    5.27075812274368e-001
 1.14344434078341e-001    5.48736462093863e-001
 1.15953819973615e-001    5.88447653429603e-001
 1.13066892274291e-001    6.10108303249097e-001
 1.10179191946117e-001    6.24548736462094e-001
 1.06972009588324e-001    6.53429602888087e-001
 1.05368804723853e-001    6.71480144404332e-001
 1.04409199691721e-001    7.03971119133574e-001
 1.04094353435204e-001    7.61732851985560e-001
 1.03456548319243e-001    8.01444043321300e-001
 1.03140543119450e-001    8.48375451263538e-001
 1.03144792578127e-001    8.88086642599278e-001
 1.04110964955487e-001    9.16967509025271e-001
 1.06041378138080e-001    9.56678700361011e-001
 1.07327032545059e-001    9.71119133574007e-001
 1.08934100553782e-001    9.89169675090253e-001
 1.09578473014972e-001    1.01083032490975e+000
 1.09582722473649e-001    1.05054151624549e+000
 1.09586585617900e-001    1.08664259927798e+000
 1.09910703420621e-001    1.11552346570397e+000
 1.10878034741256e-001    1.15523465703971e+000
 1.09919588652400e-001    1.19855595667870e+000
 1.07674329213290e-001    1.21660649819495e+000
 1.06070738034394e-001    1.23104693140794e+000
 1.03504837622389e-001    1.25270758122744e+000
 9.93365049747640e-002    1.29963898916968e+000
 9.54868817279072e-002    1.32490974729242e+000
 9.42047041507553e-002    1.34296028880866e+000
 8.97137989581100e-002    1.37545126353791e+000
 8.65066166003172e-002    1.40433212996390e+000
 8.26577659823107e-002    1.43682310469314e+000
 7.91295563371984e-002    1.46570397111913e+000
 7.56021193209365e-002    1.50180505415162e+000
 6.85433821441610e-002    1.53790613718412e+000
 6.53358134719430e-002    1.56317689530686e+000
 5.98825990461897e-002    1.60288808664260e+000
 5.82832573259702e-002    1.65703971119134e+000
 5.50814833701298e-002    1.73646209386282e+000
 5.31618869914412e-002    1.79783393501805e+000
 5.22053724747109e-002    1.85920577617329e+000
 5.15698852453000e-002    1.92057761732852e+000
 4.86879796335035e-002    1.98916967509025e+000
 4.64485149107710e-002    2.06137184115523e+000
 4.45289185320824e-002    2.12274368231047e+000
 4.19680402076054e-002    2.19133574007220e+000
 3.94079345119786e-002    2.26714801444043e+000
 3.78085927917591e-002    2.32129963898917e+000
 3.58886100986454e-002    2.37906137184116e+000
 3.36487590614877e-002    2.44765342960289e+000
 3.20521215422445e-002    2.52707581227437e+000
 3.14181795705343e-002    2.60288808664260e+000
 3.11025606851673e-002    2.65342960288809e+000
 3.04647555692053e-002    2.69314079422383e+000
 2.88665727922613e-002    2.75812274368231e+000
 2.85536581078706e-002    2.83393501805054e+000
