Generated by GetData Graph Digitizer 2.26.0.20 on May 31 2022, 18:23
from file 'Z:\CBL simulation\figure\v_vel_2d_rsm.jpg'

Line #1
 6.69197584124245e-001    7.92098790673177e-002
 7.49956859361518e-001    1.39678998092700e-001
 7.52027610008628e-001    2.15032054077749e-001
 7.67213114754098e-001    3.04002328983342e-001
 8.20362381363244e-001    3.60407949877967e-001
 7.89301121656600e-001    4.18135291042359e-001
 7.49956859361518e-001    4.68075649734684e-001
 7.14063848144953e-001    5.16109264431280e-001
 6.75409836065574e-001    5.64122878316732e-001
 6.31233822260569e-001    6.15959980599213e-001
 6.06384814495255e-001    6.64073598540385e-001
 5.76013805004314e-001    7.16010704878587e-001
 5.71872303710095e-001    7.66206073912998e-001
 5.68421052631579e-001    8.22201678179171e-001
 5.75323554788611e-001    8.70545305448499e-001
 5.99482312338223e-001    9.28672662835770e-001
 6.37446074201898e-001    9.67582574182175e-001
 6.86453839516825e-001    1.02202644885043e+000
 7.31320103537532e-001    1.07450857729230e+000
 7.78947368421053e-001    1.12314721652600e+000
 8.48662640207075e-001    1.18160458729715e+000
 9.16997411561691e-001    1.22652974259512e+000
 9.93615185504745e-001    1.27924188036515e+000
 1.06264020707506e+000    1.38791962118464e+000
 1.07920621225194e+000    1.46530942643785e+000
 1.09646246764452e+000    1.53690899686487e+000
 1.09991371872304e+000    1.61806728828447e+000
 1.09853321829163e+000    1.69725883327491e+000
 1.11095772217429e+000    1.76882340228243e+000
 1.11026747195859e+000    1.85574692751428e+000
 1.11233822260569e+000    1.91950951344138e+000
 1.12269197584124e+000    2.07798760727518e+000
 1.12959447799827e+000    2.23257721007574e+000
 1.13511647972390e+000    2.38329332245141e+000
 1.14547023295945e+000    2.55143014133351e+000
