Generated by GetData Graph Digitizer 2.26.0.20 on May 27 2022, 22:59
from file 'Z:\CBL simulation\figure\v_vel_10d_rsm.jpg'

Line #1
 5.90713105558930e-001    1.34822804314330e-002
 5.99668495686466e-001    2.31124807395994e-002
 6.21707963264018e-001    3.85208012326656e-002
 6.37548034975031e-001    4.81510015408320e-002
 6.50632112425047e-001    5.39291217257319e-002
 6.65095247819365e-001    6.35593220338983e-002
 6.85751414197401e-001    6.74114021571649e-002
 7.02279954066762e-001    7.70416024653313e-002
 7.18117904150169e-001    8.28197226502311e-002
 7.33274811771851e-001    1.02080123266564e-001
 7.50499245496182e-001    1.25192604006163e-001
 7.60834754381824e-001    1.40600924499230e-001
 7.67730044103334e-001    1.59861325115562e-001
 7.78765690099160e-001    1.96456086286595e-001
 7.89122415260867e-001    2.50385208012327e-001
 7.95339844962063e-001    2.88906009244992e-001
 8.00874110573927e-001    3.37057010785824e-001
 8.06406254558184e-001    3.81355932203390e-001
 8.09875115695005e-001    4.29506933744222e-001
 8.21604533918195e-001    4.75731895223421e-001
 8.31958076638493e-001    5.23882896764253e-001
 8.40246214883748e-001    5.72033898305085e-001
 8.47149991115684e-001    6.06702619414484e-001
 8.57506716277392e-001    6.60631741140216e-001
 8.69929906727946e-001    7.16486902927581e-001
 8.81661446578743e-001    7.66563944530046e-001
 8.85127125274154e-001    8.08936825885978e-001
 8.98936799365633e-001    8.82126348228043e-001
 9.03096250288409e-001    9.34129429892142e-001
 9.12771932988392e-001    1.00154083204931e+000
 9.16918654145528e-001    1.03043143297381e+000
 9.23138205474330e-001    1.07280431432974e+000
 9.27291291514285e-001    1.11325115562404e+000
 9.33512964470694e-001    1.15947611710324e+000
 9.43880297770435e-001    1.23266563944530e+000
 9.50796803768011e-001    1.29044684129430e+000
 9.59787200751056e-001    1.36363636363636e+000
 9.65332074500953e-001    1.43104776579353e+000
 9.71553747457362e-001    1.47727272727273e+000
 9.82596819149811e-001    1.52734976887519e+000
 9.88823796175236e-001    1.58320493066256e+000
 9.92290535684450e-001    1.62750385208012e+000
 9.96442560910603e-001    1.66602465331279e+000
 1.00265999061180e+000    1.70454545454545e+000
 1.00819637785127e+000    1.75654853620955e+000
 1.01509803245560e+000    1.78736517719569e+000
 1.02199544380471e+000    1.81047765793529e+000
 1.02889391596763e+000    1.83551617873652e+000
 1.04061590849420e+000    1.86825885978428e+000
 1.05165261530383e+000    1.90677966101695e+000
 1.05510874667501e+000    1.93181818181818e+000
 1.06339900654787e+000    1.98382126348228e+000
 1.07168502316552e+000    2.02812018489985e+000
 1.07584977815731e+000    2.08975346687211e+000
 1.07864290090143e+000    2.16101694915254e+000
 1.08212555261769e+000    2.23420647149461e+000
 1.08423020720346e+000    2.30546995377504e+000
 1.08770543322310e+000    2.36517719568567e+000
 1.08980266211224e+000    2.42295839753467e+000
 1.09811095581976e+000    2.50770416024653e+000
 1.10021667121933e+000    2.58089368258860e+000
 1.10024531319202e+000    2.63289676425270e+000
 1.10509641471455e+000    2.69067796610170e+000
 1.10513672563907e+000    2.76386748844376e+000
 1.10723183290061e+000    2.81779661016949e+000
 1.11002707727233e+000    2.89291217257319e+000
