Generated by GetData Graph Digitizer 2.26.0.20 on May 31 2022, 18:18
from file 'Z:\CBL simulation\figure\v_vel_2d_rsm.jpg'

Line #1
 6.62071090802827e-001    0.00000000000000e+000
 6.87604271824026e-001    2.88906009244992e-002
 7.11747516072472e-001    3.85208012326656e-002
 7.46233462621540e-001    4.42989214175655e-002
 7.66935869507465e-001    6.74114021571649e-002
 7.84183624674566e-001    7.89676425269646e-002
 8.05573561447319e-001    9.82280431432974e-002
 8.08360873492376e-001    1.50231124807396e-001
 8.04955103342011e-001    2.27272727272727e-001
 7.98097869401201e-001    2.98536209553159e-001
 7.91249136602731e-001    3.85208012326656e-001
 7.79572817597365e-001    4.71879815100154e-001
 7.55464640561075e-001    5.25808936825886e-001
 7.31356463524786e-001    5.79738058551618e-001
 7.09302375006642e-001    6.06702619414484e-001
 6.91388342808565e-001    6.37519260400616e-001
 6.64522607725413e-001    6.93374422187981e-001
 6.50753945061368e-001    7.37673343605547e-001
 6.32849476648425e-001    7.85824345146379e-001
 6.23222995590032e-001    8.37827426810478e-001
 6.19128632910047e-001    9.16795069337442e-001
 6.32966367355613e-001    9.97688751926040e-001
 6.59197704691568e-001    1.04198767334361e+000
 6.75067212156634e-001    1.05546995377504e+000
 7.14391371340524e-001    1.08050847457627e+000
 7.46828542585410e-001    1.12288135593220e+000
 7.88918760958504e-001    1.16140215716487e+000
 8.21351681632219e-001    1.19607087827427e+000
 8.57228627596833e-001    1.22303543913713e+000
 8.98630253440306e-001    1.26348228043143e+000
 9.61415440199777e-001    1.31163328197227e+000
 9.82135912013177e-001    1.36748844375963e+000
 9.91820838425163e-001    1.42141756548536e+000
 1.00289038839594e+000    1.48497688751926e+000
 1.02156633547633e+000    1.58513097072419e+000
 1.03194304234632e+000    1.64291217257319e+000
 1.04578715264864e+000    1.73536209553159e+000
 1.06308697731258e+000    1.84129429892142e+000
 1.07211093990755e+000    1.94722650231125e+000
 1.08597842835131e+000    2.08204930662558e+000
 1.08947983635301e+000    2.17835130970724e+000
 1.09229158918230e+000    2.27465331278891e+000
 1.09647415121407e+000    2.35554699537750e+000
 1.09791509484087e+000    2.46725731895223e+000
 1.10142181605653e+000    2.57318952234206e+000
 1.10701237978853e+000    2.70608628659476e+000
