Generated by GetData Graph Digitizer 2.26.0.20 on May 31 2022, 23:05
from file 'Z:\CBL simulation\figure\v_vel_3d_rsm.jpg'

Line #1
 6.46896551724138e-001    3.84615384615385e-003
 6.57241379310345e-001    2.69230769230769e-002
 6.72413793103448e-001    3.65384615384615e-002
 6.88275862068966e-001    4.23076923076923e-002
 7.10344827586207e-001    5.19230769230769e-002
 7.26206896551724e-001    5.57692307692308e-002
 7.46896551724138e-001    6.73076923076923e-002
 7.57241379310345e-001    7.69230769230769e-002
 7.77931034482759e-001    9.42307692307692e-002
 7.86206896551724e-001    1.13461538461538e-001
 7.91724137931034e-001    1.57692307692308e-001
 7.94482758620690e-001    2.05769230769231e-001
 7.94482758620690e-001    2.44230769230769e-001
 7.94482758620690e-001    2.98076923076923e-001
 7.93103448275862e-001    3.84615384615385e-001
 7.87586206896552e-001    4.46153846153846e-001
 7.77931034482759e-001    5.19230769230769e-001
 7.74482758620690e-001    5.67307692307692e-001
 7.67586206896552e-001    6.42307692307692e-001
 7.65517241379310e-001    6.82692307692308e-001
 7.62068965517241e-001    7.69230769230769e-001
 7.62068965517241e-001    8.21153846153846e-001
 7.63448275862069e-001    8.65384615384615e-001
 7.67586206896552e-001    9.07692307692308e-001
 7.75862068965517e-001    9.36538461538462e-001
 7.84827586206897e-001    9.61538461538462e-001
 7.97931034482759e-001    1.00000000000000e+000
 8.06896551724138e-001    1.01923076923077e+000
 8.18620689655172e-001    1.04230769230769e+000
 8.36551724137931e-001    1.06730769230769e+000
 8.46896551724138e-001    1.08461538461538e+000
 8.57241379310345e-001    1.10000000000000e+000
 8.68965517241379e-001    1.12500000000000e+000
 8.80689655172414e-001    1.13846153846154e+000
 8.86206896551724e-001    1.14807692307692e+000
 8.95172413793103e-001    1.17115384615385e+000
 9.05517241379310e-001    1.19230769230769e+000
 9.17241379310345e-001    1.21923076923077e+000
 9.37931034482759e-001    1.25961538461538e+000
 9.48275862068965e-001    1.27884615384615e+000
 9.58620689655172e-001    1.31153846153846e+000
 9.72413793103448e-001    1.35384615384615e+000
 9.82758620689655e-001    1.38846153846154e+000
 9.95172413793103e-001    1.42692307692308e+000
 1.01034482758621e+000    1.45576923076923e+000
 1.02068965517241e+000    1.49423076923077e+000
 1.03103448275862e+000    1.53269230769231e+000
 1.03655172413793e+000    1.56538461538462e+000
 1.04275862068966e+000    1.59615384615385e+000
 1.05034482758621e+000    1.63269230769231e+000
 1.05724137931034e+000    1.68076923076923e+000
 1.06689655172414e+000    1.73076923076923e+000
 1.07241379310345e+000    1.78653846153846e+000
 1.07793103448276e+000    1.83076923076923e+000
 1.08275862068966e+000    1.87884615384615e+000
 1.09103448275862e+000    1.95000000000000e+000
 1.09655172413793e+000    2.00769230769231e+000
 1.09862068965517e+000    2.06538461538462e+000
 1.10000000000000e+000    2.13846153846154e+000
 1.10137931034483e+000    2.20000000000000e+000
 1.10137931034483e+000    2.25384615384615e+000
 1.10206896551724e+000    2.31730769230769e+000
 1.10344827586207e+000    2.38846153846154e+000
 1.10482758620690e+000    2.45000000000000e+000
 1.10551724137931e+000    2.51923076923077e+000
 1.10551724137931e+000    2.57115384615385e+000
 1.10551724137931e+000    2.62500000000000e+000
 1.10827586206897e+000    2.69230769230769e+000
 1.10827586206897e+000    2.73076923076923e+000
 1.10827586206897e+000    2.77307692307692e+000
 1.10827586206897e+000    2.82115384615385e+000
