Generated by GetData Graph Digitizer 2.26.0.20 on May 31 2022, 18:22
from file 'Z:\CBL simulation\figure\v_vel_2d_rsm.jpg'

Line #1
 6.70578084555651e-001   -1.91341093277672e-003
 6.89214840379638e-001    2.14025346583500e-002
 7.11993097497843e-001    3.70215014275579e-002
 7.30629853321829e-001    4.29517419317561e-002
 7.54788610871441e-001    6.05124541161947e-002
 7.72735116479724e-001    7.03011844369244e-002
 8.01725625539258e-001    8.98286430505237e-002
 8.10698878343399e-001    1.53641231005480e-001
 8.03796376186368e-001    2.40519754412262e-001
 7.99654874892148e-001    2.88783378437014e-001
 7.89991371872304e-001    3.81437136061629e-001
 7.77566867989646e-001    4.39299482701243e-001
 7.54788610871441e-001    5.14472531385995e-001
 7.34771354616048e-001    5.68416385775645e-001
 7.17515099223468e-001    6.20448495966781e-001
 7.03019844693701e-001    6.70568861959402e-001
 6.96807592752373e-001    7.18817485375796e-001
 6.87834339948231e-001    8.13407988212855e-001
 6.85763589301122e-001    8.53959632807330e-001
 6.85763589301122e-001    9.00321513039140e-001
 6.89905090595341e-001    9.83416549671181e-001
 7.03710094909405e-001    1.01635621889110e+000
 7.37532355478861e-001    1.07069008909806e+000
 7.69283865401208e-001    1.10375976359041e+000
 8.06557377049180e-001    1.13880118471471e+000
 8.43140638481449e-001    1.17190586062657e+000
 8.92838654012079e-001    1.20703728540102e+000
 9.29421915444348e-001    1.23048323626458e+000
 9.67385677308024e-001    1.26939314761099e+000
 9.86712683347713e-001    1.28498711336626e+000
 1.01018119068162e+000    1.33345074550246e+000
 1.02467644521139e+000    1.37798588498311e+000
 1.03433994823123e+000    1.44373521815051e+000
 1.04193270060397e+000    1.50753780569990e+000
 1.05021570319241e+000    1.59838982358729e+000
 1.05573770491803e+000    1.67569962559593e+000
 1.06885245901639e+000    1.77431362494146e+000
 1.07782571182053e+000    1.85164842796402e+000
 1.08472821397757e+000    1.97533011061004e+000
 1.09163071613460e+000    2.11639749834299e+000
 1.09715271786022e+000    2.28449931580559e+000
 1.09991371872304e+000    2.37724307708035e+000
 1.11095772217429e+000    2.51254523100104e+000
 1.10888697152718e+000    2.72888567147445e+000
