Generated by GetData Graph Digitizer 2.26.0.20 on May 27 2022, 17:49
from file 'Z:\CBL simulation\figure\v_vel_10d.jpg'

Line #1
 6.66153796710669e-001    7.68200188007681e-002
 7.68511927239421e-001    1.38053076014559e-001
 8.03108554349485e-001    2.22957826824036e-001
 8.32383117874388e-001    2.95730458047773e-001
 8.56343652330412e-001    3.71485903441183e-001
 8.74994978427324e-001    4.59293123257514e-001
 9.02942239862449e-001    5.35078698086982e-001
 9.09628564312286e-001    6.13726569341893e-001
 9.28275069699429e-001    6.92464828904976e-001
 9.37619212135334e-001    7.71132786450592e-001
 9.40313988896299e-001    8.40681568016198e-001
 9.53648072117818e-001    9.25425628500036e-001
 9.55018760595518e-001    1.00403332717354e+000
 9.77650386058507e-001    1.07977872942160e+000
 9.84336710508344e-001    1.15842660067651e+000
 1.00164948619268e+000    1.22808585684099e+000
 1.01896386878028e+000    1.30076809975655e+000
 1.01502856270538e+000    1.39747354635514e+000
 1.03100921559018e+000    1.46107678587211e+000
 1.05231353896339e+000    1.53983513172589e+000
 1.06697492427468e+000    1.62156624860400e+000
 1.06967291484216e+000    1.69716100367177e+000
 1.07104038951335e+000    1.76972272884311e+000
 1.08969010870701e+000    1.85450696190836e+000
 1.10035673252292e+000    1.92109301559500e+000
 1.11373259522910e+000    2.08443473160698e+000
 1.12178639435013e+000    2.23564432803323e+000
 1.12585828720182e+000    2.39589275527667e+000
 1.13392012083913e+000    2.56221728545833e+000
