Generated by GetData Graph Digitizer 2.26.0.20 on May 27 2022, 17:47
from file 'Z:\CBL simulation\figure\v_vel_5d.jpg'

Line #1
 6.87728935890926e-001    7.53920386007238e-002
 7.70299801898324e-001    1.53799758745476e-001
 7.95626308384297e-001    2.20144752714113e-001
 8.02326841673207e-001    3.04583835946924e-001
 8.03696492978129e-001    3.76960193003619e-001
 8.10390603517660e-001    4.49336550060314e-001
 8.10432351388618e-001    5.27744270205066e-001
 7.97164556860400e-001    6.09167671893848e-001
 8.01194832095282e-001    6.78528347406514e-001
 7.97249658289662e-001    7.68998793727382e-001
 8.06602787071808e-001    8.35343787696019e-001
 8.33265225428468e-001    9.10735826296743e-001
 8.42627988334681e-001    9.95174909529554e-001
 8.81267248594522e-001    1.06453558504222e+000
 9.17252307673781e-001    1.14897466827503e+000
 9.51901434882353e-001    1.22436670687575e+000
 9.89211186020886e-001    1.29674306393245e+000
 1.01454090388155e+000    1.36911942098914e+000
 1.04253285135952e+000    1.44149577804584e+000
 1.06387725323094e+000    1.52895054282268e+000
 1.06924346033651e+000    1.60735826296743e+000
 1.07860301186804e+000    1.68576598311218e+000
 1.08530033378226e+000    1.76417370325694e+000
 1.10397608328700e+000    1.83956574185766e+000
 1.10268832203665e+000    1.92098914354644e+000
 1.11740926361171e+000    2.06875753920386e+000
 1.12548265958023e+000    2.23160434258142e+000
 1.13354802711203e+000    2.37937273823884e+000
 1.13762968434194e+000    2.54523522316043e+000
