Generated by GetData Graph Digitizer 2.22 on March 06 2022, 13:14
from file 'C:\Users\Li Hang\Desktop\137-081-vv.jpg'

Line #1
 3.66858911239274e-003    5.59853706569138e-003
 5.86467857645238e-002    2.82177521451681e-002
 1.31911661274441e-001    3.14952876635251e-002
 2.19839639893093e-001    4.23406948937966e-002
 2.78463918975946e-001    5.34111689407793e-002
 3.48071458714306e-001    6.05570403713602e-002
 3.95689970459980e-001    6.01913067942045e-002
 4.61673934449290e-001    9.42467294978197e-002
 4.65415670277114e-001    1.47981431987621e-001
 4.58196652131101e-001    2.21001547334365e-001
 4.25342523561682e-001    2.98058798705866e-001
 3.99786186524124e-001    3.55858770572514e-001
 3.81572654381770e-001    4.25123083415389e-001
 3.45049936699958e-001    4.98368265578844e-001
 3.12178928119285e-001    5.63904909269940e-001
 2.57375158250105e-001    6.60331973554649e-001
 2.35476156984105e-001    7.14263609509073e-001
 2.20959347306232e-001    8.06541004360670e-001
 1.95459276972851e-001    9.02743001828668e-001
 1.88223378815586e-001    9.64242509495006e-001
 1.77369531579688e-001    1.05649177099451e+000
 1.73835982557322e-001    1.14484456322971e+000
 2.32510901673934e-001    1.19047686031791e+000
 2.94848783232522e-001    1.23608102405402e+000
 3.68153045435364e-001    1.26623997749332e+000
 4.26777324518216e-001    1.27731045154030e+000
 5.33036995357997e-001    1.29953579969053e+000
 6.02689548459699e-001    1.33740329160219e+000
 6.50375580250387e-001    1.38311998874666e+000
 7.09022366014911e-001    1.40955127303418e+000
 7.89669433112955e-001    1.45117456744971e+000
 8.52018568012379e-001    1.50445913630609e+000
 9.03401322267548e-001    1.57318891545928e+000
 9.54812209874807e-001    1.66111970741314e+000
 9.76874384582923e-001    1.71855394570263e+000
 1.00263890842594e+000    1.80284146856098e+000
 1.00271205514137e+000    1.85276410184273e+000
 1.01385848923899e+000    1.96020537347025e+000
 1.01762835841891e+000    2.03314108876073e+000
 1.02507244338163e+000    2.11372907581938e+000
 1.02516247010831e+000    2.17517231678154e+000
 1.02896609931073e+000    2.27114924743283e+000
 1.02905612603742e+000    2.33259248839499e+000
 1.02919116612744e+000    2.42475734983823e+000
 1.02925305950204e+000    2.46699957799972e+000
