-3.72769100020514e-003   -1.00665240453653e-002
 3.37133311842452e-002   -1.94883216598775e-003
 7.11602145180670e-002    2.25654250798582e-003
 1.23588195645166e-001    6.57914016938722e-003
 1.91003135714914e-001    7.10664361281247e-003
 2.39685842393693e-001    1.13999355273569e-002
 2.88350965624359e-001    2.74301790581133e-002
 3.40767224452715e-001    3.95774111303227e-002
 3.96922896580019e-001    5.56662661547930e-002
 4.11851244028954e-001    9.09943439908566e-002
 4.22999150133341e-001    1.49767019312487e-001
 4.30390059490666e-001    2.16335023298069e-001
 4.45253934296516e-001    2.94698590393576e-001
 4.48893708056150e-001    3.65149605837705e-001
 4.52527620666413e-001    4.39512938487237e-001
 4.63640359874571e-001    5.21759517041292e-001
 4.71031269231896e-001    5.88327521026873e-001
 5.00858658382909e-001    6.78545262726020e-001
 5.23224804384140e-001    7.49142806904434e-001
 5.38088679189989e-001    8.27506373999941e-001
 5.56715411892272e-001    8.94162295226094e-001
 5.86589690238256e-001    9.53081499282009e-001
 6.05222284089910e-001    1.01582510330276e+000
 6.31374732585060e-001    1.05906573279020e+000
 6.57486153034610e-001    1.12969258271547e+000
 6.76148052633121e-001    1.17287460070920e+000
 6.91064677783313e-001    1.21602731295607e+000
 7.35902470474460e-001    1.28680069161563e+000
 7.62037335521496e-001    1.34177827271928e+000
 7.91940919614336e-001    1.38113589074818e+000
 8.29294024558216e-001    1.44793834070861e+000
 8.51689476306304e-001    1.49897429886001e+000
 8.81557893502916e-001    1.56180582012133e+000
 9.03947484101632e-001    1.61675409547812e+000
 9.22585939102658e-001    1.67558538229347e+000
 9.37473258505993e-001    1.73829968056736e+000
 9.44870029012689e-001    1.80095536734754e+000
 9.55994490519591e-001    1.87537731149078e+000
 9.70823198429212e-001    1.97721478181871e+000
 9.78214107786537e-001    2.04378278580430e+000
 9.89350291592181e-001    2.11038009553673e+000
 1.00046889194971e+000    2.18871435688539e+000
 1.00787152360578e+000    2.24745772646016e+000
 1.01149371391730e+000    2.32964569352050e+000
 1.01144682472233e+000    2.36094423116373e+000
 1.00760777188407e+000    2.42351200070334e+000
 1.00380974709140e+000    2.45869354980512e+000
