Generated by GetData Graph Digitizer 2.22 on March 26 2022, 12:45
from file 'C:\Users\Li Hang\Desktop\Lin\figs\turb_30_6d.jpg'

Line #1
 7.76208955592410e-002   -9.39382466594513e-001
 7.80525845785374e-002   -8.53283346845049e-001
 8.11497166655007e-002   -7.58924933847464e-001
 8.03958040979593e-002   -6.70015102942811e-001
 8.58645508829255e-002   -5.84055901464615e-001
 8.92583920098437e-002   -4.92483508162585e-001
 9.78374396602455e-002   -4.01055148375096e-001
 1.07156819575389e-001   -3.06869575594961e-001
 1.14552323260590e-001   -2.26519450697328e-001
 1.14982777706904e-001   -1.32086963320837e-001
 1.17932995609035e-001   -4.60578027070070e-002
 1.24734669689999e-001    4.26421507907440e-002
 1.28426042905526e-001    1.25872945979202e-001
 1.25744550389096e-001    2.25947431882436e-001
 1.12101695891753e-001    3.15215288951806e-001
 1.11793052646307e-001    3.98557195708624e-001
 1.23482812686472e-001    4.92676924596398e-001
 1.34730184074832e-001    5.72920053168943e-001
 1.36197679825843e-001    6.67323733842526e-001
 1.33369684648908e-001    7.56291178152997e-001
 1.19430532635937e-001    8.45567265708912e-001
 1.00010699632509e-001    9.29440038847897e-001
 9.11073708122256e-002    1.02690957575957e+000
 8.56135210432965e-002    1.11039551603093e+000
 7.98225507100852e-002    1.19944526520685e+000
 7.93645241338442e-002    1.29112465483397e+000
 8.24616562208075e-002    1.38548306783155e+000
