Generated by GetData Graph Digitizer 2.22 on March 26 2022, 12:38
from file 'C:\Users\Li Hang\Desktop\Lin\figs\vel_30_10d.jpg'

Line #1
-2.54061645546218e-003   -9.08902861072099e-001
-5.92778071492746e-003   -7.89749635919575e-001
 4.07218685029078e-003   -6.64652737009059e-001
 9.05319628556879e-003   -5.45418424902128e-001
 2.15675081330215e-002   -4.31925069167172e-001
 3.32411104371884e-002   -3.06811952865775e-001
 5.07743804145814e-002   -1.87456010327235e-001
 6.66349886964785e-002   -7.10232524950456e-002
 8.75174742386746e-002    4.25511901943167e-002
 1.12580154454431e-001    1.67794045622764e-001
 1.30114397475277e-001    2.84243020845834e-001
 1.42625790192371e-001    4.06457278527201e-001
 1.40076416345833e-001    5.22711645059696e-001
 1.19952904696881e-001    6.41702696303408e-001
 9.48065427441771e-002    7.66459030005417e-001
 5.96212914881402e-002    8.82397157415726e-001
 3.53156390787225e-002    9.95533730551294e-001
 1.10070675389461e-002    1.11739120563327e+000
 1.76023560625472e-003    1.24230160454865e+000
 2.56105036797260e-003    1.34986750391650e+000
 6.70232330341765e-003    1.47781460927440e+000
