Generated by GetData Graph Digitizer 2.22 on March 26 2022, 12:31
from file 'C:\Users\Li Hang\Desktop\Lin\30_6d.jpg'

Line #1
-9.14652424343028e-003   -9.07739428652469e-001
-6.60437261683358e-003   -7.91876847306518e-001
-3.22676301938121e-003   -6.73121428272130e-001
 2.65335262966198e-003   -5.57274963013579e-001
 1.27078572372514e-002   -4.35654909443705e-001
 3.44442689581594e-002   -3.16988128890020e-001
 6.03550696376137e-002   -1.92547760025012e-001
 1.07957801636750e-001   -8.26964792795464e-002
 1.59734922594432e-001    3.29283897772434e-002
 2.15688366441149e-001    1.60120580565933e-001
 2.54114598274289e-001    2.78706780682613e-001
 2.60828237963700e-001    3.91652350209025e-001
 2.21647773240204e-001    5.13510116068062e-001
 1.56598087342747e-001    6.35492781604453e-001
 8.57050304755213e-002    7.51709916873221e-001
 3.31707757317510e-002    8.67838413661285e-001
-1.00467688856370e-003    9.83878271968645e-001
-1.01415314795535e-002    1.11138472646165e+000
-1.17718348810149e-002    1.22726745291685e+000
-9.22968325441823e-003    1.34313003426280e+000
-2.51314266927532e-003    1.46476620392008e+000
