Generated by GetData Graph Digitizer 2.22 on March 06 2022, 13:35
from file 'C:\Users\Li Hang\Desktop\137-081-vh.jpg'

Line #1
 9.67563641130111e-001   -9.81845688350983e-001
 9.71326673839550e-001   -9.39485627836611e-001
 9.64313997498594e-001   -8.81996974281392e-001
 9.57268551642026e-001   -8.33585476550681e-001
 9.35760826228720e-001   -7.91225416036309e-001
 9.17885055462405e-001   -7.42813918305598e-001
 8.92810914433333e-001   -6.88350983358548e-001
 8.53296340191265e-001   -6.33888048411498e-001
 7.99363179079941e-001   -5.73373676248109e-001
 7.38209801362120e-001   -5.12859304084720e-001
 6.44598218430668e-001   -4.43267776096823e-001
 5.79856578753338e-001   -3.76701966717095e-001
 5.26010803016980e-001   -2.91981845688351e-001
 5.04601386150510e-001   -2.22390317700454e-001
 4.76037291708766e-001   -1.34644478063540e-001
 4.40252980660524e-001   -4.68986384266263e-002
 4.15288071350159e-001    3.78214826021179e-002
 3.90301315696052e-001    1.16490166414523e-001
 3.86887824486474e-001    1.70953101361573e-001
 4.08712321884029e-001    2.16338880484115e-001
 4.34245236131668e-001    2.88956127080181e-001
 4.48816747407112e-001    3.25264750378215e-001
 5.03143142705779e-001    3.73676248108926e-001
 5.50183782366724e-001    4.03933434190620e-001
 6.11675778412535e-001    4.37216338880484e-001
 6.91316624521429e-001    4.97730711043873e-001
 7.27559708788238e-001    5.37065052950076e-001
 7.60214531095539e-001    5.82450832072617e-001
 8.10974510778440e-001    6.42965204236006e-001
 8.39953685751269e-001    6.70196671709531e-001
 8.94258234706194e-001    7.12556732223903e-001
 9.26902133841625e-001    7.54916792738275e-001
 9.63177987624046e-001    8.03328290468986e-001
 9.84991561849730e-001    8.45688350983359e-001
 1.01039339803492e+000    8.81996974281392e-001
 1.01773376953200e+000    9.15279878971256e-001
 1.01424381611932e+000    9.48562783661119e-001
 9.96280659978044e-001    9.72768532526475e-001
