 1.43398409180622e+000    6.03639328274841e-002
 1.59480390816282e+000    1.29195379761042e-001
 1.68852757618054e+000    1.96081517238177e-001
 1.77004687834592e+000    2.60952685636444e-001
 1.82108312972944e+000    3.29923451814891e-001
 1.85177051540381e+000    3.92828670868604e-001
 1.86012554211956e+000    4.65914514743330e-001
 1.87251566696508e+000    5.28842953671191e-001
 1.89101107072000e+000    5.93794101635969e-001
 1.92578309025565e+000    6.62785507702548e-001
 1.94225784896246e+000    7.31800133643276e-001
 1.96686472359320e+000    8.00804439639937e-001
 1.99348605130560e+000    8.63714818665683e-001
 2.03435096581777e+000    9.30668035779246e-001
 2.05488559052010e+000    9.97647052752974e-001
 2.07542640718887e+000    1.06665651872167e+000
 2.09596103189121e+000    1.13363553569540e+000
 2.12869383047944e+000    1.20059907275303e+000
 2.15735437913926e+000    1.26553732078772e+000
 2.18804795678007e+000    1.33047298883640e+000
 2.22484062136383e+000    1.39540091692703e+000
 2.24538762999905e+000    1.46644083189069e+000
 2.30252296832551e+000    1.53540385811109e+000
 2.32711126705693e+000    1.59831681712285e+000
 2.37610829749303e+000    1.66525971429235e+000
 2.38649016122333e+000    1.73631252918609e+000
 2.42123741289322e+000    1.79718213927281e+000
 2.43769978766715e+000    1.86213586722360e+000
 2.45824060433592e+000    1.93114533319229e+000
 2.47877522903826e+000    1.99812435016602e+000
