Generated by GetData Graph Digitizer 2.22 on March 06 2022, 13:25
from file 'C:\Users\Li Hang\Desktop\137-037-vh.jpg'

Line #1
 1.07012550501907e+000   -7.85611624775076e-001
 1.04119937077736e+000   -7.11372407002931e-001
 1.01234113825923e+000   -6.18528116972036e-001
 9.28771091972885e-001   -5.16720799429625e-001
 8.34161357129115e-001   -4.39788146622455e-001
 7.76060115659269e-001   -3.59528309360253e-001
 6.92456118511142e-001   -2.67023527947218e-001
 6.56309767662936e-001   -1.71123660355579e-001
 6.12796079807159e-001   -9.38741328384052e-002
 6.20457657616876e-001    5.39818702398054e-003
 6.24412933014950e-001    8.91436460962167e-002
 6.46605479669092e-001    1.69901429331281e-001
 7.19939341126942e-001    2.63379468782183e-001
 7.89634801896722e-001    3.59935719701685e-001
 8.62900761630999e-001    4.34808686893836e-001
 9.36234623088849e-001    5.28286726344737e-001
 1.01317293437298e+000    6.09384018197662e-001
 1.03180629901656e+000    7.14925930536537e-001
 1.07589715152270e+000    7.95819517218745e-001
