Generated by GetData Graph Digitizer 2.22 on March 06 2022, 13:27
from file 'C:\Users\Li Hang\Desktop\137-037-vh.jpg'

Line #1
 9.51897789262130e-001   -9.90697674418605e-001
 9.48354866494401e-001   -9.47286821705426e-001
 9.59638242894057e-001   -9.00775193798450e-001
 9.63537180591444e-001   -8.48062015503876e-001
 9.56325007177720e-001   -7.95348837209302e-001
 9.45443583118002e-001   -7.33333333333333e-001
 9.23496985357451e-001   -6.58914728682171e-001
 8.97789262130347e-001   -6.00000000000000e-001
 8.61016365202412e-001   -5.28682170542636e-001
 8.35457938558714e-001   -4.29457364341085e-001
 8.09796152741889e-001   -3.58139534883721e-001
 7.80476600631639e-001   -2.74418604651163e-001
 7.65902957220787e-001   -2.09302325581395e-001
 7.29233419465978e-001   -1.10077519379845e-001
 7.18294573643411e-001   -6.35658914728682e-002
 7.11162790697674e-001    1.08527131782945e-002
 7.11426930806776e-001    8.21705426356589e-002
 7.11759977031295e-001    1.72093023255814e-001
 7.19374102784956e-001    2.27906976744186e-001
 7.49325294286535e-001    3.14728682170543e-001
 7.79161642262417e-001    3.70542635658915e-001
 8.24099913867356e-001    5.03875968992248e-001
 8.50289979902383e-001    5.75193798449612e-001
 8.80160780935975e-001    6.40310077519380e-001
 9.06316393913293e-001    7.02325581395349e-001
 9.36198679299454e-001    7.70542635658915e-001
 9.43835773758254e-001    8.32558139534884e-001
 9.58857306919322e-001    8.88372093023256e-001
 9.70312948607522e-001    9.81395348837209e-001
