 4.19475655430712e-001    4.07851145506494e-001
 4.15730337078652e-001    4.89769028963406e-001
 3.97003745318352e-001    5.60044873705061e-001
 3.82022471910112e-001    6.30306111120849e-001
 3.33333333333333e-001    7.00698814469433e-001
 3.37078651685393e-001    7.70887015255891e-001
 3.18352059925094e-001    8.41162859997546e-001
 3.40823970037453e-001    9.26878648179635e-001
 3.67041198501873e-001    9.96979205010897e-001
 4.08239700374532e-001    1.07092148854494e+000
 4.83146067415730e-001    1.14083215013994e+000
 5.73033707865169e-001    1.21068438243148e+000
 6.85393258426966e-001    1.27654881476158e+000
 8.12734082397004e-001    1.34625497379446e+000
 8.83895131086142e-001    1.42008039872157e+000
 9.51310861423221e-001    1.48221996295582e+000
 9.62546816479401e-001    1.57577988512799e+000
