 2.23880597014925e-002   -4.07478985726593e-003
 4.10447761194030e-002   -3.20162060213752e-004
 7.08955223880597e-002   -5.53007194914662e-004
 1.04477611940299e-001    6.98535404102731e-003
 1.41791044776119e-001    6.69429762265117e-003
 1.94029850746269e-001    1.40871306494051e-002
 2.38805970149254e-001    1.37378629473537e-002
 2.87313432835821e-001    2.89601136284257e-002
 3.17164179104478e-001    3.65275805062053e-002
 3.54477611940299e-001    4.01366800940694e-002
 3.95522388059701e-001    5.93172980650569e-002
 4.10447761194030e-001    1.06002747572589e-001
 4.10447761194030e-001    1.52804619647472e-001
 4.10447761194030e-001    1.99606491722355e-001
 4.06716417910448e-001    2.46437469439076e-001
 4.06716417910448e-001    3.12740121545160e-001
 4.06716417910448e-001    3.71242461638764e-001
 4.25373134328358e-001    4.45199897548141e-001
 4.21641791044776e-001    5.15431811302303e-001
 4.32835820895522e-001    5.73846834470394e-001
 4.44029850746269e-001    6.51762637669686e-001
 4.70149253731343e-001    7.37362330314108e-001
 4.73880597014925e-001    7.84135096747153e-001
 4.92537313432836e-001    8.38591752625329e-001
 5.14925373134328e-001    9.24220550911589e-001
 5.33582089552239e-001    1.01377861084593e+000
 5.67164179104478e-001    1.07981931217547e+000
 6.19402985074627e-001    1.14961464130207e+000
 6.79104477611940e-001    1.22325191515123e+000
 7.27611940298508e-001    1.31257712995087e+000
 7.57462686567164e-001    1.38644724893473e+000
 7.72388059701492e-001    1.41753207441731e+000
 7.94776119402985e-001    1.44855868861620e+000
 8.47014925373134e-001    1.49885323771160e+000
 8.73134328358209e-001    1.54545137029362e+000
 9.14179104477612e-001    1.59583323631453e+000
 9.25373134328358e-001    1.70105013155750e+000
 9.47761194029851e-001    1.75547768179384e+000
 9.73880597014925e-001    1.82547675041330e+000
 9.85074626865672e-001    1.89949239760635e+000
 9.85074626865672e-001    1.95799473769996e+000
 9.88805970149254e-001    2.03596875218292e+000
 9.96268656716418e-001    2.08661256898037e+000
 9.96268656716418e-001    2.13731459706149e+000
 1.00000000000000e+000    2.18798751950078e+000
 1.00373134328358e+000    2.23476028593383e+000
 1.00373134328358e+000    2.28546231401495e+000
 1.00373134328358e+000    2.33616434209607e+000
 1.00373134328358e+000    2.38296621417095e+000
 1.00373134328358e+000    2.42586793023960e+000
 1.00000000000000e+000    2.46099843993760e+000
