 3.71747211895911e-003    1.55716265825354e-002
 2.23048327137546e-002    1.56441201885994e-002
 5.57620817843866e-002    1.96747646857547e-002
 1.00371747211896e-001    1.98487493403082e-002
 1.37546468401487e-001    1.99937365524361e-002
 1.74721189591078e-001    2.79390357770445e-002
 2.00743494423792e-001    3.19406828317742e-002
 2.34200743494424e-001    3.20711713226893e-002
 2.86245353159851e-001    3.61743094259086e-002
 3.60594795539033e-001    4.81647518688852e-002
 3.82899628252788e-001    6.38523682211229e-002
 4.16356877323420e-001    1.10784728786921e-001
 4.16356877323420e-001    1.49786288849323e-001
 4.23791821561338e-001    2.16117938397833e-001
 4.27509293680297e-001    2.55133997181449e-001
 4.46096654275093e-001    3.17608986887357e-001
 4.34944237918216e-001    3.87768298836043e-001
 4.34944237918216e-001    4.26769858898445e-001
 4.38661710037175e-001    5.08687633750703e-001
 4.53531598513011e-001    5.47747188697957e-001
 4.83271375464684e-001    6.18065986579984e-001
 4.79553903345725e-001    6.72653671946134e-001
 4.90706319702602e-001    7.15598884178415e-001
 5.16728624535316e-001    7.70302559314269e-001
 5.31598513011152e-001    8.17162426274003e-001
 5.42750929368030e-001    8.75708262531245e-001
 5.50185873605948e-001    9.26439288054793e-001
 5.61338289962825e-001    9.57684032268354e-001
 5.83643122676580e-001    1.02797383270796e+000
 6.13382899628253e-001    1.06319122653382e+000
 6.54275092936803e-001    1.12185305256076e+000
 6.87732342007435e-001    1.21948744120769e+000
 6.98884758364312e-001    1.26633280944621e+000
 7.13754646840149e-001    1.29369189637474e+000
 7.28624535315985e-001    1.32495113930951e+000
 7.50929368029740e-001    1.35623937968671e+000
 7.65799256505576e-001    1.37969831060900e+000
 7.88104089219331e-001    1.41488670699244e+000
 8.06691449814126e-001    1.45786091666715e+000
 8.28996282527881e-001    1.50864993707555e+000
 8.40148698884758e-001    1.55549530531407e+000
 8.69888475836431e-001    1.59851301115242e+000
 8.84758364312268e-001    1.64147272210591e+000
 9.10780669144981e-001    1.68057577321680e+000
 9.18215613382900e-001    1.72350648672787e+000
 9.29368029739777e-001    1.76645169896015e+000
 9.33085501858736e-001    1.80156760173753e+000
 9.44237918215613e-001    1.84451281396981e+000
 9.51672862453532e-001    1.88744352748088e+000
 9.66542750929368e-001    1.92650308242813e+000
 9.77695167286245e-001    1.98504891868537e+000
 9.70260223048327e-001    2.05132257334903e+000
 9.88847583643123e-001    2.10989740704870e+000
 9.81412639405205e-001    2.16057043768740e+000
 9.92565055762082e-001    2.20741580592592e+000
 9.92565055762082e-001    2.26591814601952e+000
 9.96282527881041e-001    2.32443498483434e+000
 9.92565055762082e-001    2.36342204617553e+000
 9.92565055762082e-001    2.40242360623793e+000
 9.88847583643123e-001    2.46091144761032e+000
