Generated by GetData Graph Digitizer 2.22 on November 22 2023, 21:55
from file 'C:\Users\Li Hang\Documents\Projects\floris\floris\utils\others\gan_paper_plot\data\turb_profile.jpg'

Line #1
 4.75783560361266e-002    1.98258754752743e+000
 4.97692421872324e-002    1.92944816798164e+000
 5.19656089791165e-002    1.86616960299608e+000
 5.33511834758681e-002    1.80285678400566e+000
 5.55516607483358e-002    1.73197382994028e+000
 5.58506982107991e-002    1.67875452438314e+000
 5.72444936687181e-002    1.60023292723308e+000
 5.86382891266371e-002    1.52171133008301e+000
 6.00224934631941e-002    1.46093330745253e+000
 6.16728514175449e-002    1.40777109190350e+000
 6.27950126168918e-002    1.33177287311175e+000
 6.44563318527991e-002    1.25833228668318e+000
 6.42175814388966e-002    1.20002055240292e+000
 6.74922643039015e-002    1.14185725214373e+000
 6.78036332081159e-002    1.06582477934712e+000
 6.94567314828559e-002    1.00759297107820e+000
 7.22073280734406e-002    9.18989278496478e-001
 7.60197988148114e-002    8.65918406960414e-001
 7.68634749546134e-002    8.05117548326692e-001
 8.20313766684555e-002    7.44499377718912e-001
 8.23413754124753e-002    6.71001701282242e-001
 8.56242792386477e-002    5.97629622863406e-001
 8.67464404379945e-002    5.21631404071659e-001
 8.86739132916957e-002    4.55806624724541e-001
 9.16701110971558e-002    4.12840684623377e-001
 9.44111165663785e-002    3.41980566561240e-001
 9.66143341592355e-002    2.66028019775979e-001
 9.85390666925475e-002    2.05272833148742e-001
 9.77625284022790e-002    1.41868670145351e-001
 1.01827451159498e-001    1.21761569290143e-001
 9.94224774779918e-002    7.09628800767290e-002
