Generated by GetData Graph Digitizer 2.22 on August 27 2023, 23:48
from file 'C:\Users\Li Hang\Desktop\WGAN_loss.jpg'

Line #1
 0.00000000000000e+000   -2.00690326861742e-002
 1.16788321167883e+002   -1.97747072800051e-002
 1.55717761557178e+002   -1.95544091729634e-002
 2.33576642335766e+002   -1.93337543078537e-002
 3.11435523114355e+002   -1.91864132257351e-002
 3.89294403892944e+002   -1.88924445776341e-002
 4.47688564476886e+002   -1.85986543085672e-002
 4.67153284671533e+002   -1.83785345805595e-002
 4.67153284671533e+002   -1.81585932315859e-002
 5.25547445255474e+002   -1.77914891795278e-002
 5.25547445255474e+002   -1.74982340475630e-002
 5.45012165450122e+002   -1.72048005365641e-002
 5.64476885644769e+002   -1.66914256765917e-002
 5.83941605839416e+002   -1.63979921655928e-002
 5.83941605839416e+002   -1.61047370336280e-002
 6.22871046228711e+002   -1.56644975776127e-002
 6.22871046228711e+002   -1.50779873136831e-002
 6.61800486618005e+002   -1.46377478576678e-002
 6.81265206812652e+002   -1.41976867806865e-002
 7.20194647201947e+002   -1.39040748906537e-002
 7.59124087591241e+002   -1.36104630006208e-002
 8.17518248175183e+002   -1.31700451655714e-002
 8.56447688564477e+002   -1.29497470585297e-002
 9.34306569343066e+002   -1.32422886743584e-002
 9.73236009732360e+002   -1.34618732652639e-002
 1.01216545012165e+003   -1.38280854221518e-002
 1.05109489051095e+003   -1.39743562300661e-002
 1.09002433090024e+003   -1.40473132549893e-002
 1.14841849148418e+003   -1.42667194668607e-002
 1.20681265206813e+003   -1.41928705467674e-002
 1.32360097323601e+003   -1.38985451405984e-002
 1.42092457420925e+003   -1.37510256794457e-002
 1.44038929440389e+003   -1.37508473004117e-002
 1.55717761557178e+003   -1.36764632432162e-002
 1.61557177615572e+003   -1.35293005401317e-002
 1.75182481751825e+003   -1.33814243209110e-002
 1.79075425790754e+003   -1.33810675628429e-002
 1.88807785888078e+003   -1.33068618846815e-002
 1.94647201946472e+003   -1.33063267475794e-002
 2.06326034063260e+003   -1.31586289073927e-002
 2.16058394160584e+003   -1.30844232292313e-002
 2.31630170316302e+003   -1.29363686309766e-002
 2.41362530413625e+003   -1.27888491698240e-002
 2.49148418491484e+003   -1.27148218706966e-002
 2.58880778588808e+003   -1.27139299755264e-002
 2.64720194647202e+003   -1.26400810554331e-002
 2.76399026763990e+003   -1.25656969982376e-002
 2.93917274939173e+003   -1.25640915869312e-002
 3.01703163017032e+003   -1.24900642878039e-002
 3.07542579075426e+003   -1.24895291507017e-002
 3.19221411192214e+003   -1.24884588764975e-002
 3.34793187347932e+003   -1.24870318442252e-002
 3.54257907542579e+003   -1.23386204879023e-002
 3.58150851581509e+003   -1.23382637298343e-002
 3.67883211678832e+003   -1.22640580516728e-002
 3.71776155717762e+003   -1.21903875106136e-002
 3.83454987834550e+003   -1.21893172364093e-002
 3.91240875912409e+003   -1.20419761542907e-002
 4.02919708029197e+003   -1.20409058800865e-002
 4.12652068126521e+003   -1.18933864189339e-002
 4.24330900243309e+003   -1.18923161447296e-002
 4.37956204379562e+003   -1.17444399255089e-002
 4.51581508515815e+003   -1.16698774892794e-002
 4.61313868613139e+003   -1.15956718111180e-002
 4.67153284671533e+003   -1.14485091080335e-002
 4.69099756690997e+003   -1.13750169460082e-002
 4.84671532846715e+003   -1.12269623477535e-002
 4.96350364963504e+003   -1.11525782905580e-002
 5.06082725060827e+003   -1.10783726123966e-002
 5.27493917274939e+003   -1.09297828770398e-002
 5.45012165450122e+003   -1.07815498997510e-002
 5.54744525547445e+003   -1.07806580045808e-002
 5.66423357664234e+003   -1.06329601643941e-002
 5.78102189781022e+003   -1.06318898901899e-002
 5.87834549878345e+003   -1.05576842120285e-002
 6.03406326034063e+003   -1.04829433967649e-002
 6.11192214111922e+003   -1.04089160976375e-002
 6.24817518248175e+003   -1.02610398784168e-002
 6.34549878345499e+003   -1.02601479832466e-002
 6.46228710462287e+003   -1.02590777090424e-002
 6.52068126520681e+003   -1.01119150059579e-002
 6.61800486618005e+003   -1.00377093277964e-002
 6.73479318734793e+003   -1.00366390535922e-002
 6.85158150851581e+003   -9.96225499639674e-003
 6.94890510948905e+003   -9.81473553524413e-003
 7.04622871046229e+003   -9.74052985708272e-003
 7.12408759124088e+003   -9.73981634094655e-003
 7.26034063260341e+003   -9.66525390471706e-003
 7.31873479318735e+003   -9.59140498462373e-003
 7.39659367396594e+003   -9.51737768549636e-003
 7.47445255474453e+003   -9.44335038636899e-003
 7.55231143552311e+003   -9.36932308724162e-003
 7.64963503649635e+003   -9.36843119207141e-003
 7.76642335766423e+003   -9.36736091786716e-003
 7.92214111922141e+003   -9.29262010260362e-003
 8.00000000000000e+003   -9.29190658646745e-003
 8.03892944038929e+003   -9.36486361139057e-003
 8.07785888077859e+003   -9.58444820229610e-003
 8.09732360097324e+003   -9.87752495522686e-003
 8.13625304136253e+003   -1.00971095461324e-002
 8.19464720194647e+003   -1.00965744090303e-002
 8.23357664233577e+003   -1.01695314339534e-002
 8.27250608272506e+003   -1.01691746758853e-002
 8.33090024330900e+003   -9.94869818980956e-003
 8.33090024330900e+003   -9.87538440681836e-003
 8.35036496350365e+003   -9.50863711282831e-003
 8.36982968369830e+003   -9.28851738482066e-003
 8.42822384428224e+003   -8.92141333276252e-003
 8.46715328467153e+003   -8.62780144272963e-003
 8.54501216545012e+003   -8.48046036061105e-003
 8.62287104622871e+003   -8.03986414652767e-003
 8.66180048661800e+003   -7.89287982247719e-003
 8.75912408759124e+003   -7.74536036132457e-003
 8.81751824817518e+003   -7.52488387524884e-003
 8.89537712895377e+003   -7.15760144415666e-003
 8.97323600973236e+003   -7.01026036203809e-003
 9.09002433090024e+003   -6.86256252185143e-003
 9.16788321167883e+003   -6.86184900571526e-003
 9.28467153284672e+003   -6.71415116552861e-003
 9.38199513381995e+003   -6.63994548736720e-003
 9.49878345498784e+003   -6.63887521316295e-003
 9.57664233576642e+003   -6.63816169702678e-003
 9.65450121654501e+003   -6.56413439789941e-003
 9.75182481751825e+003   -6.41661493674679e-003
