Generated by GetData Graph Digitizer 2.22 on August 27 2023, 23:49
from file 'C:\Users\Li Hang\Desktop\WGAN_loss.jpg'

Line #1
 0.00000000000000e+000    5.88404649271143e-003
 0.00000000000000e+000    6.32392919065865e-003
 3.89294403892944e+001    6.47091351470914e-003
 9.73236009732360e+001    6.69139000078487e-003
 2.14111922141119e+002    6.69246027498912e-003
 3.30900243309002e+002    6.47358920021976e-003
 4.08759124087591e+002    6.32767515037353e-003
 4.67153284671533e+002    6.10826893850204e-003
 5.25547445255474e+002    5.81554894363936e-003
 5.64476885644769e+002    5.44933678675143e-003
 6.22871046228711e+002    5.00998922590635e-003
 7.00729927007299e+002    4.79076139306890e-003
 7.78588807785888e+002    4.71816112621387e-003
 8.36982968369830e+002    4.79201004630720e-003
 9.53771289537713e+002    4.93970788649386e-003
 1.03163017031630e+003    5.01373518562122e-003
 1.05109489051095e+003    5.08722734764647e-003
 1.14841849148418e+003    5.16143302580788e-003
 1.20681265206813e+003    5.23528194590121e-003
 1.34306569343066e+003    5.38315816512190e-003
 1.38199513381995e+003    5.45682870618119e-003
 1.45985401459854e+003    5.53085600530856e-003
 1.67396593673966e+003    5.60613195767422e-003
 1.73236009732360e+003    5.67998087776755e-003
 1.90754257907543e+003    5.82821385505633e-003
 1.98540145985401e+003    5.82892737119250e-003
 2.12165450121655e+003    5.90348980742199e-003
 2.18004866180049e+003    5.90402494452412e-003
 2.31630170316302e+003    5.90527359776242e-003
 2.35523114355231e+003    5.75900278984809e-003
 2.47201946472019e+003    5.61344549806994e-003
 2.54987834549878e+003    5.54084523121490e-003
 2.62773722627737e+003    5.32161739837747e-003
 2.76399026763990e+003    5.10292470264215e-003
 2.84184914841849e+003    5.25026578476072e-003
 2.90024330900243e+003    5.25080092186285e-003
 2.97810218978102e+003    5.10488687201661e-003
 3.05596107055961e+003    4.88565903917917e-003
 3.09489051094891e+003    4.81270201425605e-003
 3.21167883211679e+003    4.59383093948670e-003
 3.28953771289538e+003    4.44791688964046e-003
 3.40632603406326e+003    4.30235959786231e-003
 3.44525547445255e+003    4.22940257293919e-003
 3.54257907542579e+003    4.15698068511819e-003
 3.67883211678832e+003    4.15822933835649e-003
 3.71776155717762e+003    4.15858609642457e-003
 3.79562043795620e+003    4.15929961256074e-003
 3.91240875912409e+003    4.08705610377379e-003
 4.00973236009732e+003    4.01463421595279e-003
 4.02919708029197e+003    4.08812637797804e-003
 4.08759124087591e+003    3.94203394909776e-003
 4.18491484184915e+003    3.79629827828556e-003
 4.24330900243309e+003    3.65020584940529e-003
 4.30170316301703e+003    3.50411342052501e-003
 4.39902676399027e+003    3.21175018373041e-003
 4.45742092457421e+003    3.13897153784133e-003
 4.59367396593674e+003    2.92027884210602e-003
 4.69099756690997e+003    2.77454317129382e-003
 4.76885644768856e+003    2.70194290443879e-003
 4.82725060827251e+003    2.70247804154091e-003
 4.90510948905109e+003    2.62987777468588e-003
 4.96350364963504e+003    2.63041291178800e-003
 5.00243309002433e+003    2.55745588686488e-003
 5.15815085158151e+003    2.48556913614601e-003
 5.23600973236010e+003    2.48628265228218e-003
 5.33333333333333e+003    2.41386076446119e-003
 5.48905109489051e+003    2.34197401374232e-003
 5.66423357664234e+003    2.05032429308389e-003
 5.70316301703163e+003    2.05068105115197e-003
 5.76155717761557e+003    1.97790240526290e-003
 5.91727493917275e+003    1.90601565454403e-003
 6.01459854014598e+003    1.83359376672303e-003
 6.24817518248175e+003    1.83573431513154e-003
 6.50121654501217e+003    1.83805324257408e-003
 6.55961070559611e+003    1.76527459668501e-003
 6.63746958637470e+003    1.69267432982997e-003
 6.77372262773723e+003    1.69392298306826e-003
 6.96836982968370e+003    1.69570677340868e-003
 7.06569343065693e+003    1.62328488558769e-003
 7.18248175182482e+003    1.62435515979194e-003
 7.31873479318735e+003    1.55229003003903e-003
 7.41605839416058e+003    1.55318192520924e-003
 7.51338199513382e+003    1.55407382037945e-003
 7.63017031630170e+003    1.40851652860129e-003
 7.68856447688565e+003    1.40905166570342e-003
 7.72749391727494e+003    1.33609464078030e-003
 7.78588807785888e+003    1.26331599489123e-003
 7.84428223844282e+003    1.26385113199335e-003
 7.88321167883212e+003    1.26420789006143e-003
 7.96107055961071e+003    1.26492140619760e-003
 7.98053527980535e+003    1.26509978523164e-003
 8.00000000000000e+003    1.33859194725689e-003
 8.09732360097324e+003    1.92599410635672e-003
 8.11678832116788e+003    2.36605518333797e-003
 8.23357664233577e+003    2.73369437249824e-003
 8.35036496350365e+003    2.88139221268489e-003
 8.42822384428224e+003    2.58885059685625e-003
 8.46715328467153e+003    2.36926600595072e-003
 8.52554744525548e+003    1.92991844510564e-003
 8.56447688564477e+003    1.63702007120891e-003
 8.66180048661800e+003    1.27134305142311e-003
 8.77858880778589e+003    9.79158193662552e-004
 8.87591240875912e+003    7.60108739859152e-004
 8.93430656934307e+003    6.14016310978873e-004
 8.99270072992701e+003    4.67923882098594e-004
 9.03163017031630e+003    2.48339291193073e-004
 9.10948905109489e+003   -1.17516107626774e-004
 9.16788321167883e+003   -1.90294753515851e-004
 9.32360097323601e+003   -4.08809070217123e-004
 9.38199513381995e+003   -5.54901499097402e-004
 9.47931873479319e+003   -7.00637169909597e-004
 9.53771289537713e+003   -7.00102032807470e-004
 9.61557177615572e+003   -7.72702299662507e-004
 9.67396593673966e+003   -8.45480945551584e-004
 9.77128953771290e+003   -9.91216616363779e-004
