Generated by GetData Graph Digitizer 2.22 on March 06 2022, 13:57
from file 'C:\Users\Li Hang\Desktop\137-081-th.jpg'

Line #1
 5.03749712445365e-001   -9.78260869565217e-001
 5.33477110651024e-001   -9.25465838509317e-001
 5.59495054060271e-001   -8.75776397515528e-001
 6.11484932137106e-001   -8.01242236024845e-001
 6.55998389694042e-001   -7.63975155279503e-001
 7.19082125603865e-001   -6.98757763975155e-001
 7.45128824476651e-001   -6.33540372670807e-001
 7.56400966183575e-001   -5.46583850931677e-001
 7.34282263630090e-001   -4.90683229813665e-001
 7.04767655854612e-001   -4.28571428571429e-001
 6.64147688060732e-001   -3.63354037267081e-001
 6.30906372210720e-001   -3.13664596273292e-001
 5.90263400046009e-001   -2.60869565217391e-001
 5.71836899010812e-001   -2.11180124223602e-001
 5.71986427421210e-001   -1.30434782608696e-001
 5.79514607775477e-001   -6.52173913043478e-002
 5.79623878536922e-001   -6.21118012422361e-003
 5.76046698872786e-001    6.21118012422359e-002
 5.76150218541523e-001    1.18012422360248e-001
 5.83684149988498e-001    1.86335403726708e-001
 6.02300437083046e-001    2.39130434782609e-001
 6.35714285714286e-001    2.82608695652174e-001
 6.76518288474810e-001    3.16770186335404e-001
 7.32165861513688e-001    3.66459627329192e-001
 7.61864504255809e-001    4.03726708074534e-001
 7.87859443294226e-001    4.40993788819876e-001
 8.10179434092478e-001    4.93788819875777e-001
 8.13952150908673e-001    5.31055900621118e-001
 7.99223602484472e-001    5.77639751552795e-001
 7.62244076374511e-001    6.08695652173913e-001
 7.25276052449966e-001    6.45962732919255e-001
 6.92000230043708e-001    6.77018633540373e-001
 6.40217391304348e-001    7.14285714285714e-001
 5.81027145157580e-001    7.51552795031056e-001
 5.29273061881757e-001    8.04347826086957e-001
 5.18253968253968e-001    8.54037267080745e-001
 5.10955831608006e-001    9.13043478260870e-001
 4.99925235794801e-001    9.56521739130435e-001
