Generated by GetData Graph Digitizer 2.22 on December 17 2023, 21:00
from file 'C:\Users\31425\Desktop\Blind-Test\Fig_8\Fig_8d.jpg'

Line #1
-2.77886977886978e+000    1.80892987287303e-004
-2.55773955773956e+000    9.53561344325110e-005
-2.35135135135135e+000    1.87220968748500e-004
-2.13022113022113e+000    2.79304009321771e-004
-2.02702702702703e+000    7.24881186692910e-004
-1.92383292383292e+000    1.96974788449034e-003
-1.80589680589681e+000    4.45817204254149e-003
-1.70270270270270e+000    8.27852719504585e-003
-1.59950859950860e+000    1.11219729336958e-002
-1.49631449631450e+000    1.33437490453476e-002
-1.39312039312039e+000    1.52102853701433e-002
-1.26044226044226e+000    1.44129597060325e-002
-1.17199017199017e+000    1.38814092632920e-002
-1.05405405405405e+000    1.29950554462100e-002
-9.50859950859951e-001    1.17532436360145e-002
-8.62407862407863e-001    1.13993130867021e-002
-7.29729729729730e-001    1.09572272094475e-002
-6.41277641277641e-001    9.98162703313680e-003
-5.23341523341523e-001    9.27289310948281e-003
-4.20147420147420e-001    8.65275092628556e-003
-3.31695331695332e-001    7.67715074997491e-003
-2.13759213759213e-001    7.67889640003317e-003
-9.58230958230959e-002    7.59183210337740e-003
 7.37100737100782e-003    7.32692970703628e-003
 1.10565110565111e-001    7.59488699097935e-003
 2.13759213759213e-001    7.41879454135227e-003
 2.13759213759213e-001    8.39570395520662e-003
 3.31695331695332e-001    9.81840875268939e-003
 4.34889434889435e-001    1.14185152373429e-002
 5.38083538083538e-001    1.37291012957088e-002
 6.56019656019656e-001    1.35532270523390e-002
 7.59213759213759e-001    1.40876141764241e-002
 7.59213759213759e-001    1.50645235902785e-002
 8.77149877149877e-001    1.49774592936227e-002
 9.65601965601965e-001    1.53340083180225e-002
 1.08353808353808e+000    1.47140843410826e-002
 1.17199017199017e+000    1.55146830990525e-002
 1.28992628992629e+000    1.47171392286845e-002
 1.39312039312039e+000    1.38305672053452e-002
 1.49631449631450e+000    1.22335156082936e-002
 1.59950859950860e+000    1.07252739579560e-002
 1.71744471744472e+000    8.06272120659332e-003
 1.83538083538084e+000    5.22254856180256e-003
 1.92383292383292e+000    3.00360913149545e-003
 2.04176904176904e+000    1.14034590055904e-003
 2.14496314496315e+000    5.20203717361799e-004
 2.26289926289926e+000    2.55519527277964e-004
 2.38083538083538e+000    2.57265177336225e-004
 2.49877149877150e+000    2.59010827394486e-004
 2.58722358722359e+000    2.60320064938182e-004
