Generated by GetData Graph Digitizer 2.22 on December 17 2023, 20:53
from file 'C:\Users\31425\Desktop\Blind-Test\Fig_8\Fig_8b.jpg'

Line #1
-2.66007227292215e+000    8.88099467140320e-005
-2.43839739607486e+000    8.88099467140320e-005
-2.21672251922757e+000    8.88099467140320e-005
-1.99504764238028e+000    8.88099467140320e-005
-1.89157311727288e+000    1.77619893428064e-004
-1.78804609367481e+000    4.44049733570160e-004
-1.68436157460473e+000    1.24333925399645e-003
-1.56550499173149e+000    3.37477797513321e-003
-1.46074425360271e+000    7.81527531083481e-003
-1.41593679181724e+000    9.41385435168739e-003
-1.31230477123783e+000    1.00355239786856e-002
-1.23857064109407e+000    9.50266429840142e-003
-1.20948647726378e+000    7.90408525754885e-003
-1.13583109485602e+000    7.10479573712256e-003
-1.07721653002476e+000    5.41740674955595e-003
-1.01875946066551e+000    3.19715808170515e-003
-9.15809920464786e-001    1.50976909413854e-003
-7.82699997375075e-001    1.86500888099467e-003
-7.23481699901128e-001    2.22024866785080e-003
-6.34811749162211e-001    2.22024866785080e-003
-5.31337224054808e-001    2.30905861456483e-003
-4.27941446683408e-001    2.13143872113677e-003
-3.24493170821339e-001    2.13143872113677e-003
-2.06214071345449e-001    2.30905861456483e-003
-1.17176631171854e-001    3.55239786856128e-003
 1.39121000271247e-003    4.70692717584370e-003
-1.31771211577667e-002    5.41740674955595e-003
 1.05128227563458e-001    5.68383658969805e-003
 2.08733998897531e-001    6.21669626998224e-003
 9.06648933843153e-002    6.74955595026643e-003
 2.09101488332211e-001    7.46003552397869e-003
 3.27354338562767e-001    7.54884547069272e-003
 4.45580939547988e-001    7.54884547069272e-003
 5.48819221447383e-001    6.83836589698046e-003
 6.52057503346779e-001    6.12788632326821e-003
 7.55374532982177e-001    5.68383658969805e-003
 8.44228228438432e-001    6.30550621669627e-003
 9.62953565085004e-001    7.99289520426288e-003
 1.08223013588359e+000    1.15452930728242e-002
 1.18683337854037e+000    1.54529307282416e-002
 1.29054414685578e+000    1.63410301953819e-002
 1.39309994837648e+000    1.33214920071048e-002
 1.50998783784966e+000    8.79218472468917e-003
 1.59718783084986e+000    3.81882770870338e-003
 1.71465320372039e+000    1.24333925399645e-003
 1.81783898712912e+000    3.55239786856128e-004
 1.92123476450052e+000    1.77619893428064e-004
 2.14288339210248e+000    8.88099467140320e-005
 2.34980619307195e+000    1.77619893428064e-004
