Generated by GetData Graph Digitizer 2.22 on December 17 2023, 21:01
from file 'C:\Users\31425\Desktop\Blind-Test\Fig_8\Fig_8d.jpg'

Line #1
-2.98525798525799e+000    8.90281529713146e-005
-2.33660933660934e+000    6.31488908575942e-004
-2.23341523341523e+000    1.07706608594708e-003
-2.13022113022113e+000    1.61145321003225e-003
-2.02702702702703e+000    2.14584033411742e-003
-1.92383292383292e+000    3.83475676548501e-003
-1.80589680589681e+000    6.23437097682213e-003
-1.67321867321867e+000    8.90063323455863e-003
-1.51105651105651e+000    1.18337617449518e-002
-1.49631449631450e+000    1.28108893650634e-002
-1.40786240786241e+000    1.45883975368878e-002
-1.17199017199017e+000    1.48583186771464e-002
-1.05405405405405e+000    1.47712543804906e-002
-9.65601965601966e-001    1.55718531384606e-002
-7.59213759213759e-001    8.55892223565403e-003
-6.11793611793612e-001    7.93943467122863e-003
-5.23341523341523e-001    8.38479364234249e-003
-4.20147420147420e-001    7.94227135257331e-003
-3.02211302211302e-001    8.56568662962979e-003
-1.40049140049140e-001    7.85760732474764e-003
 7.37100737100782e-003    6.52764018660999e-003
 1.10565110565111e-001    6.44035768369694e-003
 2.13759213759213e-001    6.17545528735582e-003
 3.31695331695332e-001    6.26601088412811e-003
 4.34889434889435e-001    6.53396816807119e-003
 5.38083538083538e-001    6.62430555858620e-003
 6.41277641277641e-001    7.33631257609943e-003
 7.44471744471745e-001    8.93641906075299e-003
 8.62407862407863e-001    1.12472233253761e-002
 9.65601965601965e-001    1.02718413553227e-002
 1.06879606879607e+000    1.08062284794079e-002
 1.18673218673219e+000    1.09855940228942e-002
 1.28992628992629e+000    1.08983115199811e-002
 1.39312039312039e+000    1.19655583243505e-002
 1.49631449631450e+000    1.14342260878673e-002
 1.59950859950860e+000    1.01924142776718e-002
 1.82063882063882e+000    6.11042982268560e-003
 1.92383292383292e+000    4.15813843877787e-003
 2.02702702702703e+000    2.38346694829821e-003
 2.14496314496315e+000    1.05306339764599e-003
 2.24815724815725e+000    6.10541107876810e-004
