Generated by GetData Graph Digitizer 2.22 on December 17 2023, 20:54
from file 'C:\Users\31425\Desktop\Blind-Test\Fig_8\Fig_8b.jpg'

Line #1
-2.99997375075467e+000    8.88099467140320e-005
-1.81749774693978e+000    7.99289520426288e-004
-1.71376072937903e+000    1.77619893428064e-003
-1.66918951080156e+000    2.57548845470693e-003
-1.49069464252903e+000    6.48312611012433e-003
-1.43042637524171e+000    1.03907637655417e-002
-1.39987225367271e+000    1.37655417406750e-002
-1.27951946381542e+000    2.09591474245115e-002
-1.17494247040398e+000    2.47779751332149e-002
-1.07039172623787e+000    2.85079928952043e-002
-9.67678429245159e-001    2.60213143872114e-002
-8.66461339236497e-001    1.84724689165187e-002
-7.49835942216661e-001    1.30550621669627e-002
-6.46676408053269e-001    1.20781527531083e-002
-5.28817296502726e-001    1.08348134991119e-002
-4.25500266867328e-001    1.03907637655417e-002
-3.22471978930606e-001    8.96980461811723e-003
-2.04192879454716e-001    9.14742451154529e-003
-1.00849600573984e-001    8.79218472468917e-003
 2.54617679741687e-003    8.61456483126110e-003
 1.05863206432815e-001    8.17051509769094e-003
 2.24194804399374e-001    8.52575488454707e-003
 3.13468487780977e-001    1.05683836589698e-002
 4.17599244021734e-001    1.28774422735346e-002
 5.35852094252290e-001    1.29662522202487e-002
 6.38591640490336e-001    1.05683836589698e-002
 7.56975736947563e-001    1.11012433392540e-002
 8.62208961492357e-001    1.71403197158082e-002
 9.67652179999825e-001    2.38898756660746e-002
 1.07146794529657e+000    2.51332149200710e-002
 1.18888081967643e+000    2.23801065719361e-002
 1.29206660308516e+000    2.14920071047957e-002
 1.39351993630183e+000    1.47424511545293e-002
 1.49507826649984e+000    8.34813499111900e-003
 1.70005862331458e+000    1.86500888099467e-003
 1.83277480772428e+000    8.88099467140320e-004
