Generated by GetData Graph Digitizer 2.22 on December 17 2023, 20:56
from file 'C:\Users\31425\Desktop\Blind-Test\Fig_8\Fig_8c.jpg'

Line #1
-2.79069767441860e+000    1.17659574468085e+000
-2.56744186046512e+000    1.16170212765957e+000
-2.35813953488372e+000    1.14929078014184e+000
-2.13488372093023e+000    1.13936170212766e+000
-2.03720930232558e+000    1.13936170212766e+000
-1.92558139534884e+000    1.12446808510638e+000
-1.82790697674419e+000    1.09716312056738e+000
-1.71627906976744e+000    1.04751773049645e+000
-1.60465116279070e+000    9.95390070921986e-001
-1.49302325581395e+000    9.40780141843972e-001
-1.39534883720930e+000    8.86170212765957e-001
-1.28372093023256e+000    8.24113475177305e-001
-1.17209302325581e+000    7.74468085106383e-001
-1.06046511627907e+000    7.32269503546099e-001
-9.62790697674419e-001    6.97517730496454e-001
-8.51162790697674e-001    6.75177304964539e-001
-7.39534883720930e-001    6.57801418439716e-001
-6.41860465116279e-001    6.42907801418440e-001
-5.30232558139535e-001    6.23049645390071e-001
-4.18604651162791e-001    6.08156028368794e-001
-3.20930232558140e-001    5.83333333333333e-001
-2.09302325581395e-001    5.68439716312057e-001
-1.11627906976744e-001    5.46099290780142e-001
 0.00000000000000e+000    5.41134751773050e-001
 1.11627906976745e-001    5.31205673758865e-001
 2.23255813953489e-001    5.43617021276596e-001
 3.20930232558140e-001    5.56028368794326e-001
 4.32558139534883e-001    5.90780141843972e-001
 5.30232558139534e-001    6.25531914893617e-001
 6.41860465116279e-001    6.67730496453901e-001
 7.53488372093023e-001    7.04964539007092e-001
 8.51162790697674e-001    7.42198581560284e-001
 9.62790697674419e-001    7.81914893617021e-001
 1.07441860465116e+000    8.16666666666667e-001
 1.17209302325581e+000    8.61347517730496e-001
 1.28372093023256e+000    9.01063829787234e-001
 1.39534883720930e+000    9.38297872340426e-001
 1.49302325581395e+000    9.87943262411347e-001
 1.60465116279070e+000    1.02517730496454e+000
 1.71627906976744e+000    1.06489361702128e+000
 1.81395348837209e+000    1.09468085106383e+000
 1.92558139534884e+000    1.11702127659574e+000
 2.03720930232558e+000    1.13439716312057e+000
 2.14883720930233e+000    1.13936170212766e+000
 2.26046511627907e+000    1.13439716312057e+000
 2.35813953488372e+000    1.14432624113475e+000
 2.46976744186047e+000    1.15177304964539e+000
 2.56744186046512e+000    1.15425531914894e+000
