Generated by GetData Graph Digitizer 2.22 on December 17 2023, 20:50
from file 'C:\Users\31425\Desktop\Blind-Test\Fig_8\Fig_8a.jpg'

Line #1
-2.65034965034965e+000    1.17081850533808e+000
-2.44055944055944e+000    1.16085409252669e+000
-2.23076923076923e+000    1.14590747330961e+000
-2.00699300699301e+000    1.14341637010676e+000
-1.90909090909091e+000    1.14092526690391e+000
-1.79720279720280e+000    1.14590747330961e+000
-1.68531468531469e+000    1.14092526690391e+000
-1.57342657342657e+000    1.10854092526690e+000
-1.46153846153846e+000    1.01138790035587e+000
-1.41958041958042e+000    9.39145907473310e-001
-1.36363636363636e+000    8.76868327402135e-001
-1.30769230769231e+000    8.04626334519573e-001
-1.26573426573427e+000    7.52313167259786e-001
-1.20979020979021e+000    6.97508896797153e-001
-1.15384615384615e+000    6.40213523131673e-001
-1.08391608391608e+000    5.65480427046263e-001
-9.72027972027972e-001    5.23131672597865e-001
-9.02097902097902e-001    5.43060498220641e-001
-8.18181818181818e-001    5.65480427046263e-001
-7.62237762237762e-001    5.92882562277580e-001
-6.50349650349650e-001    6.22775800711744e-001
-5.38461538461538e-001    6.00355871886121e-001
-4.40559440559441e-001    5.72953736654804e-001
-3.42657342657342e-001    5.45551601423488e-001
-2.16783216783217e-001    5.30604982206406e-001
-1.18881118881119e-001    5.40569395017794e-001
 6.99300699300709e-003    5.43060498220641e-001
 1.04895104895105e-001    5.33096085409253e-001
 2.16783216783217e-001    5.25622775800712e-001
 3.14685314685314e-001    5.30604982206406e-001
 4.26573426573427e-001    5.53024911032028e-001
 5.24475524475524e-001    5.85409252669039e-001
 6.36363636363637e-001    6.02846975088968e-001
 7.34265734265734e-001    6.00355871886121e-001
 8.46153846153847e-001    5.90391459074733e-001
 9.58041958041958e-001    6.12811387900356e-001
 1.06993006993007e+000    6.75088967971530e-001
 1.16783216783217e+000    7.64768683274021e-001
 1.27972027972028e+000    8.74377224199288e-001
 1.39160839160839e+000    9.86476868327402e-001
 1.48951048951049e+000    1.07117437722420e+000
 1.60139860139860e+000    1.12597864768683e+000
 1.71328671328671e+000    1.15088967971530e+000
 1.81118881118881e+000    1.16085409252669e+000
 1.92307692307692e+000    1.16583629893238e+000
 2.13286713286713e+000    1.16583629893238e+000
 2.35664335664336e+000    1.17081850533808e+000
