Generated by GetData Graph Digitizer 2.22 on December 17 2023, 20:51
from file 'C:\Users\31425\Desktop\Blind-Test\Fig_8\Fig_8a.jpg'

Line #1
-3.01398601398601e+000    1.08861209964413e+000
-2.87412587412587e+000    1.08861209964413e+000
-2.80419580419580e+000    1.08861209964413e+000
-2.67832167832168e+000    1.08861209964413e+000
-2.58041958041958e+000    1.08861209964413e+000
-2.46853146853147e+000    1.08861209964413e+000
-2.37062937062937e+000    1.09110320284698e+000
-2.25874125874126e+000    1.08861209964413e+000
-2.14685314685315e+000    1.09110320284698e+000
-1.72727272727273e+000    1.08861209964413e+000
-1.34965034965035e+000    9.49110320284697e-001
-1.30769230769231e+000    9.14234875444840e-001
-1.18181818181818e+000    8.12099644128114e-001
-1.08391608391608e+000    7.02491103202847e-001
-9.72027972027972e-001    6.15302491103203e-001
-6.36363636363637e-001    5.03202846975089e-001
-5.38461538461538e-001    5.13167259786477e-001
-3.28671328671328e-001    6.60142348754448e-001
-2.16783216783217e-001    7.47330960854092e-001
-1.04895104895105e-001    7.79715302491103e-001
 6.99300699300709e-003    7.84697508896797e-001
 2.02797202797203e-001    7.42348754448398e-001
 3.14685314685314e-001    6.82562277580071e-001
 4.12587412587412e-001    6.02846975088968e-001
 5.24475524475524e-001    5.30604982206406e-001
 7.48251748251748e-001    5.15658362989324e-001
 8.60139860139860e-001    5.67971530249110e-001
 9.58041958041958e-001    6.60142348754448e-001
 1.06993006993007e+000    7.29893238434164e-001
 1.15384615384615e+000    8.07117437722420e-001
 1.30769230769231e+000    9.26690391459075e-001
 1.60139860139860e+000    1.07366548042705e+000
 1.69930069930070e+000    1.09359430604982e+000
 1.83916083916084e+000    1.09608540925267e+000
 1.96503496503497e+000    1.09608540925267e+000
 2.13286713286713e+000    1.09608540925267e+000
 2.35664335664336e+000    1.09359430604982e+000
 2.46853146853147e+000    1.09359430604982e+000
 2.56643356643357e+000    1.09110320284698e+000
 2.66433566433566e+000    1.09110320284698e+000
 2.80419580419580e+000    1.09359430604982e+000
 3.00000000000000e+000    1.09110320284698e+000
