Generated by GetData Graph Digitizer 2.22 on December 17 2023, 20:57
from file 'C:\Users\31425\Desktop\Blind-Test\Fig_8\Fig_8c.jpg'

Line #1
-3.00000000000000e+000    1.06489361702128e+000
-2.88837209302326e+000    1.06489361702128e+000
-2.77674418604651e+000    1.06489361702128e+000
-2.67906976744186e+000    1.06737588652482e+000
-2.56744186046512e+000    1.06489361702128e+000
-2.45581395348837e+000    1.06489361702128e+000
-2.35813953488372e+000    1.06489361702128e+000
-2.24651162790698e+000    1.06241134751773e+000
-2.13488372093023e+000    1.05992907801418e+000
-2.03720930232558e+000    1.05496453900709e+000
-1.92558139534884e+000    1.04503546099291e+000
-1.81395348837209e+000    1.03262411347518e+000
-1.71627906976744e+000    1.01773049645390e+000
-1.39534883720930e+000    9.20921985815603e-001
-1.28372093023256e+000    8.83687943262411e-001
-1.17209302325581e+000    8.46453900709220e-001
-1.06046511627907e+000    8.04255319148936e-001
-9.62790697674419e-001    7.64539007092199e-001
-8.65116279069768e-001    7.34751773049645e-001
-7.53488372093023e-001    7.07446808510638e-001
-6.55813953488372e-001    6.87588652482270e-001
-5.44186046511628e-001    6.67730496453901e-001
-4.18604651162791e-001    6.60283687943262e-001
-3.06976744186047e-001    6.57801418439716e-001
-2.09302325581395e-001    6.47872340425532e-001
-1.11627906976744e-001    6.40425531914894e-001
 0.00000000000000e+000    6.28014184397163e-001
 9.76744186046510e-002    6.23049645390071e-001
 2.09302325581395e-001    6.23049645390071e-001
 3.06976744186046e-001    6.28014184397163e-001
 4.32558139534883e-001    6.35460992907801e-001
 5.44186046511628e-001    6.42907801418440e-001
 7.53488372093023e-001    6.90070921985816e-001
 8.51162790697674e-001    7.24822695035461e-001
 9.62790697674419e-001    7.52127659574468e-001
 1.07441860465116e+000    7.76950354609929e-001
 1.15813953488372e+000    8.14184397163120e-001
 1.28372093023256e+000    8.48936170212766e-001
 1.39534883720930e+000    8.76241134751773e-001
 1.50697674418605e+000    9.13475177304965e-001
 1.60465116279070e+000    9.48226950354610e-001
 1.70232558139535e+000    9.97872340425532e-001
 1.81395348837209e+000    1.03262411347518e+000
 1.92558139534884e+000    1.05000000000000e+000
 2.03720930232558e+000    1.05992907801418e+000
 2.13488372093023e+000    1.06489361702128e+000
 2.24651162790698e+000    1.06985815602837e+000
 2.35813953488372e+000    1.06985815602837e+000
 2.46976744186047e+000    1.06985815602837e+000
 2.56744186046512e+000    1.07234042553191e+000
 2.67906976744186e+000    1.06985815602837e+000
 2.79069767441861e+000    1.06985815602837e+000
 2.88837209302326e+000    1.06985815602837e+000
 3.00000000000000e+000    1.06985815602837e+000
