Generated by GetData Graph Digitizer 2.22 on December 15 2023, 17:39
from file 'C:\Users\31425\Desktop\Blind Test 3\Fig_8\Fig_8a.jpg'

Line #1
 1.05444170117107e+000    1.19524527746022e-002
 1.54127559009732e+000    2.26640280006020e-002
 1.83351426128558e+000    3.33563896387525e-002
 2.12586821400094e+000    4.76032650290285e-002
 2.43474585226672e+000    7.13304448906266e-002
 2.74393090793809e+000    1.04536328091226e-001
 3.03689969546463e+000    1.37740610159505e-001
 3.34631531419020e+000    1.78055520864355e-001
 3.65584621444285e+000    2.21924945321331e-001
 3.94881500196939e+000    2.55129227389610e-001
 4.22522167676981e+000    2.77668367069191e-001
 4.51753720230947e+000    2.90730404542092e-001
 4.77734333720807e+000    3.01419563915601e-001
 5.06938987251784e+000    3.06187735966876e-001
 5.32888859001086e+000    3.07398192001383e-001
 5.62070456226644e+000    3.05057336548407e-001
 5.89622741202578e+000    3.00345204128360e-001
 6.13924087114407e+000    2.93260193608920e-001
 6.41461001220063e+000    2.83808709519372e-001
 6.68994072608148e+000    2.73172387512449e-001
 6.99751184037351e+000    2.56615078183291e-001
 7.79022604786105e+000    1.98636475715626e-001
 8.46938795115906e+000    1.39461827404340e-001
 9.11565619205902e+000    6.60659218199110e-002
