Generated by GetData Graph Digitizer 2.22 on December 15 2023, 17:44
from file 'C:\Users\31425\Desktop\Blind Test 3\Fig_8\Fig_8b.jpg'

Line #1
 8.01112656467316e-001    8.59488216929107e-002
 1.56884561891516e+000    1.25277596765775e-001
 2.42002781641168e+000    2.04200991405442e-001
 3.03755215577191e+000    2.92539171537781e-001
 3.58831710709319e+000    3.94889301704323e-001
 4.03894297635605e+000    4.59982298647111e-001
 4.62308762169680e+000    5.25023423493521e-001
 5.19054242002782e+000    5.69092011372957e-001
 5.75799721835883e+000    6.08498594590389e-001
 6.32545201668985e+000    6.45574175476818e-001
 6.95966620305981e+000    6.80292817984056e-001
 7.64394993045897e+000    7.05667999131142e-001
 8.29485396383867e+000    7.26394143640319e-001
 8.99582753824757e+000    7.37776826789344e-001
 9.64673157162726e+000    7.42185954981504e-001
 1.03310152990264e+001    7.37258105825561e-001
 1.09652294853964e+001    7.32349708705759e-001
