Generated by GetData Graph Digitizer 2.22 on December 15 2023, 17:44
from file 'C:\Users\31425\Desktop\Blind Test 3\Fig_8\Fig_8b.jpg'

Line #1
 7.34353268428373e-001    1.90869862636205e-001
 1.16828929068150e+000    2.18673306295003e-001
 1.58553546592490e+000    2.55807243289858e-001
 2.01947148817802e+000    2.97596700934670e-001
 2.47009735744089e+000    3.46372681560442e-001
 2.95410292072323e+000    4.06790705817131e-001
 3.40472878998609e+000    4.62559693435910e-001
 3.83866481223922e+000    5.20666167397739e-001
 4.28929068150209e+000    5.83428162009525e-001
 4.70653685674548e+000    6.34548112990394e-001
 5.14047287899861e+000    6.80999575297211e-001
 5.55771905424200e+000    7.27457521616075e-001
 5.97496522948540e+000    7.62260456279928e-001
 6.39221140472879e+000    7.90070383950773e-001
 6.80945757997218e+000    8.20211313952621e-001
 7.15994436717664e+000    8.38723168347647e-001
 7.59388038942976e+000    8.71188616668450e-001
 8.02781641168289e+000    8.96661057996246e-001
 8.41168289290682e+000    9.12828942036174e-001
 8.82892906815021e+000    9.33645862714013e-001
 9.24617524339360e+000    9.54462783391852e-001
 9.64673157162726e+000    9.72955185750735e-001
 1.00305980528512e+001    9.84461065128659e-001
