 1.51514256167824e-002    2.88078002659182e-003
 4.92598611316295e-002    1.44482198256759e-002
 8.33446594770276e-002    1.04151277884473e-002
 1.21229132811346e-001    1.41675284384695e-002
 1.81834835278475e-001    1.39311567439799e-002
 2.31088787117743e-001    2.15393706603634e-002
 2.84136504653568e-001    3.30329443049195e-002
 3.18227212291328e-001    3.28999852267691e-002
 3.75062786231349e-001    4.43787856404196e-002
 3.90296941941203e-001    9.89215541438913e-002
 3.90367853449549e-001    1.45723149652829e-001
 3.86674545723150e-001    2.08140050228985e-001
 3.82957600827301e-001    2.54956418968828e-001
 3.83058058797459e-001    3.21258679273157e-001
 3.68007091150835e-001    3.87620032501108e-001
 3.49138720638204e-001    4.34495494164574e-001
 3.49262815777811e-001    5.16398286305215e-001
 3.45563598759049e-001    5.74915053922293e-001
 3.38094253213178e-001    6.45146993647511e-001
 3.38218348352785e-001    7.27049785788152e-001
 3.38330624907667e-001    8.01152312010637e-001
 3.64975624169006e-001    8.86851824494017e-001
 3.80203870586497e-001    9.37494460038410e-001
 4.06837051263111e-001    1.01539370660363e+000
 4.29629191904269e-001    1.05820652976806e+000
 4.67602304624021e-001    1.12046092480425e+000
 5.01752105185404e-001    1.15932929531689e+000
 5.35895996454425e-001    1.19429753287044e+000
 5.70045797015807e-001    1.23316590338307e+000
 6.11765401093219e-001    1.26810459447481e+000
 6.72447924361058e-001    1.31856995124834e+000
 7.17967203427390e-001    1.36129413502733e+000
 7.82437583099424e-001    1.41174471856995e+000
 8.50695819175654e-001    1.46218052888167e+000
 8.96221007534348e-001    1.50880484561974e+000
 9.30418082434628e-001    1.57887427980499e+000
 9.49446003841040e-001    1.63730240803664e+000
 9.60910031023785e-001    1.70356034864825e+000
 9.72391786083617e-001    1.78151868813710e+000
 9.83832176096912e-001    1.83217609691239e+000
 9.87708671886542e-001    1.89066331806766e+000
 9.87791401979613e-001    1.94526517949476e+000
 9.91679716353967e-001    2.01155266656818e+000
 1.00316147141380e+000    2.08951100605702e+000
 1.00324420150687e+000    2.14411286748412e+000
 1.00336829664648e+000    2.22601565962476e+000
 1.00345693603191e+000    2.28451765401093e+000
 1.00355148470971e+000    2.34691978135618e+000
 1.00364603338750e+000    2.40932190870143e+000
 1.00373467277294e+000    2.46782390308761e+000
