Generated by GetData Graph Digitizer 2.22 on December 16 2023, 17:47
from file 'C:\Users\31425\Desktop\2015-Krogstad-Blind Test 3\Fig_15\Fig_15b.jpg'

Line #1
-2.67769900096681e+000    4.70689655172414e-003
-2.57660328714148e+000    4.44827586206897e-003
-2.45307766677409e+000    4.18965517241379e-003
-2.34076699967773e+000    3.93103448275862e-003
-2.23954237834354e+000    3.46551724137931e-003
-2.11617789236223e+000    3.46551724137931e-003
-2.01604898485337e+000    4.75862068965517e-003
-1.90505961972285e+000    6.62068965517241e-003
-1.80522075410893e+000    8.37931034482759e-003
-1.69361907831131e+000    9.25862068965517e-003
-1.55887850467290e+000    9.00000000000000e-003
-1.52471801482436e+000    8.17241379310345e-003
-1.46822429906542e+000    7.50000000000000e-003
-1.43409603609410e+000    6.72413793103448e-003
-1.38897840799227e+000    6.31034482758621e-003
-1.34357073799549e+000    5.43103448275862e-003
-1.30963583628746e+000    4.96551724137931e-003
-1.25323880116017e+000    4.44827586206897e-003
-1.19700290041895e+000    4.18965517241379e-003
-1.12955204640670e+000    3.93103448275862e-003
-1.06245568804383e+000    4.24137931034483e-003
-9.84015468901064e-001    4.34482758620690e-003
-9.39445697711892e-001    4.81034482758621e-003
-8.83499838865614e-001    5.01724137931034e-003
-8.50177247824686e-001    5.53448275862069e-003
-8.05800837898808e-001    6.31034482758621e-003
-7.72961650016113e-001    7.60344827586207e-003
-7.29229777634547e-001    9.41379310344827e-003
-6.74411859490816e-001    1.14310344827586e-002
-6.29809861424428e-001    1.18448275862069e-002
-5.84853367708669e-001    1.16896551724138e-002
-5.49693844666452e-001    9.25862068965517e-003
-4.80889461811151e-001    6.82758620689655e-003
-4.46277795681599e-001    5.27586206896552e-003
-4.12085078955849e-001    4.39655172413793e-003
-3.44311956171447e-001    3.62068965517241e-003
-2.99323235578473e-001    3.41379310344828e-003
-2.09571382533032e-001    3.36206896551724e-003
-1.08765710602643e-001    3.56896551724138e-003
-1.94005800837900e-002    4.13793103448276e-003
 9.23622300999036e-002    4.75862068965517e-003
 2.15565581695134e-001    5.01724137931034e-003
 3.05317434740574e-001    4.96551724137931e-003
 3.50338382210764e-001    4.70689655172414e-003
 4.40186915887851e-001    4.50000000000000e-003
 4.73477280051563e-001    5.06896551724138e-003
 5.40992587818240e-001    4.70689655172414e-003
 5.86045762165647e-001    4.39655172413793e-003
 6.08733483725427e-001    3.98275862068966e-003
 6.87431517885917e-001    3.67241379310345e-003
 7.76538833387045e-001    4.65517241379310e-003
 8.87528198517564e-001    6.51724137931034e-003
 9.98743151788592e-001    8.01724137931034e-003
 1.09925878182404e+000    8.68965517241379e-003
 1.15588140509185e+000    7.81034482758621e-003
 1.18988076055430e+000    7.24137931034483e-003
 1.23486948114728e+000    7.03448275862069e-003
 1.29110538188850e+000    6.77586206896552e-003
 1.34647115694489e+000    7.91379310344827e-003
 1.37856912665163e+000    1.03965517241379e-002
 1.40995810505962e+000    1.40172413793103e-002
 1.46593619078311e+000    1.41724137931034e-002
 1.50196583951015e+000    1.03448275862069e-002
 1.56045762165646e+000    6.46551724137931e-003
 1.59581050596197e+000    3.72413793103448e-003
 1.69584273283919e+000    5.17241379310345e-003
 1.65220754108927e+000    3.20689655172414e-003
 1.73100225588141e+000    2.74137931034483e-003
 1.85449564937158e+000    2.53448275862069e-003
 1.95539800193361e+000    2.58620689655172e-003
 2.01140831453432e+000    2.68965517241379e-003
 2.11205285207863e+000    3.15517241379310e-003
 2.22368675475346e+000    3.98275862068966e-003
 2.34666451820819e+000    4.60344827586207e-003
