Generated by GetData Graph Digitizer 2.22 on December 16 2023, 17:42
from file 'C:\Users\31425\Desktop\2015-Krogstad-Blind Test 3\Fig_15\Fig_15a.jpg'

Line #1
-2.68181818181818e+000    7.77588018917499e-004
-2.56818181818182e+000    5.16487125591172e-004
-2.45454545454545e+000    5.15501839201261e-004
-2.34090909090909e+000    6.18562795585917e-004
-2.22727272727273e+000    7.73646873357856e-004
-2.12500000000000e+000    2.12536127167630e-003
-2.00000000000000e+000    3.21676300578035e-003
-1.89772727272727e+000    7.01356410930110e-003
-1.79545454545455e+000    1.34115212821860e-002
-1.67045454545455e+000    1.67399172359432e-002
-1.55681818181818e+000    1.26811284813452e-002
-1.52272727272727e+000    1.10160930110352e-002
-1.47727272727273e+000    9.24691276931161e-003
-1.43181818181818e+000    8.31010246978455e-003
-1.38636363636364e+000    7.32126904887020e-003
-1.32954545454545e+000    6.80054519180242e-003
-1.30681818181818e+000    6.28011692065160e-003
-1.25000000000000e+000    5.86343930635838e-003
-1.21590909090909e+000    6.27932869153967e-003
-1.15909090909091e+000    5.65455859169732e-003
-1.07954545454545e+000    5.70589201261166e-003
-1.02272727272727e+000    5.28921439831844e-003
-9.43181818181818e-001    4.97638596952181e-003
-8.52272727272727e-001    4.66345901208618e-003
-8.97727272727272e-001    4.09159879138203e-003
-8.06818181818182e-001    4.19485680504467e-003
-7.61363636363636e-001    3.41411586967945e-003
-6.81818181818182e-001    2.99724119810825e-003
-6.25000000000000e-001    3.25686416184971e-003
-5.90909090909091e-001    3.98489227535470e-003
-5.34090909090909e-001    5.64913951655281e-003
-4.88636363636363e-001    8.51001707829743e-003
-4.54545454545455e-001    1.14230162900683e-002
-3.97727272727272e-001    1.00178993694167e-002
-3.63636363636364e-001    6.32396216500263e-003
-3.18181818181818e-001    3.82645822385707e-003
-2.72727272727273e-001    2.68155543878087e-003
-2.27272727272728e-001    2.00486074619023e-003
-1.25000000000000e-001    1.63981213872832e-003
 0.00000000000000e+000    1.89884393063584e-003
 1.02272727272728e-001    1.89795717288492e-003
 2.27272727272727e-001    1.89687335785602e-003
 3.06818181818182e-001    1.94820677877036e-003
 3.75000000000000e-001    1.73952312138728e-003
 4.54545454545455e-001    1.58276405675250e-003
 5.45454545454546e-001    1.68602207041513e-003
 5.90909090909091e-001    1.58158171308460e-003
 6.25000000000000e-001    1.94544797687861e-003
 6.70454545454545e-001    2.51730819758276e-003
 7.84090909090909e-001    5.16950210194430e-003
 8.97727272727273e-001    1.04748751970573e-002
 1.01136363636364e+000    1.30230228586442e-002
 1.11363636363636e+000    9.84872569626905e-003
 1.14772727272727e+000    7.66345901208618e-003
 1.20454545454546e+000    5.42597214923804e-003
 1.26136363636364e+000    4.28097083552286e-003
 1.28409090909091e+000    3.91661192853389e-003
 1.35227272727273e+000    4.02006699947451e-003
 1.37500000000000e+000    5.16437861271676e-003
 1.46590909090909e+000    6.36012217551235e-003
 1.43181818181818e+000    7.71301891749869e-003
 1.52272727272727e+000    3.75847346295323e-003
 1.55681818181818e+000    2.56164608512874e-003
 1.61363636363636e+000    1.26057540725171e-003
 1.65909090909091e+000    5.83880714661062e-004
 1.71590909090909e+000    1.67203100367840e-004
 1.80681818181818e+000    1.03455070940620e-005
 1.89772727272727e+000    9.55727798213347e-006
 2.01136363636364e+000    6.05951129795060e-005
 2.12500000000000e+000    1.11632947976879e-004
 2.23863636363636e+000    5.86245401996847e-005
 2.35227272727273e+000    5.76392538097740e-005
 2.45454545454545e+000    5.67524960588544e-005
 2.55681818181818e+000    1.07888859695218e-004
 2.68181818181818e+000    1.58828166053600e-004
