Generated by GetData Graph Digitizer 2.22 on December 16 2023, 17:45
from file 'C:\Users\31425\Desktop\2015-Krogstad-Blind Test 3\Fig_15\Fig_15a.jpg'

Line #1
-2.86363636363636e+000   -5.32054650551760e-005
-2.65909090909091e+000   -5.49789805570152e-005
-2.52272727272727e+000   -5.61613242249080e-005
-2.38636363636364e+000   -5.32054650551760e-006
-2.26136363636364e+000   -6.40436153441934e-006
-2.15909090909091e+000   -7.29111928533894e-006
-2.03409090909091e+000    1.47694429847609e-004
-1.96590909090909e+000    3.55195743562796e-004
-1.87500000000000e+000    7.18569364161850e-004
-1.84090909090909e+000    1.08243562795586e-003
-1.84090909090909e+000    1.55064372044141e-003
-1.81818181818182e+000    2.38281660535996e-003
-1.81818181818182e+000    2.74697845507094e-003
-1.79545454545455e+000    3.37105885444036e-003
-1.79545454545455e+000    3.73522070415134e-003
-1.76136363636364e+000    4.15111008933263e-003
-1.76136363636364e+000    4.77538754598003e-003
-1.73863636363636e+000    5.60756043089858e-003
-1.71590909090909e+000    6.43973331581713e-003
-1.71590909090909e+000    6.95996452968996e-003
-1.65909090909091e+000    9.76872044140830e-003
-1.62500000000000e+000    1.21614884393064e-002
-1.56818181818182e+000    1.25771807672097e-002
-1.52272727272727e+000    1.21606016815554e-002
-1.51136363636364e+000    1.13801563321072e-002
-1.46590909090909e+000    1.04953691539674e-002
-1.43181818181818e+000    1.10673279033106e-002
-1.39772727272727e+000    1.01826392538098e-002
-1.36363636363636e+000    9.40199684708355e-003
-1.35227272727273e+000    9.14178271150815e-003
-1.32954545454545e+000    8.41326195480820e-003
-1.29545454545455e+000    5.60371781397793e-003
-1.30681818181818e+000    7.06046374146085e-003
-1.23863636363636e+000    4.71883210719916e-003
-1.20454545454545e+000    4.30235155018392e-003
-1.20454545454545e+000    3.88616657908565e-003
-1.18181818181818e+000    3.52180767209669e-003
-1.13636363636364e+000    3.10522858644246e-003
-1.10227272727273e+000    2.68874802942722e-003
-1.05681818181818e+000    3.00049264319496e-003
-1.04545454545455e+000    3.36455596426695e-003
-1.03409090909091e+000    3.88468864950079e-003
-9.88636363636364e-001    4.40452574881766e-003
-9.77272727272728e-001    4.66454282711508e-003
-7.61363636363636e-001    5.70313321071992e-003
-7.38636363636364e-001    6.27519048870205e-003
-7.15909090909091e-001    6.58713215974777e-003
-6.59090909090909e-001    7.15889385181293e-003
-6.36363636363637e-001    7.62690488702049e-003
-6.02272727272728e-001    7.93874802942722e-003
-5.68181818181818e-001    7.57429059379926e-003
-5.45454545454545e-001    6.74172359432475e-003
-5.34090909090909e-001    5.38902390961640e-003
-5.11363636363636e-001    4.14027193904361e-003
-4.77272727272727e-001    3.51569889647924e-003
-4.43181818181818e-001    2.89112585391487e-003
-4.20454545454545e-001    2.47474382553862e-003
-4.09090909090909e-001    2.21452968996322e-003
-3.63636363636364e-001    2.05806621124540e-003
-2.84090909090909e-001    1.84928402522333e-003
-2.27272727272728e-001    1.53665265370468e-003
-1.47727272727272e-001    1.37989358906989e-003
-9.09090909090908e-002    1.22333158171308e-003
 1.13636363636367e-002    1.11839858118760e-003
 9.09090909090908e-002    1.32580136626379e-003
 1.47727272727273e-001    1.74149369416710e-003
 1.70454545454546e-001    2.20950472937467e-003
 2.04545454545454e-001    2.41730162900683e-003
 2.27272727272727e-001    2.83328954282712e-003
 2.61363636363637e-001    3.61334077771939e-003
 2.72727272727272e-001    4.65370467682606e-003
 3.18181818181818e-001    5.38163426169207e-003
 3.18181818181818e-001    5.64174986862848e-003
 3.86363636363637e-001    5.43306621124540e-003
 4.43181818181818e-001    5.69268917498686e-003
 5.00000000000000e-001    6.05635838150289e-003
 5.34090909090909e-001    6.31617840252233e-003
 5.90909090909091e-001    7.30412506568576e-003
 6.13636363636364e-001    8.34439043615344e-003
 6.70454545454545e-001    9.54042958486600e-003
 6.93181818181818e-001    1.08928336836574e-002
 7.04545454545455e-001    1.18291513399895e-002
 7.27272727272728e-001    1.26613242249080e-002
 7.61363636363637e-001    1.29731673673148e-002
 8.06818181818182e-001    1.24005189174987e-002
 8.40909090909091e-001    1.14117840252233e-002
 8.40909090909091e-001    1.06314372044141e-002
 8.86363636363636e-001    9.90271939043615e-003
 8.97727272727273e-001    8.96620467682606e-003
 9.31818181818182e-001    8.23758539148713e-003
 9.54545454545454e-001    7.56108775617446e-003
 9.54545454545454e-001    6.20848660010510e-003
 1.01136363636364e+000    4.75134655806621e-003
 1.03409090909091e+000    4.28294140830268e-003
 1.05681818181818e+000    3.71049001576458e-003
 1.05681818181818e+000    3.13823568050447e-003
 1.09090909090909e+000    2.66973200210194e-003
 1.12500000000000e+000    2.30527456647399e-003
 1.14772727272727e+000    1.83686941671046e-003
 1.19318181818182e+000    1.52433657383079e-003
 1.21590909090909e+000    1.68020888071466e-003
 1.23863636363636e+000    2.20024303730951e-003
 1.23863636363636e+000    3.24070546505518e-003
 1.27272727272727e+000    4.69705727798213e-003
 1.29545454545455e+000    5.26911455596427e-003
 1.32954545454545e+000    4.43644902785076e-003
 1.35227272727273e+000    2.66746584340515e-003
 1.36363636363636e+000    1.00262743037309e-003
 1.42045454545455e+000    1.41831975827641e-003
 1.40909090909091e+000    3.81148187073043e-003
 1.44318181818182e+000    4.85164871255912e-003
 1.46590909090909e+000    3.39480425643720e-003
 1.48863636363636e+000    1.72986731476616e-003
 1.53409090909091e+000    7.93057015239096e-004
 1.56818181818182e+000    3.76576458223857e-004
 1.64772727272727e+000   -9.23213347346295e-005
