Generated by GetData Graph Digitizer 2.22 on December 16 2023, 17:49
from file 'C:\Users\31425\Desktop\2015-Krogstad-Blind Test 3\Fig_15\Fig_15b.jpg'

Line #1
-2.85433451498550e+000    2.06896551724138e-004
-2.65259426361586e+000    4.13793103448276e-004
-2.47350950692878e+000    9.82758620689655e-004
-2.31672574927490e+000    1.34482758620690e-003
-2.19342571704802e+000    1.44827586206897e-003
-2.09255559136320e+000    1.55172413793103e-003
-1.98063164679343e+000    1.91379310344828e-003
-1.90267483080889e+000    2.79310344827586e-003
-1.84756687077022e+000    4.34482758620690e-003
-1.77054463422494e+000    6.72413793103448e-003
-1.72690944247502e+000    8.68965517241379e-003
-1.68311311633903e+000    1.03965517241379e-002
-1.63934901708024e+000    1.21551724137931e-002
-1.58353206574283e+000    1.25689655172414e-002
-1.55004834031582e+000    1.28275862068966e-002
-1.52781179503706e+000    1.31379310344828e-002
-1.50489848533677e+000    1.23620689655172e-002
-1.48169513374154e+000    1.11206896551724e-002
-1.44740573638414e+000    1.00862068965517e-002
-1.42471801482436e+000    9.67241379310345e-003
-1.41314856590396e+000    9.10344827586207e-003
-1.37927811795037e+000    8.74137931034483e-003
-1.35655816951337e+000    8.27586206896552e-003
-1.34495649371576e+000    7.65517241379310e-003
-1.29961327747341e+000    6.87931034482759e-003
-1.28810828230744e+000    6.41379310344828e-003
-1.24315178859169e+000    6.25862068965517e-003
-1.20934579439252e+000    6.00000000000000e-003
-1.18656139220110e+000    5.43103448275862e-003
-1.17489526264905e+000    4.70689655172414e-003
-1.16316467934257e+000    3.87931034482759e-003
-1.12910087012568e+000    3.20689655172414e-003
-1.06165001611344e+000    2.94827586206897e-003
-1.02813406380922e+000    3.15517241379310e-003
-1.00596197228489e+000    3.56896551724138e-003
-9.83822107637770e-001    4.03448275862069e-003
-9.39187882694167e-001    4.39655172413793e-003
-8.38478891395424e-001    4.75862068965517e-003
-8.16242346116661e-001    5.06896551724138e-003
-8.05285207863358e-001    5.48275862068966e-003
-7.61392201095714e-001    7.03448275862069e-003
-7.05381888495005e-001    7.13793103448276e-003
-6.60683209796971e-001    7.39655172413793e-003
-6.50016113438608e-001    8.27586206896552e-003
-6.16886883660973e-001    9.10344827586207e-003
-5.82823074444086e-001    8.43103448275862e-003
-5.48630357718337e-001    7.55172413793103e-003
-5.36577505639703e-001    6.20689655172414e-003
-5.02030293264583e-001    4.75862068965517e-003
-4.79084756687077e-001    3.93103448275862e-003
-4.45182081856268e-001    3.51724137931034e-003
-4.33677086690300e-001    3.05172413793103e-003
-3.99742184982276e-001    2.58620689655172e-003
-3.54721237512085e-001    2.32758620689655e-003
-2.87528198517564e-001    2.48275862068965e-003
-2.42765066065099e-001    2.63793103448276e-003
-1.64163712536255e-001    2.48275862068965e-003
-1.08121173058331e-001    2.53448275862069e-003
-6.34547212375121e-002    2.84482758620690e-003
-1.87560425394779e-002    3.10344827586207e-003
 3.70931356751534e-002    3.46551724137931e-003
 7.02868192072188e-002    4.18965517241379e-003
 1.14373187238157e-001    5.43103448275862e-003
 1.58266194005801e-001    6.98275862068965e-003
 1.91266516274573e-001    8.01724137931034e-003
 2.24653561069933e-001    8.43103448275862e-003
 2.35739606832098e-001    8.63793103448276e-003
 2.69191105381888e-001    8.94827586206897e-003
 2.80083789880761e-001    9.46551724137931e-003
 3.13406380921688e-001    9.98275862068966e-003
 3.12697389622945e-001    1.11206896551724e-002
 3.46277795681599e-001    1.12241379310345e-002
 3.80599419916210e-001    1.01379310344828e-002
 3.92072188204963e-001    9.72413793103448e-003
 4.14663229133097e-001    9.46551724137931e-003
 4.48855945858846e-001    8.58620689655172e-003
 4.60586529165324e-001    7.75862068965517e-003
 5.16081211730584e-001    8.68965517241379e-003
 5.61327747341283e-001    8.06896551724138e-003
 5.94843699645505e-001    8.27586206896552e-003
 6.28327425072510e-001    8.53448275862069e-003
 6.50435062842410e-001    9.05172413793103e-003
 6.72446019980664e-001    9.72413793103448e-003
 7.28488559458588e-001    9.77586206896552e-003
 7.50499516596842e-001    1.04482758620690e-002
 7.72542700612311e-001    1.10689655172414e-002
 8.17821463100226e-001    1.03965517241379e-002
 8.18208185626813e-001    9.77586206896552e-003
 9.07283274250725e-001    1.08103448275862e-002
 9.52787624879149e-001    9.77586206896552e-003
 9.64421527553980e-001    9.10344827586207e-003
 1.02149532710280e+000    7.50000000000000e-003
 1.04469867869803e+000    6.25862068965517e-003
 1.06767644215276e+000    5.37931034482759e-003
 1.09065420560748e+000    4.50000000000000e-003
 1.11347083467612e+000    3.87931034482759e-003
 1.14740573638414e+000    3.41379310344828e-003
 1.17002900418949e+000    3.10344827586207e-003
 1.23696422816629e+000    3.67241379310345e-003
 1.25894295842733e+000    4.39655172413793e-003
 1.29210441508218e+000    5.17241379310345e-003
 1.31411537222043e+000    5.84482758620690e-003
 1.34817918143732e+000    5.17241379310345e-003
 1.38221076377699e+000    4.55172413793103e-003
 1.42684498872059e+000    4.91379310344828e-003
 1.46065098291975e+000    4.65517241379310e-003
 1.46126329358685e+000    3.67241379310345e-003
 1.48433773767322e+000    2.63793103448276e-003
 1.52964872703835e+000    1.91379310344828e-003
 1.54118594908153e+000    1.39655172413793e-003
 1.57499194328070e+000    1.13793103448276e-003
 1.61998066387367e+000    9.31034482758621e-004
 1.69851756364808e+000    8.79310344827586e-004
 1.77702223654528e+000    8.79310344827586e-004
 1.86670963583629e+000    9.31034482758621e-004
 1.96764421527554e+000    9.31034482758621e-004
 2.05739606832098e+000    8.79310344827586e-004
 2.16957782790848e+000    8.27586206896552e-004
 2.24805027392846e+000    8.79310344827586e-004
 2.37157589429584e+000    6.20689655172414e-004
 2.51759587495972e+000    2.58620689655172e-004
 2.67470190138576e+000    1.03448275862069e-004
 2.91031260070899e+000   -5.17241379310345e-005
