Generated by GetData Graph Digitizer 2.22 on March 06 2022, 13:47
from file 'C:\Users\Li Hang\Desktop\137-081-tv.jpg'

Line #1
 2.92418772563177e-001   -2.19788574936499e-002
 3.42960288808664e-001    2.44287749849344e-002
 3.64620938628159e-001    7.49618432390725e-002
 4.07942238267148e-001    1.37026419684946e-001
 4.22382671480144e-001    2.11016743918854e-001
 4.18772563176895e-001    2.85147868008583e-001
 4.11552346570397e-001    3.51506840056996e-001
 4.04332129963899e-001    4.37366592136610e-001
 4.07942238267148e-001    4.95840772259049e-001
 4.11552346570397e-001    5.81616044425170e-001
 4.11552346570397e-001    6.40118384518774e-001
 4.11552346570397e-001    6.94720568606138e-001
 4.11552346570397e-001    7.49322752693501e-001
 4.15162454873646e-001    7.88296152784740e-001
 4.29602888086643e-001    8.46685852993687e-001
 4.62093862815884e-001    9.24435533378014e-001
 4.83754512635379e-001    9.86669069650873e-001
 5.16245487364621e-001    1.06831890604144e+000
 5.59566787003610e-001    1.12648332648107e+000
 5.88447653429603e-001    1.19256069881784e+000
 5.88447653429603e-001    1.27056381894265e+000
 5.92057761732852e-001    1.32903799906509e+000
 5.88447653429603e-001    1.39926896714858e+000
 5.70397111913357e-001    1.46571241911048e+000
 5.55956678700361e-001    1.52042724308250e+000
 5.34296028880866e-001    1.56739807498437e+000
 5.19855595667870e-001    1.60651227493143e+000
 4.94584837545126e-001    1.66521173482318e+000
 4.65703971119134e-001    1.70443857465490e+000
 4.04332129963899e-001    1.75951947825205e+000
 3.50180505415162e-001    1.83404484193808e+000
 3.21299638989170e-001    1.88107199378228e+000
 3.03249097472924e-001    1.92411450970674e+000
 2.88808664259928e-001    2.00613042572244e+000
 2.85198555956679e-001    2.05686061377473e+000
 2.74368231046931e-001    2.10764712176935e+000
 2.70758122743682e-001    2.13887652979043e+000
 2.67148014440433e-001    2.17400609381776e+000
 2.59927797833935e-001    2.20526366181001e+000
 2.52707581227437e-001    2.24042138580850e+000
 2.41877256317690e-001    2.27170711377192e+000
 2.34657039711191e-001    2.31466514978289e+000
 2.34657039711191e-001    2.33806608582033e+000
 2.34657039711191e-001    2.35756686585153e+000
 2.31046931407942e-001    2.38879627387262e+000
 2.27436823104693e-001    2.41222536988122e+000
 2.16606498194946e-001    2.44741125385088e+000
