Generated by GetData Graph Digitizer 2.22 on March 06 2022, 13:43
from file 'C:\Users\Li Hang\Desktop\137-081-tv.jpg'

Line #1
 5.61151079136691e-001    4.05111168475516e-001
 5.68345323741007e-001    4.63557391216512e-001
 6.25899280575540e-001    5.33311260507974e-001
 6.15107913669065e-001    6.11398556661691e-001
 6.07913669064748e-001    6.93357950145344e-001
 6.25899280575540e-001    7.63420464876149e-001
 5.64748201438849e-001    8.34100270485640e-001
 5.79136690647482e-001    9.04190843892748e-001
 5.93525179856115e-001    9.82081729312338e-001
 5.79136690647482e-001    1.05629692813612e+000
 5.93525179856115e-001    1.13028765754947e+000
 6.58273381294964e-001    1.19218509747584e+000
 7.48201438848921e-001    1.25388612666809e+000
 7.94964028776978e-001    1.33152448400094e+000
 8.12949640287770e-001    1.42498793476919e+000
 6.76258992805755e-001    1.48065634855610e+000
 5.46762589928058e-001    1.57137004904657e+000
