Generated by GetData Graph Digitizer 2.22 on March 26 2022, 12:43
from file 'C:\Users\Li Hang\Desktop\Lin\figs\turb_30_4d.jpg'

Line #1
 7.55183626704693e-002   -9.95309904838052e-001
 7.61064791727628e-002   -9.23120355754846e-001
 7.62523749273612e-002   -8.89795127741212e-001
 7.74352020903482e-002   -8.34305284805823e-001
 7.81737478311401e-002   -7.89901870680311e-001
 7.95032950185255e-002   -7.12197956635166e-001
 8.02428710965673e-002   -6.81683488639501e-001
 8.24640721400929e-002   -6.23473555364142e-001
 8.51299667407136e-002   -5.59732771730843e-001
 8.76499655867359e-002   -5.29317216111177e-001
 9.13567068772951e-002   -4.96189812849542e-001
 9.59536595518445e-002   -4.63111865775906e-001
 9.86222330293152e-002   -4.35482342080210e-001
 1.02625917515321e-001   -4.05149213440543e-001
 1.05591640255689e-001   -3.83091753592786e-001
 1.09594706539344e-001   -3.44425257275211e-001
 1.11818380392270e-001   -3.19548794711485e-001
 1.14931853494286e-001   -2.89166209883819e-001
 1.16858172016865e-001   -2.55939894246185e-001
 1.19081433734890e-001   -2.25507853230519e-001
 1.19968141972230e-001   -1.78334892577038e-001
 1.21299543766666e-001   -1.25631081565618e-001
 1.21443790981664e-001   -7.00835397442291e-002
 1.21291919271016e-001   -2.28528802047486e-002
 1.20844134702171e-001    1.32831078268538e-002
 1.20841661892771e-001    4.66165785384871e-002
 1.20245714827377e-001    7.99830200421201e-002
 1.19056911708340e-001    1.05049064659845e-001
 1.16532379378418e-001    1.35744872011507e-001
 1.14601939506839e-001    1.58074340893261e-001
 1.10741677966032e-001    1.94399910978862e-001
 1.09405124485347e-001    2.11140830616678e-001
 1.06434868261079e-001    2.50194733740248e-001
 1.05840569735286e-001    2.61338861436125e-001
 1.06282996550431e-001    2.97425393279728e-001
 1.08061976846261e-001    3.16771005485516e-001
 1.13253846248954e-001    3.30371457185366e-001
 1.16220599326572e-001    3.38539970903276e-001
 1.20670007706923e-001    3.60515003771034e-001
 1.25416565350170e-001    3.76917972790854e-001
 1.30014754429420e-001    3.93329184508673e-001
 1.34168456019024e-001    4.01431756642584e-001
 1.37727859082835e-001    4.20678456472372e-001
 1.41880736402639e-001    4.39892185510161e-001
 1.45291976969902e-001    4.56369338811980e-001
 1.47071781535532e-001    4.64603794113889e-001
 1.50186284974798e-001    4.81097432811708e-001
 1.53151389512815e-001    5.11488260337374e-001
 1.56265480817181e-001    5.33537477487131e-001
 1.57450368654668e-001    5.61249428162826e-001
 1.57151982987071e-001    5.83488227366582e-001
 1.54331125664052e-001    6.08644941662305e-001
 1.51659255107382e-001    6.25460045582120e-001
 1.47503286775827e-001    6.47913154933873e-001
 1.45128771549504e-001    6.56378405779780e-001
 1.41863838871740e-001    6.67670902039656e-001
 1.37857475508884e-001    6.73449033337592e-001
 1.34147849274024e-001    6.79210679239529e-001
 1.30437192701915e-001    6.98861271271312e-001
 1.25390600851471e-001    7.26919415263004e-001
 1.22718936362250e-001    7.40956729956850e-001
 1.19750122610133e-001    7.60566108498634e-001
 1.13665775081500e-001    7.77570794472447e-001
 1.10104105275739e-001    7.88879776128322e-001
 1.05354456620741e-001    8.14143645498044e-001
 1.02831572830419e-001    8.22617139041951e-001
 9.88241791303129e-002    8.42284216469735e-001
 9.67464010319858e-002    8.50732981919642e-001
 9.30355383924266e-002    8.73161363177395e-001
 9.19963402420880e-002    8.81552429741303e-001
 8.82852715350789e-002    9.06758600225026e-001
 8.66525991287468e-002    9.15182637580933e-001
 8.54652384818599e-002    9.20804157616871e-001
 8.42768474977230e-002    9.40314623782657e-001
 8.36821368370295e-002    9.57014329930473e-001
 8.26421144168909e-002    9.76516553398258e-001
 8.16022980642024e-002    9.93240987640074e-001
 8.10071752686089e-002    1.01549627223983e+000
 8.02632717741171e-002    1.04331537798952e+000
 7.90736443852802e-002    1.07949257951113e+000
 7.77337938253949e-002    1.14067812676445e+000
 7.77327634881450e-002    1.15456707289430e+000
 7.72847728518499e-002    1.19348085015187e+000
 7.68374004179048e-002    1.22406125973154e+000
 7.68357518783048e-002    1.24628357353929e+000
 7.68338972712548e-002    1.27128367657302e+000
 7.68303941246049e-002    1.31850609341450e+000
 7.68277152477549e-002    1.35461735335210e+000
 7.68260667081549e-002    1.37683966715985e+000
 7.65289174452582e-002    1.38241173100779e+000
 7.60829874834631e-002    1.39354761600567e+000
