Generated by GetData Graph Digitizer 2.22 on March 26 2022, 12:49
from file 'C:\Users\Li Hang\Desktop\Lin\figs\turb_30_8d.jpg'

Line #1
 7.70029673590504e-002   -9.97226074895978e-001
 7.70029673590504e-002   -9.66712898751734e-001
 7.72997032640950e-002   -9.19556171983356e-001
 7.80415430267062e-002   -8.80721220527046e-001
 7.98219584569733e-002   -8.16920943134535e-001
 8.11572700296736e-002   -7.55894590846047e-001
 8.23442136498516e-002   -7.14285714285714e-001
 8.42729970326410e-002   -6.53259361997226e-001
 8.57566765578635e-002   -6.06102635228849e-001
 8.76854599406528e-002   -5.53398058252427e-001
 9.00593471810089e-002   -5.00693481276006e-001
 9.22848664688427e-002   -4.45214979195562e-001
 9.42136498516321e-002   -4.00832177531207e-001
 9.74777448071217e-002   -3.50901525658807e-001
 9.98516320474778e-002   -3.00970873786408e-001
 1.02522255192878e-001   -2.39944521497920e-001
 1.04451038575668e-001   -1.81692094313454e-001
 1.04747774480712e-001   -1.31761442441054e-001
 1.04302670623145e-001   -7.90568654646324e-002
 1.03412462908012e-001   -2.91262135922330e-002
 1.02225519287834e-001    1.52565880721220e-002
 1.00593471810089e-001    5.13176144244105e-002
 9.88130563798220e-002    9.01525658807212e-002
 9.71810089020772e-002    1.31761442441054e-001
 9.64391691394659e-002    1.73370319001387e-001
 9.49554896142433e-002    2.17753120665742e-001
 9.31750741839763e-002    2.84327323162275e-001
 9.25816023738872e-002    3.14840499306519e-001
 9.19881305637982e-002    3.42579750346741e-001
 9.12462908011869e-002    3.81414701803051e-001
 9.06528189910979e-002    4.20249653259362e-001
 9.06528189910979e-002    4.67406380027739e-001
 9.10979228486647e-002    4.95145631067961e-001
 9.24332344213650e-002    5.31206657420250e-001
 9.37685459940653e-002    5.61719833564494e-001
 9.59940652818991e-002    5.89459084604716e-001
 1.00296735905045e-001    6.25520110957004e-001
 1.02373887240356e-001    6.47711511789182e-001
 1.06379821958457e-001    6.78224687933426e-001
 1.08011869436202e-001    7.00416088765603e-001
 1.09198813056380e-001    7.50346740638003e-001
 1.09495548961424e-001    7.91955617198336e-001
 1.08902077151335e-001    8.36338418862691e-001
 1.07715133531157e-001    8.75173370319001e-001
 1.06379821958457e-001    9.05686546463246e-001
 1.04451038575668e-001    9.36199722607490e-001
 1.01780415430267e-001    9.61165048543689e-001
 1.00296735905045e-001    9.77808599167822e-001
 9.85163204747775e-002    1.00554785020804e+000
 9.65875370919881e-002    1.03883495145631e+000
 9.42136498516321e-002    1.07766990291262e+000
 9.28783382789318e-002    1.10540915395284e+000
 9.05044510385757e-002    1.15533980582524e+000
 8.99109792284866e-002    1.18030513176144e+000
 8.76854599406528e-002    1.22746185852982e+000
 8.64985163204748e-002    1.25242718446602e+000
 8.35311572700297e-002    1.29403606102635e+000
 8.21958456973294e-002    1.32177531206657e+000
 8.13056379821959e-002    1.34396671289875e+000
 7.95252225519288e-002    1.38002773925104e+000
