Generated by GetData Graph Digitizer 2.22 on March 26 2022, 12:46
from file 'C:\Users\Li Hang\Desktop\Lin\figs\turb_30_6d.jpg'

Line #1
 7.33319890205310e-002   -9.89263330301771e-001
 7.34719072917996e-002   -9.33711661364862e-001
 7.36171753793226e-002   -9.14271252145071e-001
 7.36118255630682e-002   -8.78159992427952e-001
 7.39027732624414e-002   -8.42056963197379e-001
 7.44891954287878e-002   -8.00406586035334e-001
 7.50747945464796e-002   -7.53200630455269e-001
 7.59546335581628e-002   -6.92113959316705e-001
 7.77241881653834e-002   -6.36607558055794e-001
 7.93455940147902e-002   -5.81097041551611e-001
 8.09702920588151e-002   -5.47808838719501e-001
 8.28921106671221e-002   -5.20084444791954e-001
 8.46657805176153e-002   -4.92355935621134e-001
 8.65855415042860e-002   -4.50742595648542e-001
 8.90999551438483e-002   -4.23034662694085e-001
 9.26509985637801e-002   -3.92577747233528e-001
 9.48691146877148e-002   -3.64861583792526e-001
 9.85654261951695e-002   -3.14964259112177e-001
 1.01819349050819e-001   -2.78943534747057e-001
 1.04334174214709e-001   -2.54013391001609e-001
 1.06255581298688e-001   -2.23511207865053e-001
 1.08618965510146e-001   -1.76354635204260e-001
 1.09502096716447e-001   -1.37490277737768e-001
 1.11568771887950e-001   -8.75476853814213e-002
 1.12895937843366e-001   -4.59178844357384e-002
 1.13039148309252e-001   -1.25885291709019e-002
 1.13176185910230e-001    6.24076642290710e-002
 1.13172893715612e-001    8.46299779011437e-002
 1.12872892481039e-001    1.09638311268771e-001
 1.11829266787106e-001    1.54111745315824e-001
 1.10490989674855e-001    1.87482253013387e-001
 1.09746953691167e-001    2.09725142901823e-001
 1.08114025160597e-001    2.31992724249894e-001
 1.06628422339187e-001    2.59811768772711e-001
 1.05441174655040e-001    2.73733636763937e-001
 1.03511948608842e-001    2.96009448598554e-001
 1.02918530528932e-001    3.01581487989663e-001
 1.02174083020918e-001    3.26602167087107e-001
 1.01874493310672e-001    3.48832711245725e-001
 1.02760093662937e-001    3.71030333458162e-001
 1.04681912271244e-001    3.98754727385710e-001
 1.05716484429977e-001    4.15392655936856e-001
 1.07194679813497e-001    4.37573817176202e-001
 1.08525549487858e-001    4.54203515240803e-001
 1.09413207461759e-001    4.62512191408195e-001
 1.11337906740357e-001    4.70792060872679e-001
 1.13558080485928e-001    4.84619278268635e-001
 1.15777431182844e-001    5.04002074082609e-001
 1.18441639677530e-001    5.20594734957757e-001
 1.21253996930029e-001    5.37183280589632e-001
 1.22734249935185e-001    5.45475495783933e-001
 1.24657303116474e-001    5.64866522084453e-001
 1.26875419240408e-001    5.92582685525455e-001
 1.29389009831316e-001    6.25846196897930e-001
 1.31012884826687e-001    6.64689978148058e-001
 1.31596014798415e-001    7.28562668982177e-001
 1.31593134128124e-001    7.48007193445241e-001
 1.29810822266758e-001    7.78612257663612e-001
 1.26102165029486e-001    8.12048609253536e-001
 1.21949061518772e-001    8.45497306573278e-001
 1.19724772529928e-001    8.59447981267413e-001
 1.14980720085268e-001    8.81801982724209e-001
 1.12310750250001e-001    9.04098370775188e-001
 1.09789340696875e-001    9.23612854373886e-001
 1.06526364306026e-001    9.48703492606966e-001
 1.02522232601780e-001    9.76592496265417e-001
 9.88148099374895e-002    1.00169548022831e+000
 9.61444285778954e-002    1.02676965748830e+000
 9.28826867600278e-002    1.04352692809435e+000
 9.05098374890432e-002    1.06025950724077e+000
 8.72460380495393e-002    1.09090572389187e+000
 8.63550878810201e-002    1.10481936139655e+000
 8.27929333042523e-002    1.14936275457924e+000
 8.11591817250277e-002    1.17718591434533e+000
 8.05620599261725e-002    1.20775805661752e+000
 8.04102074494134e-002    1.23276227474187e+000
 8.04023884871954e-002    1.28554026971304e+000
 8.09900452265236e-002    1.31885727924806e+000
 8.15768789171972e-002    1.35772986720110e+000
 8.21670048024889e-002    1.37438014148206e+000
 8.21641241321981e-002    1.39382466594513e+000
