Generated by GetData Graph Digitizer 2.22 on March 26 2022, 12:32
from file 'C:\Users\Li Hang\Desktop\Lin\30_6d.jpg'

Line #1
-1.41815122691773e-002   -9.91724389119707e-001
-1.58224522883233e-002   -9.07707196477668e-001
-7.46013685781421e-003   -8.55603885910994e-001
-7.43402879622497e-003   -7.77388484733230e-001
-3.23353177608953e-003   -6.93399495244143e-001
 4.30009444027217e-003   -6.23910955393893e-001
 9.33701639650732e-003   -5.34132261506081e-001
 1.77080345142128e-002   -4.55957150546819e-001
 3.02447389032680e-002   -3.98080251668821e-001
 5.11331221051478e-002   -3.19965576037312e-001
 6.86758055626287e-002   -2.65009718000703e-001
 9.12254350537794e-002   -2.10078034095194e-001
 1.23794758403734e-001   -1.37813498190163e-001
 1.48855596633672e-001   -5.97189676679055e-002
 1.73077109031778e-001    3.89525832476489e-003
 1.95625771557684e-001    5.59300755199856e-002
 2.14830668269680e-001    9.05998085408817e-002
 2.34037498912164e-001    1.31063274982353e-001
 2.57421619408926e-001    1.85990929866011e-001
 2.75812331385436e-001    2.81498892824795e-001
 2.77499685736296e-001    3.36531302276558e-001
 2.69176048915548e-001    4.00302660121386e-001
 2.54173583154176e-001    4.55415650010153e-001
 2.38330824595728e-001    4.93151468659045e-001
 2.22488066037280e-001    5.30887287307936e-001
 2.05809849507976e-001    5.65730268268391e-001
 1.90799648024651e-001    5.97668324474857e-001
 1.73285973524492e-001    6.29618467746874e-001
 1.63279817179105e-001    6.52841749691377e-001
 1.44934552569065e-001    6.93486522116107e-001
 1.31592366131720e-001    7.22519653568585e-001
 1.13245167591193e-001    7.57370692572740e-001
 9.65650171314009e-002    7.86419940112619e-001
 7.82197525213619e-002    8.27064712537349e-001
 6.15444368877901e-002    8.70598293628666e-001
 5.07057234672795e-002    8.99619338015594e-001
 3.31997846890723e-002    9.54744414969911e-001
 2.31945953089293e-002    9.80864563624701e-001
 1.73579930958682e-002    9.95377100329090e-001
 1.15242917785392e-002    1.01858023716434e+000
 2.35746126498393e-003    1.05628382363843e+000
-4.30299533600431e-003    1.10266592317783e+000
-1.17882732901637e-002    1.17802071884196e+000
-1.51136667644376e-002    1.21569610216310e+000
-1.59326863261445e-002    1.26204999854955e+000
-1.59172148822397e-002    1.30839986591415e+000
-1.84023155594377e-002    1.36345242047517e+000
-1.92281038778530e-002    1.38952824988960e+000
-1.92184342254125e-002    1.41849691699248e+000
-2.08787135494393e-002    1.44457677542877e+000
-2.08729117579750e-002    1.46195797569049e+000
-2.08642090707786e-002    1.48802977608308e+000
