Generated by GetData Graph Digitizer 2.22 on December 15 2023, 18:06
from file 'C:\Users\31425\Desktop\Blind Test 3\Fig_11\Fig_11a.jpg'

Line #1
-2.87037037037037e+000    7.92357149325365e-006
-2.75925925925926e+000    1.47152042017568e-005
-2.66666666666667e+000    2.03748981255094e-005
-2.54629629629630e+000    2.77325002263878e-005
-2.42592592592593e+000    3.50901023272661e-005
-2.25000000000000e+000    4.58435207823961e-005
-2.11111111111111e+000    1.27682694919859e-004
-2.03703703703704e+000    2.78909716562528e-004
-1.96296296296296e+000    5.03486371457032e-004
-1.94444444444444e+000    1.01806574300462e-003
-1.91666666666667e+000    1.38651181744091e-003
-1.87962962962963e+000    2.12227202752875e-003
-1.86111111111111e+000    2.63685139907634e-003
-1.82407407407407e+000    3.44596124241601e-003
-1.80555555555556e+000    4.47398804672643e-003
-1.75925925925926e+000    6.01716019197682e-003
-1.71296296296296e+000    8.36717830299737e-003
-1.67592592592593e+000    1.13767771438921e-002
-1.63888888888889e+000    1.29927329530019e-002
-1.59259259259259e+000    1.46092547315041e-002
-1.56481481481481e+000    1.56378475052069e-002
-1.53703703703704e+000    1.60796432128950e-002
-1.50000000000000e+000    1.54951100244499e-002
-1.46296296296296e+000    1.47638775695010e-002
-1.43518518518519e+000    1.30785339128860e-002
-1.39814814814815e+000    1.03668613601376e-002
-1.37962962962963e+000    7.87410576836005e-003
-1.33333333333333e+000    6.18989405052975e-003
-1.31481481481481e+000    5.31083039029249e-003
-1.26851851851852e+000    4.36011500498053e-003
-1.17592592592593e+000    3.99902653264511e-003
-1.12037037037037e+000    4.29582088200670e-003
-1.07407407407407e+000    4.81209816173141e-003
-1.00925925925926e+000    5.32950738024088e-003
-9.81481481481481e-001    5.91800235443267e-003
-9.07407407407407e-001    5.55578194331251e-003
-8.33333333333333e-001    5.26691116544417e-003
-7.87037037037037e-001    5.48978991216155e-003
-7.68518518518519e-001    6.07771891696097e-003
-7.50000000000000e-001    7.10574572127139e-003
-7.40740740740740e-001    8.94005252195961e-003
-7.03703703703704e-001    1.12895046635878e-002
-6.66666666666667e-001    1.27587612061940e-002
-6.57407407407407e-001    1.36395227746083e-002
-6.11111111111111e-001    1.28355066558001e-002
-6.11111111111111e-001    1.14418636240152e-002
-5.92592592592593e-001    1.04161006972743e-002
-5.74074074074074e-001    9.09693923752604e-003
-5.46296296296296e-001    5.87125328262248e-003
-5.27777777777778e-001    4.11199402336322e-003
-5.00000000000000e-001    3.60024449877751e-003
-4.81481481481482e-001    3.01457937154759e-003
-4.44444444444445e-001    2.35669654985058e-003
-4.07407407407407e-001    1.99221226116092e-003
-3.51851851851852e-001    2.14230734401884e-003
-2.87037037037037e-001    1.63282169700263e-003
-2.50000000000000e-001    1.41503667481663e-003
-1.66666666666667e-001    1.42013039934800e-003
-1.20370370370370e-001    1.56965951281355e-003
-9.25925925925926e-002    1.71805668749434e-003
-2.77777777777777e-002    1.94206737299647e-003
 1.85185185185186e-002    2.23829575296568e-003
 7.40740740740744e-002    2.46174046907543e-003
 1.20370370370370e-001    2.46457031603731e-003
 1.85185185185185e-001    2.76193063479127e-003
 2.12962962962963e-001    3.27707597573123e-003
 2.40740740740740e-001    3.64552205016753e-003
 2.59259259259259e-001    4.16010142171511e-003
 2.87037037037037e-001    4.60189712940324e-003
 3.24074074074074e-001    5.11760843973558e-003
 3.42592592592593e-001    6.07228561079417e-003
 3.61111111111112e-001    6.88026351534909e-003
 4.16666666666667e-001    7.76385493072535e-003
 4.62962962962963e-001    7.32658697817622e-003
 4.72222222222222e-001    6.66700624830209e-003
 5.00000000000000e-001    6.30195599022005e-003
 5.46296296296296e-001    6.01138730417459e-003
 5.83333333333333e-001    5.35350448247759e-003
 6.11111111111111e-001    4.91510459114371e-003
 6.48148148148148e-001    4.40392103595038e-003
 6.94444444444444e-001    4.18670198315675e-003
 7.31481481481481e-001    3.89556732771892e-003
 8.14814814814815e-001    3.75396178574663e-003
 8.61111111111111e-001    3.61009236620484e-003
 8.88888888888889e-001    3.24504210812279e-003
 9.25925925925926e-001    2.66050891967762e-003
 9.72222222222222e-001    2.14989133387666e-003
 1.00925925925926e+000    1.85875667843883e-003
 1.05555555555556e+000    1.49483835914154e-003
 1.09259259259259e+000    9.83654803948202e-004
 1.13888888888889e+000    8.39785384406411e-004
 1.20370370370370e+000    9.90446436656706e-004
 1.24074074074074e+000    1.35945848048538e-003
 1.26851851851852e+000    1.72790455492167e-003
 1.26851851851852e+000    2.24135198768451e-003
 1.27777777777778e+000    2.60866612333605e-003
 1.30555555555556e+000    3.34386036403151e-003
 1.32407407407407e+000    5.32543240061577e-003
 1.36111111111111e+000    6.72133930997012e-003
 1.37962962962963e+000    5.98897491623653e-003
 1.37962962962963e+000    5.10877931721453e-003
 1.40740740740741e+000    3.42343566059947e-003
 1.42592592592593e+000    3.05781943312506e-003
 1.44444444444444e+000    4.81934256995382e-003
 1.47222222222222e+000    7.16822874218962e-003
 1.50000000000000e+000    5.48288508557457e-003
 1.51851851851852e+000    2.77008059404147e-003
 1.54629629629630e+000    1.23143620393009e-003
 1.58333333333333e+000    7.20252648736756e-004
 1.62037037037037e+000    5.02467626550756e-004
