Generated by GetData Graph Digitizer 2.22 on December 15 2023, 18:08
from file 'C:\Users\31425\Desktop\Blind Test 3\Fig_11\Fig_11b.jpg'

Line #1
-2.35153893736960e+000    3.49019182984494e-003
-2.25262896704049e+000    3.30985989326866e-003
-2.14461852456324e+000    3.59629410880726e-003
-2.02750760993783e+000    4.34949447646074e-003
-1.91010313169474e+000    6.40807439740825e-003
-1.79284543526049e+000    7.81396454170875e-003
-1.68473014863406e+000    8.56660574056665e-003
-1.55887523196768e+000    8.20146851704941e-003
-1.52306047061044e+000    7.45777401892087e-003
-1.46925445325524e+000    6.71519785838351e-003
-1.43339775423832e+000    6.15798615358270e-003
-1.38862930254177e+000    5.22836803092203e-003
-1.33476037869707e+000    4.76551606037625e-003
-1.26294213651407e+000    4.11729963409392e-003
-1.17309070067345e+000    3.65668433873048e-003
-1.09208811102296e+000    3.84819965121846e-003
-1.02006018054163e+000    4.13239719157472e-003
-9.66023506058245e-001    4.41547639433981e-003
-9.38910809082299e-001    4.97660228070972e-003
-8.84832196939250e-001    5.44616427680253e-003
-8.48472246006311e-001    7.12674609193434e-003
-8.03179573563897e-001    8.52816288587015e-003
-7.66630903162449e-001    1.10479172709767e-002
-7.12153883252545e-001    1.32890658036828e-002
-6.75772963489773e-001    1.50628890154785e-002
-6.22008883794240e-001    1.41338300616134e-002
-5.77471089225866e-001    1.21785565756503e-002
-5.33142982955836e-001    9.29086912304859e-003
-4.97705660535614e-001    6.86882948497059e-003
-4.62100587476716e-001    5.19272102020347e-003
-4.08357476611018e-001    4.17042066967453e-003
-3.54551459255816e-001    3.42784450913717e-003
-2.73506931945663e-001    3.80584261495287e-003
-2.28486854291096e-001    3.99512125225852e-003
-1.11438846155190e-001    4.46859742992042e-003
 5.46238017187495e-003    4.28938383093531e-003
 1.04561069969491e-001    4.94822446433377e-003
 2.21546171615893e-001    5.14197645200410e-003
 3.11439545116185e-001    4.86784394996837e-003
 4.01290980956808e-001    4.40722865460493e-003
 4.73172129629306e-001    4.03873641831418e-003
 4.55411530759526e-001    5.06327344402546e-003
 5.27355585921527e-001    4.97450539772628e-003
 5.81224509766233e-001    4.51165342718050e-003
 6.80092542435670e-001    4.14483869727650e-003
 7.87977171933920e-001    3.87182453283195e-003
 8.95966645581344e-001    4.06501735170669e-003
 1.00397708805860e+000    4.35145156724529e-003
 1.11190365521652e+000    4.26492019612845e-003
 1.20179702871681e+000    3.99078769409273e-003
 1.29183718402595e+000    4.36934496870402e-003
 1.34612548446734e+000    5.77132093143542e-003
 1.39200528414512e+000    9.78349683195929e-003
 1.43872383701628e+000    1.75253285990375e-002
 1.48655373786866e+000    3.02089543893003e-002
 1.52383631731431e+000    3.59921576576419e-002
 1.56663369900643e+000    2.62978482485785e-002
 1.60888589112285e+000    1.41792625262547e-002
 1.65224943122049e+000    7.00247082711549e-003
 1.69659850632036e+000    4.20802477117764e-003
 1.75034161718605e+000    3.18572442064871e-003
 1.84019305302668e+000    2.72510912528526e-003
 1.92115370501749e+000    2.73014164444553e-003
 2.02010561300627e+000    2.73629250119697e-003
 2.12809508665369e+000    2.92948532007171e-003
 2.23612649796078e+000    3.30916093227417e-003
 2.36223304058517e+000    4.06292046872324e-003
 2.47030638955193e+000    4.62907887425342e-003
 2.58735439768784e+000    5.10255505191533e-003
 2.68626436801694e+000    4.92222311533905e-003
