Generated by GetData Graph Digitizer 2.22 on December 15 2023, 18:11
from file 'C:\Users\31425\Desktop\Blind Test 3\Fig_11\Fig_11b.jpg'

Line #1
-2.87397733269495e+000    3.80793949793632e-004
-2.80201230870311e+000    3.85267300158315e-004
-2.66703595105875e+000    5.80137625419813e-004
-2.48697660927032e+000    1.24401077797853e-003
-2.33398802679816e+000    1.53324083749506e-003
-2.19903263798364e+000    1.63486976609270e-003
-2.07305190833826e+000    1.82918092255862e-003
-1.99204931868777e+000    2.02069623504660e-003
-1.91087897839861e+000    2.95814272084546e-003
-1.84734342400022e+000    5.47957461233876e-003
-1.82002103872593e+000    6.97311446534726e-003
-1.72039812818246e+000    9.96299001534219e-003
-1.67527320637872e+000    1.06184756359671e-002
-1.63908100608446e+000    1.15531262777881e-002
-1.58491851862207e+000    1.23956538605363e-002
-1.52194912262921e+000    1.23995680421054e-002
-1.51310027643907e+000    1.17474374342540e-002
-1.48632308074048e+000    1.08167009740021e-002
-1.46847860655136e+000    1.01651295349463e-002
-1.43260093870462e+000    9.70115922680935e-003
-1.37858523305107e+000    9.89099703291058e-003
-1.35168222437347e+000    9.51970895264190e-003
-1.33385871901419e+000    8.77489611692219e-003
-1.30708152331559e+000    7.84415965667036e-003
-1.28942576859498e+000    6.35341564763978e-003
-1.26260663523672e+000    5.60916198071567e-003
-1.19978402105271e+000    4.96038638563775e-003
-1.13700334452836e+000    4.12512799723211e-003
-1.07413879268467e+000    3.66283519548192e-003
-1.00219473752267e+000    3.57406714918274e-003
-9.38910809082299e-001    4.97660228070972e-003
-9.11651330297513e-001    6.19041794372665e-003
-8.75584942982257e-001    6.56562020556443e-003
-8.30648740647028e-001    6.38193325621464e-003
-7.58641778995523e-001    6.57288939990704e-003
-7.40545678848392e-001    7.04021472081751e-003
-7.31319393721233e-001    8.06642925291554e-003
-6.94812660979454e-001    1.03997008446944e-002
-6.76443966044475e-001    1.20791643222350e-002
-6.31193231261729e-001    1.32940983228431e-002
-5.95672033522169e-001    1.12450242714205e-002
-5.78163060610403e-001    9.10159048574294e-003
-5.60444399400291e-001    7.89057066670395e-003
-5.24776419851890e-001    6.49418639192840e-003
-5.16095324300427e-001    5.09612461076610e-003
-4.80385407092357e-001    3.88622312931827e-003
-4.53545304904260e-001    3.23521085905801e-003
-4.26621327396825e-001    2.95716417545319e-003
-3.45723581895512e-001    2.68247250462188e-003
-2.73716620244007e-001    2.87342864831428e-003
-2.28696542589441e-001    3.06270728561993e-003
-1.83760340254212e-001    2.87902033627013e-003
-1.38803169089149e-001    2.78857478358420e-003
-9.37201849450791e-002    3.25757761088142e-003
-5.76118599701543e-002    3.81926266604692e-003
 4.15287674871303e-002    4.66458609277309e-003
 7.76999989515588e-002    5.50599533793017e-003
 1.04791727097669e-001    5.97387982763622e-003
 1.67824029580030e-001    6.25751819919689e-003
 2.03932354554954e-001    6.81920325436239e-003
 2.49057276358693e-001    7.47468887498733e-003
 2.94224135822101e-001    8.31665728893999e-003
 3.39349057625839e-001    8.97214290956493e-003
 3.66210128643771e-001    8.41437203596853e-003
 3.93029262002034e-001    7.67011836904442e-003
 4.65015254823705e-001    7.76783311607296e-003
 4.91918263501305e-001    7.39654503580428e-003
 4.91792450522299e-001    6.83709665582112e-003
 5.27565274219873e-001    5.90691936436487e-003
 5.81455166894411e-001    5.53730879048295e-003
 6.17374772400826e-001    5.25982127567371e-003
 6.44256812248592e-001    4.79529179874117e-003
 6.89067201604814e-001    4.05215646940822e-003
 7.33940497450539e-001    3.58874533006686e-003
 7.70069791255299e-001    4.24367178189621e-003
 8.24022590419342e-001    4.15378539800586e-003
 8.68812010945729e-001    3.31740867200906e-003
 8.95715019623330e-001    2.94612059174038e-003
 9.85692268442960e-001    3.04495367636009e-003
 1.03060750194835e+000    2.76802533034644e-003
 1.09349302262187e+000    2.39897392526010e-003
 1.14740388412625e+000    2.12260474804204e-003
 1.20144055860963e+000    2.40568395080713e-003
 1.25554013958251e+000    2.96848734356379e-003
 1.27365720855948e+000    3.52905406113812e-003
 1.30083281202493e+000    4.36990413749961e-003
 1.30995425300291e+000    4.92991168627835e-003
 1.31014297247142e+000    5.76908425625308e-003
 1.31936925759858e+000    6.79529878835112e-003
 1.34681745585188e+000    8.84828702134277e-003
 1.38313546912515e+000    1.03423860431469e-002
 1.41941154473875e+000    1.16500022716232e-002
 1.45516339960649e+000    1.06265835835031e-002
 1.47269334134809e+000    8.57639119448939e-003
 1.49018134543002e+000    6.33971601214794e-003
 1.51672788400043e+000    4.38332418859366e-003
 1.53438363872104e+000    2.89258017956308e-003
 1.57021936890812e+000    2.24212707809841e-003
 1.59703850226638e+000    1.49787341117429e-003
 1.66896158859855e+000    1.31586396821125e-003
 1.73193098459141e+000    1.31977814978035e-003
 1.82188726458120e+000    1.32536983773621e-003
 1.92983480056895e+000    1.33207986328323e-003
 2.01979108055875e+000    1.33767155123908e-003
 2.10974736054854e+000    1.34326323919494e-003
 2.19070801253936e+000    1.34829575835521e-003
 2.25367740853222e+000    1.35220993992430e-003
 2.32560049486438e+000    1.17020049696127e-003
 2.39752358119655e+000    9.88191053998232e-004
 2.48745889235651e+000    9.00541345290226e-004
 2.54139072269072e+000    7.17413564736020e-004
 2.67628320501574e+000    5.39318303342082e-004
 2.73923163217877e+000    4.49991088247320e-004
 2.83816257133771e+000    3.62900548334900e-004
 2.91912322332852e+000    3.67933067495168e-004
