Generated by GetData Graph Digitizer 2.22 on December 15 2023, 18:04
from file 'C:\Users\31425\Desktop\Blind Test 3\Fig_11\Fig_11a.jpg'

Line #1
-2.69444444444444e+000    1.26562075522956e-003
-2.58333333333333e+000    9.79013854930725e-004
-2.47222222222222e+000    9.12455854387395e-004
-2.35185185185185e+000    1.13986235624377e-003
-2.23148148148148e+000    1.29391922484832e-003
-2.12037037037037e+000    2.18090645657883e-003
-2.01851851851852e+000    4.38762111744997e-003
-1.90740740740741e+000    8.13524404600199e-003
-1.79629629629630e+000    1.40833559721090e-002
-1.67592592592593e+000    1.57777551390021e-002
-1.56481481481481e+000    1.18970162093634e-002
-1.51851851851852e+000    1.02861541247849e-002
-1.48148148148148e+000    8.52802680431042e-003
-1.43518518518519e+000    8.01740921850946e-003
-1.39814814814815e+000    6.77272933079779e-003
-1.34259259259259e+000    6.18932808113737e-003
-1.25925925925926e+000    5.82767363940958e-003
-1.18518518518519e+000    5.68550212804492e-003
-1.11111111111111e+000    5.54333061668025e-003
-1.04629629629630e+000    5.10719460291587e-003
-9.53703703703704e-001    4.67275649732862e-003
-8.88888888888889e-001    4.30997011681608e-003
-8.61111111111111e-001    3.65152132572670e-003
-7.68518518518519e-001    3.58383138639862e-003
-7.22222222222222e-001    4.39350719913067e-003
-6.75925925925926e-001    5.56993117812189e-003
-6.38888888888889e-001    8.13943221950557e-003
-5.74074074074074e-001    1.21042742008512e-002
-5.46296296296296e-001    1.68736982703975e-002
-4.90740740740740e-001    1.81973874852848e-002
-4.53703703703704e-001    1.44588200670108e-002
-3.98148148148148e-001    8.37419632346283e-003
-3.61111111111111e-001    4.92902743819614e-003
-3.24074074074074e-001    3.17090011772163e-003
-2.68518518518518e-001    2.29410033505388e-003
-2.03703703703704e-001    1.85796432128950e-003
-1.20370370370370e-001    1.56965951281355e-003
 0.00000000000000e+000    1.35696821515892e-003
 1.01851851851852e-001    1.65659241148239e-003
 2.12962962962963e-001    1.51668477768722e-003
 2.96296296296296e-001    1.59512813547043e-003
 3.51851851851852e-001    1.89192248483202e-003
 3.98148148148148e-001    2.26150049805307e-003
 4.53703703703704e-001    2.26489631440732e-003
 4.35185185185185e-001    2.99726070814090e-003
 4.90740740740741e-001    3.22070542425066e-003
 5.27777777777778e-001    4.10316490084216e-003
 6.01851851851852e-001    4.47444082224033e-003
 6.75925925925926e-001    4.69901747713484e-003
 7.87037037037037e-001    6.90629810739835e-003
 8.88888888888889e-001    9.77315946753600e-003
 1.00925925925926e+000    5.96633614054152e-003
 1.12037037037037e+000    2.08559721090283e-003
 1.17592592592593e+000    1.35549669473875e-003
 1.25000000000000e+000    1.21332518337408e-003
 1.31481481481481e+000    1.29063660237254e-003
 1.35185185185185e+000    1.65964864620121e-003
 1.37962962962963e+000    2.68824141990401e-003
 1.42592592592593e+000    8.63239156026442e-003
 1.48148148148148e+000    2.44059585257629e-002
 1.52777777777778e+000    2.52889839717468e-002
 1.55555555555556e+000    1.50217332246672e-002
 1.61111111111111e+000    4.02268405324640e-003
 1.64814814814815e+000    1.31101150049805e-003
 1.69444444444444e+000    6.53694648193426e-004
 1.76851851851852e+000    4.38173503576927e-004
 1.86111111111111e+000    3.70483564248845e-004
 1.93518518518519e+000    3.75011319387848e-004
 2.00925925925926e+000    3.79539074526850e-004
 2.12037037037037e+000    3.86330707235353e-004
 2.23148148148148e+000    4.66471973195690e-004
 2.34259259259259e+000    4.73263605904193e-004
 2.46296296296296e+000    4.80621208005071e-004
 2.57407407407407e+000    5.60762473965408e-004
 2.69444444444444e+000    5.68120076066286e-004
