Generated by GetData Graph Digitizer 2.22 on March 06 2022, 13:30
from file 'C:\Users\Li Hang\Desktop\137-037-vh.jpg'

Line #1
 9.26503950113430e-001   -9.78488126859631e-001
 9.19367525849588e-001   -9.19595526624790e-001
 9.19686726934872e-001   -8.32772831427627e-001
 9.19937527787595e-001   -7.64554999486998e-001
 9.23921841334261e-001   -6.80821714793830e-001
 8.98448454724746e-001   -6.09582872581767e-001
 8.87589917805721e-001   -5.63104914556710e-001
 8.65850043890149e-001   -4.76350619592107e-001
 8.58725019665067e-001   -4.14357208814510e-001
 8.51668395672545e-001   -3.33758934780378e-001
 8.44577571563743e-001   -2.62463092374514e-001
 8.33844435071079e-001   -1.81876218379142e-001
 8.34118036001322e-001   -1.07456765353002e-001
 8.19833787434877e-001    7.22762457392356e-003
 8.23829501020304e-001    9.40617198098475e-002
 8.27802414528209e-001    1.74694193960260e-001
 8.24490703268391e-001    2.73908731289686e-001
 8.24741504121114e-001    3.42126563230315e-001
 8.25003705012597e-001    4.13445205713699e-001
 8.36329643520788e-001    4.94100479941632e-001
 8.44047469761397e-001    5.93349217387339e-001
 8.58981520537170e-001    6.55411028397497e-001
 8.70239058812800e-001    7.17461439368894e-001
 8.92480534433817e-001    7.67142808285548e-001
 9.22143435287680e-001    8.35451840536258e-001
 9.22303035830322e-001    8.78863188134840e-001
 9.26241749221947e-001    9.50193230656984e-001
