Generated by GetData Graph Digitizer 2.22 on March 06 2022, 13:49
from file 'C:\Users\Li Hang\Desktop\137-081-tv.jpg'

Line #1
 2.63537906137184e-001    5.68831417516628e-002
 3.24909747292419e-001    8.07627972988956e-002
 3.71841155234657e-001    1.08429968967712e-001
 3.57400722021661e-001    1.66819669176659e-001
 3.39350180505415e-001    2.32981521426922e-001
 3.39350180505415e-001    3.18784953564208e-001
 3.42960288808664e-001    3.85115765641456e-001
 3.53790613718412e-001    4.59303209673513e-001
 3.68231046931408e-001    5.41319125689215e-001
 3.86281588447653e-001    6.11662733657361e-001
 4.11552346570397e-001    7.24964377636477e-001
 4.15162454873646e-001    8.30296749776128e-001
 4.29602888086643e-001    9.27913289816791e-001
 4.47653429602888e-001    9.94356741778696e-001
 4.65703971119134e-001    1.09590159779676e+000
 4.76534296028881e-001    1.18568966585378e+000
 4.90974729241877e-001    1.25990526985700e+000
 5.05415162454874e-001    1.37312243392263e+000
 5.12635379061372e-001    1.43558124996480e+000
 5.19855595667870e-001    1.53314147006313e+000
 5.19855595667870e-001    1.60724443418170e+000
 5.12635379061372e-001    1.66569045433297e+000
 4.90974729241877e-001    1.71232336658087e+000
 4.44043321299639e-001    1.78996040708054e+000
 4.00722021660650e-001    1.84422467151394e+000
 3.46570397111913e-001    1.92570554807752e+000
 3.17689530685921e-001    1.99568307642053e+000
 3.03249097472924e-001    2.12037542873556e+000
 2.88808664259928e-001    2.22556700101939e+000
 2.81588447653430e-001    2.31521426922059e+000
 2.74368231046931e-001    2.40876169342803e+000
 2.45487364620939e-001    2.51384062582720e+000
