Generated by GetData Graph Digitizer 2.22 on March 06 2022, 13:46
from file 'C:\Users\Li Hang\Desktop\137-081-tv.jpg'

Line #1
 2.49097472924188e-001   -9.94046982095890e-003
 3.32129963898917e-001    2.06130988921867e-002
 3.75451263537906e-001    5.92767393006190e-002
 3.97111913357401e-001    1.64411991642121e-001
 3.93501805054152e-001    2.61944051769291e-001
 3.86281588447653e-001    3.24402867811463e-001
 3.79061371841155e-001    4.10262619891077e-001
 3.86281588447653e-001    5.15510512117236e-001
 3.82671480144404e-001    6.20842884256887e-001
 3.57400722021661e-001    7.14643748204802e-001
 3.46570397111913e-001    7.88831192236859e-001
 3.68231046931408e-001    8.47164572503478e-001
 4.40433212996390e-001    9.28504649211239e-001
 4.83754512635379e-001    1.00226969367583e+000
 4.94584837545126e-001    1.08018833388715e+000
 5.12635379061372e-001    1.15805065415613e+000
 5.34296028880866e-001    1.23588481445395e+000
 5.37906137184116e-001    1.30995961860135e+000
 5.30685920577617e-001    1.45432171077457e+000
 5.16245487364621e-001    1.53243747078403e+000
 4.87364620938628e-001    1.59506524665319e+000
 4.15162454873646e-001    1.68143187821376e+000
 3.82671480144404e-001    1.74018765804784e+000
 3.50180505415162e-001    1.83794499794432e+000
 3.24909747292419e-001    1.90444476984856e+000
 2.85198555956679e-001    2.03735983374353e+000
 2.59927797833935e-001    2.11556007366648e+000
 2.20216606498195e-001    2.21727388951154e+000
 2.05776173285199e-001    2.31489042955220e+000
 2.09386281588448e-001    2.41236616973704e+000
 2.12996389891697e-001    2.44743941382204e+000
