Generated by GetData Graph Digitizer 2.22 on March 06 2022, 13:44
from file 'C:\Users\Li Hang\Desktop\137-081-tv.jpg'

Line #1
 3.30935251798561e-001   -2.60945689626146e-003
 3.70503597122302e-001    2.04828337018373e-002
 4.38848920863309e-001    3.55503428770244e-002
 4.56834532374101e-001    5.88109855329465e-002
 4.31654676258993e-001    8.63084883107555e-002
 4.28057553956835e-001    1.56539355099384e-001
 4.35251798561151e-001    2.14985577840380e-001
 4.53237410071942e-001    2.88948248577425e-001
 4.85611510791367e-001    3.58898528603015e-001
 5.10791366906475e-001    4.17204457962491e-001
 5.14388489208633e-001    4.91279363404752e-001
 5.03597122302158e-001    5.53766035533508e-001
 4.78417266187050e-001    6.28065410386200e-001
 4.49640287769784e-001    7.21893623946397e-001
 4.31654676258993e-001    8.27338129496403e-001
 4.35251798561151e-001    8.81912254907463e-001
 4.42446043165468e-001    9.32558165635978e-001
 4.64028776978417e-001    1.01039293370296e+000
 4.71223021582734e-001    1.06493900043772e+000
 4.85611510791367e-001    1.14673004186355e+000
 5.14388489208633e-001    1.20110775654048e+000
 5.28776978417266e-001    1.23219676988518e+000
 5.82733812949640e-001    1.25517682577807e+000
 6.47482014388489e-001    1.27807270564204e+000
 7.01438848920863e-001    1.31665338555988e+000
 7.26618705035971e-001    1.35155837888192e+000
 6.90647482014389e-001    1.42984208576976e+000
 6.51079136690647e-001    1.48085275929023e+000
 5.64748201438849e-001    1.51272741557144e+000
 5.14388489208633e-001    1.53652117307714e+000
 4.49640287769784e-001    1.56822747730053e+000
 4.38848920863309e-001    1.60731321339185e+000
 4.20863309352518e-001    1.63475459881705e+000
 4.10071942446043e-001    1.67774049091460e+000
 3.77697841726619e-001    1.72479489107622e+000
 3.59712230215827e-001    1.76003658851390e+000
 3.30935251798561e-001    1.79536246198049e+000
 2.91366906474820e-001    1.82687235546976e+000
 2.62589928057554e-001    1.85829807293011e+000
 2.30215827338130e-001    1.89365200507301e+000
 2.19424460431655e-001    1.96393898921424e+000
 2.15827338129496e-001    1.99126813993423e+000
 2.01438848920863e-001    2.04208240272057e+000
 1.83453237410072e-001    2.11632566022065e+000
 1.79856115107914e-001    2.18265637100304e+000
 1.79856115107914e-001    2.29966105119025e+000
 1.79856115107914e-001    2.35426323527761e+000
 1.61870503597122e-001    2.43630680479018e+000
