Generated by GetData Graph Digitizer 2.22 on March 06 2022, 13:57
from file 'C:\Users\Li Hang\Desktop\137-081-th.jpg'

Line #1
 4.78104899266102e-001   -9.92383327193902e-001
 5.14743135643648e-001   -9.14629792298320e-001
 5.77025303901845e-001   -7.84001586806835e-001
 6.13691876115724e-001   -6.90720013601202e-001
 6.28432178175739e-001   -6.13034484712816e-001
 6.24929868805078e-001   -5.32300019835085e-001
 5.92264316681307e-001   -4.33022583661557e-001
 5.66841404324049e-001   -3.64778555439064e-001
 5.45164489529908e-001   -2.43727862627866e-001
 5.30764217505880e-001   -1.35076931795642e-001
 5.27284576804284e-001   -4.19200362698705e-002
 5.49369527641608e-001    6.06330225836615e-002
 5.60511178487433e-001    1.66257686095605e-001
 5.78991810943300e-001    2.93644271910686e-001
 5.97387435890170e-001    3.74446742795614e-001
 6.15800062338840e-001    4.64566036666572e-001
 6.45252330622538e-001    6.04409056133292e-001
 6.45394009804199e-001    6.82049247683545e-001
 6.30891728769375e-001    7.34799240599586e-001
 6.09158142302570e-001    8.24793856790683e-001
 5.87373551330368e-001    8.86838004023689e-001
 5.47369017596554e-001    9.64353517894081e-001
