Generated by GetData Graph Digitizer 2.22 on March 06 2022, 13:58
from file 'C:\Users\Li Hang\Desktop\137-081-th.jpg'

Line #1
 4.85415545039812e-001   -9.86149443200816e-001
 5.00104842594429e-001   -9.36414383270522e-001
 5.25731772973279e-001   -8.92856535660650e-001
 5.55036694908050e-001   -8.33759315406194e-001
 5.80691961123233e-001   -7.74673429486271e-001
 6.20957184551302e-001   -7.09330990904196e-001
 6.32064832393528e-001   -6.22339973364314e-001
 6.39466152843501e-001   -5.66416366779065e-001
 6.35929840469242e-001   -5.04315547873396e-001
 6.25094216655805e-001   -4.42237397636791e-001
 6.03315292850868e-001   -3.77087642741776e-001
 5.74242724774022e-001   -3.08854948853815e-001
 5.63458105465983e-001   -2.18826329659120e-001
 5.56277804539401e-001   -1.53631237425973e-001
 5.56374146382930e-001   -1.00835907171800e-001
 5.60188149953246e-001   -1.07619506389731e-002
 5.60295826131308e-001    4.82445949392196e-002
 5.64098495367091e-001    1.32107336148027e-001
 5.82499787481228e-001    2.16015414694965e-001
 6.00850075089966e-001    2.71973024283812e-001
 6.22889688589159e-001    3.49681221841263e-001
 6.48561956306140e-001    4.18083930747216e-001
 6.59652602646567e-001    4.95758125301068e-001
 6.63449604715083e-001    5.76515258847865e-001
 6.63619619733076e-001    6.69683488708169e-001
 6.45513020316795e-001    7.47267008585758e-001
 6.16451786574481e-001    8.21710917797739e-001
 5.98299849820067e-001    8.74449576379247e-001
 5.50967668810745e-001    9.36414383270522e-001
 5.14573120625655e-001    9.92201977841376e-001
