Generated by GetData Graph Digitizer 2.22 on March 06 2022, 13:28
from file 'C:\Users\Li Hang\Desktop\137-037-vh.jpg'

Line #1
 9.34111366669506e-001   -9.90697674418605e-001
 9.34349887838260e-001   -9.25581395348837e-001
 9.27330550586364e-001   -8.41860465116279e-001
 9.12951131555783e-001   -7.67441860465116e-001
 9.20663316012153e-001   -6.62015503875969e-001
 8.66320243064429e-001   -4.97674418604651e-001
 8.44705681914984e-001   -3.98449612403101e-001
 8.34091489905443e-001   -2.96124031007752e-001
 8.01442485163415e-001   -2.09302325581395e-001
 7.87085782434620e-001   -1.28682170542636e-001
 7.76392083368828e-001   -4.80620155038760e-002
 7.73024391629043e-001    3.25581395348837e-002
 7.73387852457620e-001    1.31782945736434e-001
 7.84649459068064e-001    2.06201550387597e-001
 7.99653576397762e-001    3.02325581395349e-001
 8.18241190334214e-001    3.76744186046512e-001
 8.33302098418377e-001    4.88372093023256e-001
 8.55507283414260e-001    5.50387596899225e-001
 8.81489053582077e-001    6.43410852713178e-001
 8.99997160462277e-001    6.96124031007752e-001
 9.14978561490189e-001    7.86046511627907e-001
 9.22452224777806e-001    8.26356589147287e-001
 9.30039469574353e-001    8.97674418604651e-001
 9.33895561802539e-001    9.50387596899225e-001
