Generated by GetData Graph Digitizer 2.22 on March 06 2022, 13:26
from file 'C:\Users\Li Hang\Desktop\137-037-vh.jpg'

Line #1
 9.48915269965936e-001   -9.97216029333545e-001
 9.52836594502224e-001   -9.22773106390684e-001
 9.56667383407082e-001   -8.73136946459491e-001
 9.64227108631441e-001   -8.01772234985231e-001
 9.68069214490228e-001   -7.49035229677580e-001
 9.50080916220590e-001   -6.77828955558322e-001
 9.28465534216810e-001   -6.00443624594004e-001
 8.88635514864819e-001   -5.13868927039598e-001
 8.67008815907110e-001   -4.39584441451739e-001
 8.27122211785476e-001   -3.68513970779625e-001
 8.05472878919910e-001   -3.00431175944683e-001
 7.69235992440275e-001   -2.29338071364712e-001
 7.33078324638140e-001   -1.36539049149531e-001
 7.04106922580718e-001   -7.47032128832203e-002
 6.82491540576938e-001    2.68211808109720e-003
 6.78954992474226e-001    3.36679379378246e-002
 6.79147380691013e-001    8.63823093376186e-002
 6.86684472007514e-001    1.51545330058961e-001
 6.86944761947874e-001    2.22864773717506e-001
 6.90820818668447e-001    2.84904315154533e-001
 7.05544175729661e-001    3.19104149927006e-001
 7.42279008182158e-001    3.84448241911207e-001
 7.71657820581012e-001    4.34242839197402e-001
 8.15658137455722e-001    4.90329662867943e-001
 8.37680929800935e-001    5.24574765456130e-001
 8.85387549087288e-001    5.96188449916820e-001
 9.14811629301857e-001    6.58386428708849e-001
 9.33252605728642e-001    7.11213969647930e-001
 9.40687844459785e-001    7.48469381981146e-001
 9.48157034052714e-001    7.95027330443738e-001
 9.55671491461358e-001    8.53988660412163e-001
 9.63140681054287e-001    9.00546608874755e-001
 9.59728619444790e-001    9.65641727872526e-001
