Generated by GetData Graph Digitizer 2.22 on March 06 2022, 13:26
from file 'C:\Users\Li Hang\Desktop\137-037-vh.jpg'

Line #1
 9.45276869277865e-001   -9.94137817864943e-001
 9.56429727374580e-001   -9.38254699365119e-001
 9.60237882371581e-001   -8.94820230186843e-001
 9.60509489265869e-001   -8.20399941151840e-001
 9.57074793748515e-001   -7.61506512906986e-001
 9.42713579213019e-001   -6.96479295632787e-001
 9.17414528705454e-001   -6.28419134705703e-001
 8.84906578545319e-001   -5.35597478582665e-001
 8.45008657469755e-001   -4.67627853287009e-001
 8.05144687255978e-001   -3.90355691861978e-001
 7.61585731584487e-001   -3.25509545850639e-001
 7.32636963434922e-001   -2.57472018831411e-001
 7.03710829193214e-001   -1.83232801059267e-001
 6.85722530923577e-001   -1.12026526940009e-001
 6.71372633342010e-001   -4.38984642893518e-002
 6.64299537136584e-001    1.80731754241028e-002
 6.31768953068592e-001    1.04693140794224e-001
 6.28266355827665e-001    1.44981496780327e-001
 6.43057614612451e-001    1.97786403811550e-001
 6.54244423570952e-001    2.62972058440750e-001
 6.58052578567953e-001    3.06406527619026e-001
 6.87420074012879e-001    3.53100279528762e-001
 7.35058791575659e-001    4.06108891730702e-001
 7.93669295972296e-001    4.65387096409130e-001
 8.26720459921008e-001    5.21406018356099e-001
 9.00110906148501e-001    6.30388284689293e-001
 9.25896585675000e-001    6.95664474949923e-001
 9.47930694974141e-001    7.33010422914568e-001
 9.62755904620712e-001    7.95117866075167e-001
 9.66484840940213e-001    8.16846417618234e-001
 9.66598010479499e-001    8.47854871382819e-001
 9.66745130880572e-001    8.88165861276779e-001
 9.66824349558073e-001    9.09871778911988e-001
 9.66926202143431e-001    9.37779387300114e-001
 9.67073322544504e-001    9.78090377194075e-001
