Generated by GetData Graph Digitizer 2.22 on March 06 2022, 13:29
from file 'C:\Users\Li Hang\Desktop\137-037-vh.jpg'

Line #1
 9.34088650367720e-001   -9.96899224806202e-001
 9.26967089757787e-001   -9.41085271317829e-001
 9.12530879972740e-001   -8.82170542635659e-001
 9.20072692165715e-001   -8.23255813953488e-001
 9.20368004088934e-001   -7.42635658914729e-001
 9.05999943209245e-001   -6.65116279069767e-001
 8.98923815202885e-001   -5.96899224806202e-001
 8.80847318056620e-001   -5.31782945736434e-001
 8.62861686117500e-001   -4.41860465116279e-001
 8.55785558111140e-001   -3.73643410852713e-001
 8.48675355652100e-001   -3.14728682170543e-001
 8.23352358236079e-001   -2.27906976744186e-001
 8.19893801289150e-001   -1.72093023255814e-001
 8.12806315131897e-001   -1.06976744186047e-001
 8.13022119998864e-001   -4.80620155038760e-002
 8.02487435045575e-001    7.59689922480620e-002
 8.24862992304853e-001    1.84496124031008e-001
 8.28775875287503e-001    2.52713178294574e-001
 8.32654683817475e-001    3.11627906976744e-001
 8.40219212312236e-001    3.76744186046512e-001
 8.51424028168214e-001    4.35658914728682e-001
 8.70011642104665e-001    5.10077519379845e-001
 8.95879830763552e-001    5.72093023255814e-001
 9.25524604594372e-001    6.65116279069767e-001
 9.44237158190647e-001    7.73643410852713e-001
 9.48206831927762e-001    8.57364341085271e-001
 9.55680495215379e-001    8.97674418604651e-001
 9.52221938268450e-001    9.53488372093023e-001
