Generated by GetData Graph Digitizer 2.22 on December 17 2023, 11:10
from file 'C:\Users\31425\Desktop\2015-Krogstad-Blind Test 3\Fig_19\Fig_19b.jpg'

Line #1
-2.85423830413340e+000    1.74927113702624e-004
-2.75333642135092e+000    3.49854227405248e-004
-2.65243453856843e+000    5.24781341107872e-004
-2.47309337620228e+000    1.04956268221574e-003
-2.31614942372142e+000    1.39941690962099e-003
-2.19278493774012e+000    1.39941690962099e-003
-2.08066810168660e+000    1.57434402332362e-003
-1.97983161221765e+000    2.09912536443149e-003
-1.90168660254489e+000    4.02332361516035e-003
-1.83492002942699e+000    6.82215743440233e-003
-1.77923762295305e+000    8.92128279883382e-003
-1.72355521647912e+000    1.10204081632653e-002
-1.66780741669164e+000    1.27696793002915e-002
-1.58910656385385e+000    1.17201166180758e-002
-1.53293370752841e+000    1.11953352769679e-002
-1.46551320127517e+000    1.04956268221574e-002
-1.39822348164900e+000    1.04956268221574e-002
-1.37556469850958e+000    9.27113702623907e-003
-1.35290591537015e+000    8.04664723032070e-003
-1.33031252554426e+000    7.17201166180758e-003
-1.29640609247704e+000    5.77259475218659e-003
-1.25131740279556e+000    4.54810495626822e-003
-1.19527533309719e+000    4.72303206997085e-003
-1.13933135336912e+000    5.42274052478134e-003
-1.07223781368355e+000    6.47230320699708e-003
-1.01645731723931e+000    8.04664723032070e-003
-9.94288983951391e-001    9.44606413994169e-003
-9.72055257349936e-001    1.04956268221574e-002
-9.61003787362742e-001    1.13702623906706e-002
-9.38966240701888e-001    1.34693877551020e-002
-9.05648347456473e-001    1.52186588921283e-002
-8.83545407482085e-001    1.69679300291545e-002
-8.39274134219776e-001    2.01166180758018e-002
-8.17432767499523e-001    2.32653061224490e-002
-8.06577477452930e-001    2.51895043731778e-002
-7.84899594016512e-001    2.92128279883382e-002
-7.63189013923327e-001    3.30612244897959e-002
-7.52889567041770e-001    3.79591836734694e-002
-6.96847497343397e-001    3.81341107871720e-002
-6.74221410860739e-001    3.70845481049563e-002
-6.39889921255552e-001    3.34110787172012e-002
-6.16675294951091e-001    2.92128279883382e-002
-6.04904498515027e-001    2.62390670553936e-002
-5.70474918939538e-001    2.20408163265306e-002
-5.47489169232446e-001    1.90670553935860e-002
-5.24536116182120e-001    1.62682215743440e-002
-4.78924279992371e-001    1.22448979591837e-002
-4.34260646848860e-001    1.32944606413994e-002
-3.89433530421514e-001    1.34693877551020e-002
-3.55854063921964e-001    1.38192419825073e-002
-2.99419634342389e-001    1.18950437317784e-002
-2.65349717991335e-001    9.62099125364431e-003
-2.42625541538378e-001    8.04664723032070e-003
-1.86256505272336e-001    6.47230320699708e-003
-9.67003623879461e-002    7.34693877551020e-003
-5.18732459606004e-002    7.52186588921283e-003
 2.67622135636634e-002    6.82215743440233e-003
 8.30331598594043e-002    5.77259475218659e-003
 1.50519059426173e-001    4.72303206997085e-003
 1.95542355794120e-001    3.84839650145773e-003
 2.51453638865426e-001    4.72303206997085e-003
 3.29794828478787e-001    5.59766763848397e-003
 3.96888368164355e-001    6.64723032069971e-003
 4.53093921146563e-001    5.94752186588921e-003
 5.20612517370099e-001    4.72303206997085e-003
 5.88000326966568e-001    4.19825072886297e-003
 6.55322743249503e-001    4.02332361516035e-003
 7.45205852701561e-001    3.14868804664723e-003
 8.23841312225825e-001    2.44897959183673e-003
 8.79981471894498e-001    2.09912536443149e-003
 9.80948747990518e-001    1.92419825072886e-003
 1.03699081768889e+000    2.09912536443149e-003
 1.11543009727255e+000    2.44897959183673e-003
 1.17130868368709e+000    3.49854227405248e-003
 1.22708918013133e+000    5.07288629737609e-003
 1.24922481676249e+000    6.64723032069971e-003
 1.27142584670717e+000    7.87172011661808e-003
 1.31612217650745e+000    8.74635568513120e-003
 1.33842129642244e+000    9.44606413994169e-003
 1.37131413312989e+000    1.34693877551020e-002
 1.40381460995613e+000    1.95918367346939e-002
 1.41395057355385e+000    2.53644314868805e-002
 1.41342742704559e+000    2.81632653061225e-002
 1.44530666739326e+000    3.76093294460641e-002
 1.46626522438081e+000    4.54810495626822e-002
 1.50036783738863e+000    4.30320699708455e-002
 1.50154491703223e+000    3.67346938775510e-002
 1.51396964660364e+000    3.02623906705539e-002
 1.56098743903436e+000    1.87172011661808e-002
 1.60823410806245e+000    5.94752186588921e-003
 1.64236941772704e+000    3.32361516034985e-003
 1.69867306067955e+000    2.09912536443149e-003
 1.81098607667366e+000    1.22448979591837e-003
 1.92316830604071e+000    1.04956268221574e-003
 2.02413558213673e+000    8.74635568513119e-004
 2.12507016157598e+000    8.74635568513119e-004
 2.23721969428626e+000    8.74635568513119e-004
 2.37179913353860e+000    8.74635568513119e-004
 2.45036919974932e+000    5.24781341107872e-004
 2.59622898558622e+000    1.74927113702624e-004
 2.69716356502548e+000    1.74927113702624e-004
 2.91028037383178e+000    0.00000000000000e+000
