Generated by GetData Graph Digitizer 2.22 on December 17 2023, 11:08
from file 'C:\Users\31425\Desktop\2015-Krogstad-Blind Test 3\Fig_19\Fig_19b.jpg'

Line #1
-2.56359772213291e+000    5.24781341107872e-003
-2.46259774938013e+000    4.89795918367347e-003
-2.35031743004278e+000    4.19825072886297e-003
-2.22698564071824e+000    4.37317784256560e-003
-2.12631263453312e+000    5.77259475218659e-003
-2.01471894498787e+000    8.74635568513120e-003
-1.90305986212910e+000    1.13702623906706e-002
-1.78005503937222e+000    1.32944606413994e-002
-1.67882619002207e+000    1.17201166180758e-002
-1.56618620746029e+000    9.09620991253644e-003
-1.51004604779161e+000    8.74635568513120e-003
-1.48732187133866e+000    7.17201166180758e-003
-1.41993406174219e+000    6.64723032069971e-003
-1.36376120541675e+000    6.12244897959184e-003
-1.28515844254925e+000    5.59766763848397e-003
-1.21796681289338e+000    6.12244897959184e-003
-1.12847606332253e+000    7.34693877551020e-003
-1.08387782349255e+000    8.74635568513120e-003
-1.03921419034904e+000    9.79591836734694e-003
-9.83629873845399e-001    1.24198250728863e-002
-9.39325903926323e-001    1.53935860058309e-002
-8.95054630664014e-001    1.85422740524781e-002
-8.39731887414512e-001    2.25655976676385e-002
-8.07100623961200e-001    2.79883381924198e-002
-7.73880820686085e-001    3.02623906705539e-002
-7.17773357674178e-001    3.00874635568513e-002
-6.39399471404049e-001    3.07871720116618e-002
-5.93983815154901e-001    2.78134110787172e-002
-6.83049508187788e-001    2.43148688046647e-002
-5.26170949020463e-001    2.50145772594752e-002
-4.92199122639710e-001    2.32653061224490e-002
-4.46652679763494e-001    1.95918367346939e-002
-4.01858259992916e-001    1.99416909620991e-002
-3.67853736955396e-001    1.80174927113703e-002
-3.11615487316422e-001    1.71428571428571e-002
-2.77349391024768e-001    1.38192419825073e-002
-2.21405411296695e-001    1.45189504373178e-002
-1.21353641590147e-001    1.92419825072886e-002
 2.30511430206271e-003    1.76676384839650e-002
 1.04384076728155e-001    1.15451895043732e-002
 2.17351025857606e-001    7.17201166180758e-003
 2.62472412195853e-001    5.77259475218659e-003
 3.07070652025831e-001    7.17201166180758e-003
 3.51603498542274e-001    8.92128279883382e-003
 4.18827824854909e-001    9.27113702623907e-003
 4.85888667883709e-001    1.04956268221574e-002
 5.30421514400152e-001    1.22448979591837e-002
 5.86594370725593e-001    1.17201166180758e-002
 6.31813847034141e-001    9.79591836734694e-003
 6.65818370071660e-001    7.87172011661808e-003
 8.00267022696930e-001    8.57142857142857e-003
 8.90117435492221e-001    7.87172011661808e-003
 1.00226696820250e+000    7.87172011661808e-003
 1.11448189422632e+000    7.52186588921283e-003
 1.18177161385248e+000    7.52186588921283e-003
 1.20377646385657e+000    9.79591836734694e-003
 1.24814582708918e+000    1.24198250728863e-002
 1.30327239039808e+000    1.74927113702624e-002
 1.33551129397019e+000    2.50145772594752e-002
 1.36755401760170e+000    3.35860058309038e-002
 1.42248440097000e+000    3.97084548104956e-002
 1.47712051442740e+000    4.74052478134111e-002
 1.51024222773221e+000    5.02040816326531e-002
 1.55529822075693e+000    4.91545189504373e-002
 1.61271355003951e+000    4.19825072886297e-002
 1.64864717582627e+000    2.97376093294461e-002
 1.69537069834609e+000    1.97667638483965e-002
 1.74166916432795e+000    1.20699708454810e-002
 1.78731369717446e+000    7.87172011661808e-003
 1.83259856679654e+000    5.59766763848397e-003
 1.87765455982126e+000    4.54810495626822e-003
 1.93395820277377e+000    3.32361516034985e-003
 2.01256096564126e+000    2.79883381924198e-003
 2.13589275496580e+000    2.97376093294461e-003
 2.23682733440506e+000    2.97376093294461e-003
 2.34881338383150e+000    3.84839650145773e-003
 2.46086482657148e+000    4.37317784256560e-003
