Generated by GetData Graph Digitizer 2.22 on December 17 2023, 11:05
from file 'C:\Users\31425\Desktop\2015-Krogstad-Blind Test 3\Fig_19\Fig_19a.jpg'

Line #1
-2.87520062774191e+000    1.88679245283019e-004
-2.73913043478261e+000    0.00000000000000e+000
-2.62570888468809e+000    0.00000000000000e+000
-2.51228733459357e+000    0.00000000000000e+000
-2.37618147448015e+000    0.00000000000000e+000
-2.13792488497343e+000    3.77358490566038e-004
-1.97899204622463e+000    1.13207547169811e-003
-1.91079644755145e+000    1.88679245283019e-003
-1.86499982166423e+000    4.15094339622642e-003
-1.81923886293113e+000    6.22641509433962e-003
-1.71651745907194e+000    9.62264150943396e-003
-1.65927167671292e+000    1.24528301886792e-002
-1.62510254306809e+000    1.32075471698113e-002
-1.55712094731961e+000    1.28301886792453e-002
-1.51196633020651e+000    1.16981132075472e-002
-1.47826086956522e+000    1.00000000000000e-002
-1.43317758676035e+000    8.49056603773585e-003
-1.41077861397439e+000    6.98113207547170e-003
-1.38837964118843e+000    5.47169811320755e-003
-1.32057638121054e+000    4.15094339622642e-003
-1.24121696329850e+000    3.96226415094340e-003
-1.15026572029818e+000    5.09433962264151e-003
-1.05902914006491e+000    7.73584905660377e-003
-9.90690872775261e-001    9.24528301886792e-003
-9.44822912579805e-001    1.18867924528302e-002
-9.21853265327959e-001    1.33962264150943e-002
-8.87256125833720e-001    1.64150943396226e-002
-8.64072475657167e-001    1.90566037735849e-002
-8.29332667546456e-001    2.28301886792453e-002
-8.17348503762885e-001    2.62264150943396e-002
-7.82430359881585e-001    3.09433962264151e-002
-7.69625851553305e-001    3.86792452830189e-002
-7.45265185290866e-001    4.75471698113208e-002
-7.09740699789564e-001    5.54716981132075e-002
-6.97756536005992e-001    5.88679245283019e-002
-6.63516068052930e-001    6.00000000000000e-002
-6.41473766808146e-001    5.66037735849057e-002
-6.08909655098620e-001    4.88679245283019e-002
-5.87473695473838e-001    4.22641509433962e-002
-5.77237222242037e-001    3.64150943396226e-002
-5.33081285444235e-001    3.00000000000000e-002
-5.22844812212433e-001    2.41509433962264e-002
-5.00873845275885e-001    2.03773584905660e-002
-4.78688875414631e-001    1.77358490566038e-002
-4.45054749081571e-001    1.56603773584906e-002
-3.88843314191961e-001    1.30188679245283e-002
-3.32596212148233e-001    1.05660377358491e-002
-2.53593465777366e-001    8.49056603773585e-003
-2.53878803010308e-001    6.98113207547170e-003
-1.97489032350109e-001    5.28301886792453e-003
-1.41063594535792e-001    3.77358490566038e-003
-5.04333559225310e-002    3.20754716981132e-003
 2.88547276812783e-002    2.64150943396226e-003
 8.56011698826551e-002    2.83018867924528e-003
 1.08570817134501e-001    4.33962264150943e-003
 1.65566929414702e-001    5.84905660377359e-003
 2.11256553839569e-001    7.54716981132075e-003
 3.13728287619931e-001    9.62264150943396e-003
 3.81959553447230e-001    1.05660377358491e-002
 4.83646609837002e-001    8.49056603773585e-003
 5.06081249777081e-001    7.16981132075472e-003
 5.51164532581946e-001    5.66037735849057e-003
 5.85012661839712e-001    4.71698113207547e-003
 6.30202946106930e-001    3.77358490566038e-003
 6.75464564682384e-001    3.20754716981132e-003
 7.54645646823840e-001    2.07547169811321e-003
 8.11285087562863e-001    1.69811320754717e-003
 8.79338017619574e-001    1.69811320754717e-003
 9.92545564789386e-001    5.66037735849057e-004
 1.08328280486500e+000    5.66037735849057e-004
 1.19684702357599e+000    1.32075471698113e-003
 1.29906908727753e+000    2.07547169811321e-003
 1.36705068302600e+000    1.69811320754717e-003
 1.42361878945679e+000    9.43396226415094e-004
 1.43535328316154e+000    3.01886792452830e-003
 1.43574562185683e+000    5.09433962264151e-003
 1.43620929486036e+000    7.54716981132075e-003
 1.45982095088633e+000    1.24528301886792e-002
 1.46024895673574e+000    1.47169811320755e-002
 1.49545243784998e+000    2.09433962264151e-002
 1.49509576630881e+000    1.90566037735849e-002
 1.51710240039947e+000    1.54716981132075e-002
 1.52790954809716e+000    1.26415094339623e-002
 1.54966651210900e+000    7.73584905660377e-003
 1.54923850625959e+000    5.47169811320755e-003
 1.59403645183151e+000    2.45283018867925e-003
 1.62781324678104e+000    1.13207547169811e-003
 1.67300353104826e+000    1.88679245283019e-004
 2.88657844990548e+000    0.00000000000000e+000
 2.93198273709741e+000    1.88679245283019e-004
