Generated by GetData Graph Digitizer 2.22 on December 17 2023, 11:02
from file 'C:\Users\31425\Desktop\2015-Krogstad-Blind Test 3\Fig_19\Fig_19a.jpg'

Line #1
-2.68209865534829e+000    1.69811320754717e-003
-2.58005492741734e+000    1.50943396226415e-003
-2.46663337732282e+000    1.50943396226415e-003
-2.35324749438242e+000    1.32075471698113e-003
-2.23975460997967e+000    1.69811320754717e-003
-2.12611905696045e+000    2.83018867924528e-003
-2.01226950101651e+000    5.09433962264151e-003
-1.89781360345258e+000    1.05660377358491e-002
-1.79484252951457e+000    1.52830188679245e-002
-1.68159931519064e+000    1.43396226415094e-002
-1.56899810964083e+000    1.00000000000000e-002
-1.53525698184542e+000    8.49056603773585e-003
-1.47865320826051e+000    7.92452830188679e-003
-1.43346292399329e+000    6.98113207547170e-003
-1.36548132824482e+000    6.60377358490566e-003
-1.29753539965046e+000    6.03773584905660e-003
-1.20679815957485e+000    6.03773584905660e-003
-1.16153654099939e+000    5.47169811320755e-003
-1.09344794378856e+000    5.66037735849057e-003
-1.02546634804009e+000    5.28301886792453e-003
-9.79919392231694e-001    6.22641509433962e-003
-9.11581124942041e-001    7.73584905660377e-003
-8.54513678353604e-001    9.62264150943396e-003
-8.08752719620501e-001    1.16981132075472e-002
-7.62991760887399e-001    1.37735849056604e-002
-7.28109284160217e-001    1.83018867924528e-002
-6.70934836109427e-001    2.07547169811321e-002
-6.24995541605736e-001    2.37735849056604e-002
-6.01811891429183e-001    2.64150943396226e-002
-4.99518493419410e-001    2.75471698113208e-002
-4.31608231979170e-001    2.67924528301887e-002
-4.09102257730856e-001    2.58490566037736e-002
-3.64161643542462e-001    2.35849056603774e-002
-3.19149695045832e-001    2.16981132075472e-002
-2.74280415165674e-001    1.90566037735849e-002
-2.40895958911438e-001    1.56603773584906e-002
-1.28401754823983e-001    1.07547169811321e-002
 7.31176659414334e-003    8.67924528301887e-003
 9.72643292791666e-002    4.52830188679245e-003
 2.10757213681920e-001    4.90566037735849e-003
 2.56482505260905e-001    6.79245283018868e-003
 3.13478617541107e-001    8.30188679245283e-003
 3.58882904733031e-001    8.49056603773585e-003
 3.81709883368406e-001    9.24528301886792e-003
 4.15914684167350e-001    1.01886792452830e-002
 4.84110282840533e-001    1.09433962264151e-002
 5.41070727966616e-001    1.22641509433962e-002
 5.74597852837322e-001    9.62264150943396e-003
 6.19395798409245e-001    6.60377358490566e-003
 6.64443414059992e-001    4.90566037735849e-003
 7.66237471912116e-001    3.39622641509434e-003
 8.79445019081928e-001    2.26415094339623e-003
 9.92688233405857e-001    1.32075471698113e-003
 1.10603844919214e+000    9.43396226415094e-004
 1.19691835788422e+000    1.69811320754717e-003
 1.23112315868317e+000    2.64150943396226e-003
 1.28808360380925e+000    3.96226415094340e-003
 1.33391589685059e+000    6.41509433962264e-003
 1.39216035952491e+000    1.45283018867925e-002
 1.43021721296858e+000    3.58490566037736e-002
 1.47704818632521e+000    4.35849056603774e-002
 1.52066911581125e+000    3.43396226415094e-002
 1.56461104968435e+000    2.67924528301887e-002
 1.62110782180690e+000    2.56603773584906e-002
 1.74526518529087e+000    2.24528301886792e-002
 1.64136676534579e+000    1.28301886792453e-002
 1.78660341691336e+000    1.13207547169811e-003
 1.87719798837251e+000    3.77358490566038e-004
 1.99061953846703e+000    3.77358490566038e-004
 2.11538324357099e+000    3.77358490566038e-004
 2.21746263865606e+000    3.77358490566038e-004
 2.34222634376003e+000    3.77358490566038e-004
 2.45561222670043e+000    1.88679245283019e-004
 2.55772728893962e+000    3.77358490566038e-004
 2.68245532688947e+000    1.88679245283019e-004
 1.69458215928951e+000    5.43396226415094e-002
