Generated by GetData Graph Digitizer 2.22 on December 17 2023, 11:36
from file 'C:\Users\31425\Desktop\2015-Krogstad-Blind Test 3\Fig_21\Fig_21b.jpg'

Line #1
-2.57954545454545e+000    3.97058823529412e-003
-2.46590909090909e+000    4.23529411764706e-003
-2.36363636363636e+000    4.85294117647059e-003
-2.25000000000000e+000    5.64705882352941e-003
-2.12500000000000e+000    6.70588235294118e-003
-2.02272727272727e+000    8.02941176470588e-003
-1.90909090909091e+000    8.47058823529412e-003
-1.79545454545455e+000    8.47058823529412e-003
-1.68181818181818e+000    8.82352941176471e-003
-1.56818181818182e+000    8.82352941176471e-003
-1.50000000000000e+000    9.08823529411765e-003
-1.42045454545455e+000    9.08823529411765e-003
-1.34090909090909e+000    9.00000000000000e-003
-1.25000000000000e+000    1.03235294117647e-002
-1.11363636363636e+000    1.06764705882353e-002
-1.00000000000000e+000    1.05000000000000e-002
-9.09090909090909e-001    9.79411764705882e-003
-8.63636363636363e-001    1.04117647058824e-002
-7.95454545454545e-001    9.52941176470588e-003
-7.61363636363636e-001    9.88235294117647e-003
-6.93181818181818e-001    9.17647058823529e-003
-6.36363636363637e-001    9.88235294117647e-003
-5.45454545454545e-001    8.82352941176471e-003
-4.88636363636363e-001    9.44117647058823e-003
-4.09090909090909e-001    1.00588235294118e-002
-3.63636363636364e-001    9.26470588235294e-003
-3.18181818181818e-001    9.44117647058823e-003
-2.50000000000000e-001    9.00000000000000e-003
-2.04545454545455e-001    8.73529411764706e-003
-1.13636363636363e-001    9.26470588235294e-003
 0.00000000000000e+000    9.17647058823529e-003
 1.13636363636363e-001    9.97058823529412e-003
 2.15909090909091e-001    9.97058823529412e-003
 2.72727272727272e-001    1.05882352941176e-002
 3.97727272727272e-001    1.05882352941176e-002
 3.63636363636363e-001    1.13823529411765e-002
 4.43181818181818e-001    1.13823529411765e-002
 5.34090909090909e-001    1.18235294117647e-002
 4.54545454545455e-001    1.24411764705882e-002
 5.11363636363636e-001    1.26176470588235e-002
 5.79545454545454e-001    1.27941176470588e-002
 6.70454545454545e-001    1.27941176470588e-002
 6.25000000000000e-001    1.18235294117647e-002
 7.84090909090909e-001    1.22647058823529e-002
 8.75000000000000e-001    1.43823529411765e-002
 1.00000000000000e+000    1.55294117647059e-002
 1.11363636363636e+000    1.93235294117647e-002
 1.14772727272727e+000    2.14411764705882e-002
 1.19318181818182e+000    2.18823529411765e-002
 1.25000000000000e+000    2.18823529411765e-002
 1.28409090909091e+000    2.28529411764706e-002
 1.32954545454545e+000    2.40882352941176e-002
 1.43181818181818e+000    2.47058823529412e-002
 1.45454545454546e+000    2.37352941176471e-002
 1.51136363636364e+000    2.34705882352941e-002
 1.56818181818182e+000    2.31176470588235e-002
 1.60227272727273e+000    2.18823529411765e-002
 1.64772727272727e+000    1.98529411764706e-002
 1.69318181818182e+000    1.79117647058824e-002
 1.75000000000000e+000    1.53529411764706e-002
 1.77272727272727e+000    1.37647058823529e-002
 1.81818181818182e+000    1.15588235294118e-002
 1.87500000000000e+000    9.70588235294118e-003
 1.92045454545455e+000    7.67647058823529e-003
 1.95454545454546e+000    6.35294117647059e-003
 2.00000000000000e+000    5.47058823529412e-003
 2.11363636363636e+000    3.44117647058823e-003
 2.22727272727273e+000    3.35294117647059e-003
 2.34090909090909e+000    3.35294117647059e-003
 2.46590909090909e+000    3.79411764705882e-003
