Generated by GetData Graph Digitizer 2.22 on December 17 2023, 11:39
from file 'C:\Users\31425\Desktop\2015-Krogstad-Blind Test 3\Fig_21\Fig_21b.jpg'

Line #1
-2.86363636363636e+000    3.52941176470588e-004
-2.75000000000000e+000    3.52941176470588e-004
-2.65909090909091e+000    5.29411764705882e-004
-2.47727272727273e+000    1.05882352941176e-003
-2.31818181818182e+000    1.32352941176471e-003
-2.19318181818182e+000    1.58823529411765e-003
-2.12500000000000e+000    2.20588235294118e-003
-2.06818181818182e+000    2.91176470588235e-003
-1.98863636363636e+000    3.88235294117647e-003
-1.90909090909091e+000    5.02941176470588e-003
-1.84090909090909e+000    6.52941176470588e-003
-1.78409090909091e+000    7.85294117647059e-003
-1.73863636363636e+000    9.44117647058823e-003
-1.70454545454545e+000    1.00588235294118e-002
-1.65909090909091e+000    1.05882352941176e-002
-1.60227272727273e+000    1.00588235294118e-002
-1.54545454545455e+000    9.35294117647059e-003
-1.47727272727273e+000    8.11764705882353e-003
-1.40909090909091e+000    8.38235294117647e-003
-1.34090909090909e+000    8.29411764705882e-003
-1.28409090909091e+000    7.94117647058823e-003
-1.23863636363636e+000    8.38235294117647e-003
-1.18181818181818e+000    9.17647058823529e-003
-1.15909090909091e+000    9.52941176470588e-003
-1.11363636363636e+000    9.35294117647059e-003
-1.05681818181818e+000    9.70588235294118e-003
-1.01136363636364e+000    1.01470588235294e-002
-9.54545454545455e-001    9.79411764705882e-003
-8.63636363636363e-001    1.04117647058824e-002
-7.04545454545455e-001    9.26470588235294e-003
-6.47727272727273e-001    8.38235294117647e-003
-5.79545454545455e-001    8.64705882352941e-003
-5.11363636363636e-001    9.79411764705882e-003
-3.18181818181818e-001    9.97058823529412e-003
-2.61363636363637e-001    9.70588235294118e-003
-1.93181818181818e-001    8.38235294117647e-003
-1.70454545454545e-001    8.02941176470588e-003
-1.13636363636363e-001    8.55882352941176e-003
-6.81818181818183e-002    1.00588235294118e-002
-5.68181818181817e-002    1.04117647058824e-002
-3.40909090909092e-002    1.20000000000000e-002
-1.13636363636362e-002    1.27058823529412e-002
 1.13636363636367e-002    1.31470588235294e-002
 6.81818181818183e-002    1.30588235294118e-002
 1.02272727272728e-001    1.22647058823529e-002
 1.25000000000000e-001    1.13823529411765e-002
 1.59090909090909e-001    1.09411764705882e-002
 1.81818181818182e-001    1.06764705882353e-002
 2.15909090909091e-001    1.12941176470588e-002
 2.27272727272727e-001    1.17352941176471e-002
 2.50000000000000e-001    1.22647058823529e-002
 2.84090909090909e-001    1.26176470588235e-002
 3.40909090909091e-001    1.32352941176471e-002
 3.63636363636363e-001    1.35882352941176e-002
 4.09090909090909e-001    1.35882352941176e-002
 4.43181818181818e-001    1.40294117647059e-002
 4.65909090909091e-001    1.48235294117647e-002
 4.88636363636363e-001    1.60588235294118e-002
 5.45454545454546e-001    1.58823529411765e-002
 5.68181818181818e-001    1.55294117647059e-002
 6.13636363636364e-001    1.55294117647059e-002
 6.59090909090909e-001    1.48235294117647e-002
 7.04545454545455e-001    1.40294117647059e-002
 7.50000000000000e-001    1.28823529411765e-002
 7.72727272727272e-001    1.15588235294118e-002
 8.06818181818182e-001    1.06764705882353e-002
 8.40909090909091e-001    1.00588235294118e-002
 8.75000000000000e-001    9.79411764705882e-003
 8.97727272727273e-001    1.10294117647059e-002
 9.09090909090909e-001    1.25294117647059e-002
 9.54545454545454e-001    1.33235294117647e-002
 9.77272727272727e-001    1.45588235294118e-002
 1.00000000000000e+000    1.65000000000000e-002
 1.02272727272727e+000    1.71176470588235e-002
 1.03409090909091e+000    1.83529411764706e-002
 1.06818181818182e+000    2.08235294117647e-002
 1.09090909090909e+000    2.17941176470588e-002
 1.11363636363636e+000    2.25882352941176e-002
 1.13636363636364e+000    2.33823529411765e-002
 1.19318181818182e+000    2.26764705882353e-002
 1.25000000000000e+000    2.32941176470588e-002
 1.29545454545455e+000    2.36470588235294e-002
 1.34090909090909e+000    2.21470588235294e-002
 1.36363636363636e+000    2.13529411764706e-002
 1.39772727272727e+000    2.09117647058824e-002
 1.42045454545455e+000    2.15294117647059e-002
 1.45454545454546e+000    2.25000000000000e-002
 1.46590909090909e+000    2.33823529411765e-002
 1.47727272727273e+000    2.46176470588235e-002
 1.51136363636364e+000    2.51470588235294e-002
 1.53409090909091e+000    2.54117647058824e-002
 1.55681818181818e+000    2.42647058823529e-002
 1.57954545454546e+000    2.22352941176471e-002
 1.59090909090909e+000    2.03823529411765e-002
 1.63636363636364e+000    1.82647058823529e-002
 1.68181818181818e+000    1.42941176470588e-002
 1.71590909090909e+000    1.04117647058824e-002
 1.76136363636364e+000    8.38235294117647e-003
 1.81818181818182e+000    6.35294117647059e-003
 1.85227272727273e+000    4.94117647058824e-003
 1.88636363636364e+000    4.14705882352941e-003
 1.94318181818182e+000    3.00000000000000e-003
 2.04545454545455e+000    1.85294117647059e-003
 2.14772727272727e+000    1.41176470588235e-003
 2.28409090909091e+000    1.05882352941176e-003
 2.38636363636364e+000    8.82352941176471e-004
 2.48863636363636e+000    5.29411764705882e-004
 2.62500000000000e+000    3.52941176470588e-004
 2.77272727272727e+000    8.82352941176471e-005
 2.92045454545455e+000    8.82352941176471e-005
