Generated by GetData Graph Digitizer 2.22 on December 17 2023, 11:33
from file 'C:\Users\31425\Desktop\2015-Krogstad-Blind Test 3\Fig_21\Fig_21a.jpg'

Line #1
-2.86180422264875e+000    2.05038245328261e-006
-2.65451055662188e+000    9.41467276465596e-005
-2.47024952015355e+000    7.85979940424999e-006
-2.30902111324376e+000    9.92726837797661e-005
-2.19385796545106e+000    1.90002107337521e-004
-2.07869481765835e+000    5.47793845435336e-004
-1.98656429942418e+000    1.43936848220439e-003
-1.89443378119002e+000    2.95408851956691e-003
-1.85988483685221e+000    3.93382960182712e-003
-1.83685220729367e+000    4.73535827585618e-003
-1.81381957773512e+000    5.80394926442529e-003
-1.79078694817658e+000    6.96156102450777e-003
-1.76775431861804e+000    8.11917278459024e-003
-1.74472168905950e+000    9.45482608769941e-003
-1.72168905950096e+000    1.03453755332418e-002
-1.66410748560461e+000    9.63406368715720e-003
-1.62955854126679e+000    9.36751396823046e-003
-1.57197696737044e+000    9.19032675122596e-003
-1.49136276391555e+000    8.74641895009027e-003
-1.43378119001919e+000    8.12412787551900e-003
-1.38771593090211e+000    7.50166593574329e-003
-1.31861804222649e+000    6.96856649788981e-003
-1.27255278310941e+000    7.23631227324763e-003
-1.22648752399232e+000    7.94916190617222e-003
-1.19193857965451e+000    8.66184067389237e-003
-1.15738963531670e+000    9.19647789858581e-003
-1.13435700575816e+000    9.90898580110151e-003
-1.09980806142035e+000    1.21350176845487e-002
-1.06525911708253e+000    1.27586756807555e-002
-9.96161228406910e-001    1.24926385574420e-002
-9.04030710172745e-001    1.17818393069707e-002
-8.34932821497121e-001    1.09816775545772e-002
-8.00383877159309e-001    1.04480655211104e-002
-7.54318618042226e-001    1.03597282104148e-002
-6.96737044145873e-001    9.91547867887024e-003
-6.50671785028791e-001    9.11497519606782e-003
-6.50671785028791e-001    8.31378825244765e-003
-5.81573896353167e-001    9.38306270183452e-003
-5.58541266794625e-001    1.00065498328369e-002
-5.23992322456814e-001    1.08082493720704e-002
-5.12476007677543e-001    1.11645033233282e-002
-4.43378119001919e-001    1.02753207994213e-002
-3.74280230326296e-001    9.47515904702780e-003
-3.16698656429943e-001    8.76384720094318e-003
-2.82149712092131e-001    9.20946365412326e-003
-2.59117082533589e-001    9.83295078512561e-003
-2.13051823416507e-001    1.01897173319968e-002
-1.66986564299424e-001    1.06355046503813e-002
-1.43953934740883e-001    1.14370333244104e-002
-9.78886756238007e-002    1.18828206427949e-002
-7.48560460652592e-002    1.21502246877438e-002
 1.72744721689058e-002    1.17064877518126e-002
 4.03071017274472e-002    1.25970371973550e-002
 7.48560460652592e-002    1.35767782796152e-002
 8.63723608445293e-002    1.45561776314665e-002
 1.20921305182342e-001    1.57139602567534e-002
 1.32437619961612e-001    1.66043388370914e-002
 1.55470249520154e-001    1.70497844250671e-002
 1.90019193857966e-001    1.72283385637071e-002
 2.24568138195778e-001    1.61606019011602e-002
 2.24568138195778e-001    1.50923526429999e-002
 2.59117082533589e-001    1.46477613810465e-002
 2.82149712092131e-001    1.53602692835622e-002
 2.93666026871401e-001    1.63396686354135e-002
 3.28214971209213e-001    1.68743058601070e-002
 3.51247600767754e-001    1.72307306765693e-002
 3.85796545105566e-001    1.77653679012627e-002
 4.08829174664108e-001    1.83888550322650e-002
 4.08829174664108e-001    1.90120004328585e-002
 4.43378119001919e-001    1.95466376575520e-002
 4.77927063339731e-001    1.84789009950050e-002
 5.00959692898272e-001    1.66098065236335e-002
 5.23992322456814e-001    1.53638574528554e-002
 5.47024952015355e-001    1.49190953256976e-002
 5.93090211132437e-001    1.44746749289486e-002
 6.39155470249520e-001    1.40302545321995e-002
 6.73704414587332e-001    1.46539125284063e-002
 7.31285988483686e-001    1.50998707119953e-002
 7.54318618042227e-001    1.56343370714843e-002
 8.11900191938579e-001    1.60802952550733e-002
 8.34932821497121e-001    1.79500731872626e-002
 8.57965451055662e-001    2.02649549770186e-002
 8.69481765834933e-001    2.20455412724901e-002
 9.27063339731286e-001    2.22244371415390e-002
 9.50095969289827e-001    2.24918411864880e-002
 9.61612284069098e-001    2.31151574522859e-002
 9.84644913627639e-001    2.43617899838817e-002
 1.00767754318618e+000    2.51633186579108e-002
 1.04222648752399e+000    2.45406858529306e-002
 1.07677543186180e+000    2.40070738194638e-002
 1.11132437619962e+000    2.45417110441573e-002
 1.12284069097889e+000    2.48979649954151e-002
 1.16890595009597e+000    2.41864822841261e-002
 1.19193857965451e+000    2.45429071005883e-002
 1.20345489443378e+000    2.60564310815198e-002
 1.23800383877159e+000    2.77483383358868e-002
 1.27255278310941e+000    2.65915809018266e-002
 1.30710172744722e+000    2.64140519544132e-002
 1.33013435700576e+000    2.68594975423888e-002
 1.37619961612284e+000    2.64150771456398e-002
 1.47984644913628e+000    2.60605318464264e-002
 1.50287907869482e+000    2.49036035471616e-002
 1.51439539347409e+000    2.20551097239388e-002
 1.60652591170825e+000    1.91187911856337e-002
 1.64107485604607e+000    1.76949714370333e-002
 1.66410748560461e+000    1.61819600517152e-002
 1.72168905950096e+000    1.28000250602300e-002
 1.75623800383877e+000    8.61656139471571e-003
 1.82533589251440e+000    5.50185958297499e-003
 1.87140115163148e+000    3.63310684201234e-003
 1.95201535508637e+000    1.94290823968971e-003
 2.05566218809981e+000    9.65217539882786e-004
 2.17082533589251e+000    6.10843105873776e-004
 2.37811900191939e+000    7.97940504735814e-005
 2.50479846449136e+000   -7.34720379092934e-006
 2.68905950095969e+000    8.44074109934673e-005
 2.90786948176584e+000    8.76538498778314e-005
