Generated by GetData Graph Digitizer 2.22 on December 17 2023, 11:24
from file 'C:\Users\31425\Desktop\2015-Krogstad-Blind Test 3\Fig_21\Fig_21a.jpg'

Line #1
-2.68905950095969e+000    1.25090416170683e-003
-2.57389635316699e+000    8.07508956184466e-004
-2.45873320537428e+000    1.25432146579563e-003
-2.35508637236084e+000    2.41312928230919e-003
-2.23992322456814e+000    3.66112873554053e-003
-2.12476007677543e+000    6.60052284752559e-003
-2.00959692898273e+000    9.98502081707741e-003
-1.90595009596929e+000    1.14999117196444e-002
-1.79078694817658e+000    1.22137865437956e-002
-1.67562380038388e+000    1.28386405964335e-002
-1.57197696737044e+000    1.23950745257067e-002
-1.52591170825336e+000    1.32859657016580e-002
-1.47984644913628e+000    1.39988153345825e-002
-1.43378119001919e+000    1.25751664511867e-002
-1.38771593090211e+000    1.28429122265445e-002
-1.33013435700576e+000    1.26657250095400e-002
-1.30710172744722e+000    1.20429213393554e-002
-1.24952015355086e+000    1.23108379799176e-002
-1.20345489443378e+000    1.07981683250084e-002
-1.12284069097889e+000    1.10664266959795e-002
-1.08829174664107e+000    9.99869003343262e-003
-1.03071017274472e+000    1.03556274455082e-002
-9.96161228406910e-001    9.64397386901473e-003
-9.15547024952016e-001    9.46712838241911e-003
-8.46449136276391e-001    9.37913280213240e-003
-8.00383877159309e-001    9.37981626295016e-003
-7.54318618042226e-001    8.93539586620115e-003
-6.73704414587332e-001    9.20365423717229e-003
-6.39155470249520e-001    8.67004220370550e-003
-5.47024952015355e-001    8.67140912534102e-003
-5.00959692898272e-001    8.13796795707866e-003
-4.20345489443378e-001    8.49524709956315e-003
-3.39731285988484e-001    8.49644315599424e-003
-2.70633397312860e-001    8.49746834722088e-003
-2.13051823416507e-001    8.67636421626978e-003
-1.20921305182342e-001    8.49968959487860e-003
-5.75815738963570e-003    7.70021130330282e-003
 1.20921305182342e-001    7.96915313509173e-003
 2.13051823416507e-001    8.32660314278066e-003
 2.70633397312860e-001    7.79333283972274e-003
 3.39731285988484e-001    8.32848266002950e-003
 4.54894433781190e-001    8.59725362661396e-003
 4.43378119001919e-001    7.52883350324929e-003
 5.35508637236084e-001    7.44117965337146e-003
 5.81573896353167e-001    7.97598774326934e-003
 6.27639155470249e-001    7.70960888954704e-003
 6.62188099808061e-001    8.77837074332059e-003
 7.88867562380038e-001    8.86927103208279e-003
 8.92514395393474e-001    1.04731827061631e-002
 1.00767754318618e+000    1.30564937320948e-002
 1.11132437619962e+000    1.94675270678961e-002
 1.15738963531670e+000    2.15156882735210e-002
 1.20345489443378e+000    2.34748287076325e-002
 1.24952015355086e+000    2.51669068272040e-002
 1.28406909788868e+000    2.45442740222239e-002
 1.34165067178503e+000    2.59694606924597e-002
 1.38771593090211e+000    2.52579779811707e-002
 1.41074856046065e+000    2.46351743109861e-002
 1.47984644913628e+000    2.37459917870792e-002
 1.52591170825336e+000    2.28564675327634e-002
 1.56046065259117e+000    2.08095023835696e-002
 1.60652591170825e+000    2.05431235298473e-002
 1.65259117082534e+000    1.93865369609915e-002
 1.69865642994242e+000    1.64495349618686e-002
 1.74472168905950e+000    1.45807822209059e-002
 1.79078694817658e+000    1.17328009932964e-002
 1.83685220729367e+000    8.97384053720020e-003
 1.87140115163148e+000    6.30372998741293e-003
 1.91746641074856e+000    5.41420573309716e-003
 1.97504798464491e+000    3.54562385733895e-003
 1.99808061420346e+000    2.29967478656088e-003
 2.11324376199616e+000    8.77051094391634e-004
 2.22840690978887e+000    6.11697431895977e-004
 2.34357005758157e+000    3.46343769400320e-004
 2.45873320537428e+000    3.48052421444722e-004
 2.57389635316699e+000    3.49761073489124e-004
 2.68905950095969e+000    2.62448954020173e-004
