Generated by GetData Graph Digitizer 2.26.0.20 on April 07 2022, 13:19
from file 'C:\Users\Li Hang\Documents\Projects\floris\floris\utils\data\baselines\LP_2019\Fig_8\a\yaw_20.jpg'

Line #1
 3.03153490002381e+000    6.60185687523522e-001
 3.32525619837019e+000    6.22823352471842e-001
 3.62877716729123e+000    5.86960119146119e-001
 3.92574384282543e+000    5.43610454192213e-001
 4.23248575085306e+000    4.94274855797865e-001
 4.51315222620447e+000    4.58406734855896e-001
 4.82315906188490e+000    4.09071834692440e-001
 5.11366430874094e+000    3.86678871742666e-001
 5.42375912151382e+000    3.64290098178246e-001
 5.71098966548456e+000    3.38902422931020e-001
 6.01455462295183e+000    3.16512252904815e-001
 6.30508430788910e+000    3.01604325121440e-001
 6.59885937001420e+000    2.80709067435838e-001
 6.89592868548957e+000    2.68796550180807e-001
 7.19626781623401e+000    2.58381738189948e-001
 7.48680727640378e+000    2.46467824473132e-001
 7.79367137483757e+000    2.34557401910779e-001
 8.08750020074138e+000    2.30129221591254e-001
 8.39437896202392e+000    2.22709820128740e-001
 8.68492330980994e+000    2.12292913445204e-001
 8.98201217575030e+000    2.06368424323292e-001
 9.28236108172723e+000    1.98947626398993e-001
 9.57945972290009e+000    1.96017151343641e-001
 9.86673914303330e+000    1.85599546429212e-001
