Generated by GetData Graph Digitizer 2.22 on December 14 2023, 09:34
from file 'C:\Users\31425\Desktop\¿ÙÍ¼Í¼Æ¬\7\7.jpg'

Line #1
-2.00000000000000e+000    3.55562000000000e-002
-1.78125000000000e+000    3.35562200000000e-002
-1.55625000000000e+000    5.20004800000000e-002
-1.44375000000000e+000    6.64447800000000e-002
-1.33750000000000e+000    8.11113000000000e-002
-1.28750000000000e+000    8.44446000000000e-002
-1.25000000000000e+000    8.68890200000000e-002
-1.20000000000000e+000    8.84445600000000e-002
-1.15625000000000e+000    8.82223400000000e-002
-1.10625000000000e+000    8.84445600000000e-002
-1.06250000000000e+000    8.75556800000000e-002
-1.02500000000000e+000    8.55557000000000e-002
-9.81250000000000e-001    8.15557400000000e-002
-9.31250000000000e-001    7.80002200000000e-002
-8.87500000000000e-001    7.31113800000000e-002
-8.18750000000000e-001    6.64447800000000e-002
-7.56250000000000e-001    6.11115000000000e-002
-6.93750000000000e-001    5.77782000000000e-002
-6.25000000000000e-001    5.75559800000000e-002
-5.56250000000000e-001    5.84448600000000e-002
-4.87500000000000e-001    6.06670600000000e-002
-4.25000000000000e-001    6.40003600000000e-002
-3.56250000000000e-001    6.64447800000000e-002
-2.87500000000000e-001    6.86669800000000e-002
-2.25000000000000e-001    7.11114000000000e-002
-3.56250000000000e-001    7.26669400000000e-002
-1.56250000000000e-001    7.33336000000000e-002
-9.37500000000000e-002    7.44447000000000e-002
-4.37500000000000e-002    7.51113600000000e-002
 0.00000000000000e+000    7.51113600000000e-002
 4.99999999999998e-002    7.48891400000000e-002
 9.37500000000000e-002    7.42224800000000e-002
 1.50000000000000e-001    7.40002600000000e-002
 2.18750000000000e-001    7.37780400000000e-002
 2.87500000000000e-001    7.33336000000000e-002
 3.56250000000000e-001    7.33336000000000e-002
 4.25000000000000e-001    7.31113800000000e-002
 4.93750000000000e-001    7.26669400000000e-002
 5.56250000000000e-001    7.20002800000000e-002
 6.25000000000000e-001    7.26669400000000e-002
 6.93750000000000e-001    7.51113600000000e-002
 7.50000000000000e-001    7.86668800000000e-002
 8.18750000000000e-001    8.28890600000000e-002
 8.81250000000000e-001    8.64445800000000e-002
 9.25000000000000e-001    8.80001200000000e-002
 9.75000000000000e-001    8.91112200000000e-002
 1.02500000000000e+000    8.97778800000000e-002
 1.06875000000000e+000    9.00001000000000e-002
 1.11250000000000e+000    9.02223200000000e-002
 1.15625000000000e+000    8.91112200000000e-002
 1.20000000000000e+000    8.75556800000000e-002
 1.24375000000000e+000    8.57779200000000e-002
 1.28750000000000e+000    7.91113200000000e-002
 1.33125000000000e+000    7.33336000000000e-002
 1.44375000000000e+000    5.77782000000000e-002
 1.55625000000000e+000    4.57783200000000e-002
 1.76875000000000e+000    2.88896000000000e-002
 2.00000000000000e+000    2.42229800000000e-002
