Generated by GetData Graph Digitizer 2.22 on December 13 2023, 23:42
from file 'C:\Users\31425\Desktop\¿ÙÍ¼Í¼Æ¬\6\6.jpg'

Line #1
-2.00096191379022e+000    1.52406387665198e-002
-1.77945686722802e+000    1.54607929515419e-002
-1.55767300507444e+000    1.12778634361233e-002
-1.33736686555512e+000    3.04312775330397e-002
-1.25059945352144e+000    5.94916299559471e-002
-1.20124909384933e+000    7.97458149779736e-002
-1.18301455417387e+000    9.16341409691630e-002
-1.16431996877265e+000    9.62573788546256e-002
-1.11353370880500e+000    9.38356828193833e-002
-1.10689789773044e+000    8.89922907488987e-002
-1.09391903195227e+000    8.39287444933921e-002
-1.08738080633469e+000    8.06264317180617e-002
-1.07451346679306e+000    7.73241189427313e-002
-1.04884849160765e+000    7.18202643171806e-002
-1.02937322255061e+000    6.41148678414097e-002
-1.00358278034908e+000    5.66296255506608e-002
-9.33390955222216e-001    4.76033039647577e-002
-8.69723414933363e-001    4.16591409691630e-002
-8.06306808676741e-001    3.96777533039648e-002
-7.36770200189595e-001    4.09986784140969e-002
-6.67247532482016e-001    4.25397577092511e-002
-6.03970334021078e-001    4.27599118942731e-002
-5.34350080856522e-001    4.27599118942731e-002
-4.71142586293426e-001    4.40808370044053e-002
-4.01578096247142e-001    4.49614537444934e-002
-3.38635476495846e-001    5.04653083700441e-002
-3.38733061952824e-001    5.20063876651983e-002
-2.69475269057046e-001    5.77303964757709e-002
-2.31863045781520e-001    6.34544052863436e-002
-2.25673339653153e-001    6.56559471365639e-002
-1.88172642614175e-001    7.31411894273128e-002
-1.44147660737188e-001    7.75442731277533e-002
-9.36262755813304e-002    7.93055066079295e-002
-4.93503596721128e-002    7.97458149779736e-002
-4.97685830591643e-003    7.86450440528634e-002
 3.93827022807116e-002    7.77644273127753e-002
 8.36864997490658e-002    7.77644273127753e-002
 1.34277588802766e-001    7.84248898678414e-002
 1.72238331567501e-001    7.86450440528634e-002
 2.16570010594992e-001    7.82047356828194e-002
 2.60901689622484e-001    7.77644273127753e-002
 3.30521942787041e-001    7.77644273127753e-002
 3.93868845145821e-001    7.68838105726872e-002
 4.63670328444767e-001    7.40218061674009e-002
 5.27323927954051e-001    6.82977973568282e-002
 5.91089053699883e-001    6.08125550660793e-002
 6.67512407293816e-001    5.33273127753304e-002
 7.24934478336029e-001    4.60622246696035e-002
 7.94805665532817e-001    4.20994493392071e-002
 8.58250153348575e-001    3.96777533039648e-002
 9.34115875759773e-001    4.09986784140969e-002
 9.96584509005744e-001    5.39877753303965e-002
 1.02131545196007e+000    6.32342511013216e-002
 1.03978698488819e+000    7.13799559471366e-002
 1.06458763174037e+000    7.95256607929515e-002
 1.07069369319132e+000    8.30481277533040e-002
 1.07681369542185e+000    8.63504405286344e-002
 1.09560586628004e+000    8.94325991189427e-002
 1.10171192773100e+000    9.29550660792952e-002
 1.15864607148832e+000    9.33953744493392e-002
 1.10792951541850e+000    9.47162995594714e-002
 1.12677744939497e+000    9.69178414096916e-002
 1.17191769363743e+000    8.37085903083700e-002
 1.20420453911783e+000    7.35814977973568e-002
 1.23707689734010e+000    5.42079295154185e-002
 1.32738526738415e+000    2.73491189427313e-002
 1.55006133943010e+000    9.07632158590308e-003
 2.01244911615458e+000    3.35231277533040e-003
