Generated by GetData Graph Digitizer 2.22 on December 13 2023, 23:44
from file 'C:\Users\31425\Desktop\¿ÙÍ¼Í¼Æ¬\6\6.jpg'

Line #1
-1.50158924887080e+000    2.51475770925110e-002
-1.46361456532649e+000    2.51475770925110e-002
-1.41935259019684e+000    2.58080396475771e-002
-1.38780460603357e+000    2.73491189427313e-002
-1.31216193609547e+000    3.21925110132159e-002
-1.27442424580383e+000    3.59351321585903e-002
-1.23038532314727e+000    4.01180616740088e-002
-1.19921374003234e+000    4.76033039647577e-002
-1.15573244855852e+000    6.05924008810573e-002
-1.11818992918084e+000    6.74171806167401e-002
-1.08600066915742e+000    5.88311674008811e-002
-1.04720347961858e+000    4.58420704845815e-002
-1.00904756593989e+000    4.29800660792952e-002
-9.64478893659733e-001    3.87971365638767e-002
-9.26378743099314e-001    3.68157488986784e-002
-8.94524061785535e-001    3.35134361233480e-002
-8.50066915741928e-001    3.10917400881057e-002
-8.11966765181509e-001    2.91103524229075e-002
-7.73880555400658e-001    2.73491189427313e-002
-7.42207104221268e-001    2.69088105726872e-002
-7.04204539117828e-001    2.64685022026432e-002
-6.59914682429041e-001    2.66886563876652e-002
-6.15638766519824e-001    2.71289647577093e-002
-5.84007137679139e-001    2.73491189427313e-002
-5.46116098812246e-001    2.86700440528634e-002
-5.08252941504489e-001    3.04312775330397e-002
-4.70389784196732e-001    3.21925110132159e-002
-4.32554508448112e-001    3.43940528634361e-002
-3.94733173479061e-001    3.68157488986784e-002
-3.63213070874923e-001    3.87971365638767e-002
-3.25363854346735e-001    4.07785242290749e-002
-2.81171583114928e-001    4.25397577092511e-002
-2.36909607985279e-001    4.32002202643172e-002
-1.30304466625774e-001    5.88311674008811e-002
-9.19115596944182e-002    5.22265418502203e-002
-5.33234818491051e-002    4.25397577092511e-002
-1.52930351865277e-002    4.16591409691630e-002
 1.62131266380414e-002    4.38606828193833e-002
 5.98477666871133e-002    5.44280837004405e-002
 9.11029944794515e-002    6.05924008810573e-002
 1.29481960631238e-001    5.42079295154185e-002
 1.74203981486645e-001    4.76033039647577e-002
 2.05891373445603e-001    4.69428414096916e-002
 2.50250934032231e-001    4.60622246696035e-002
 2.88281380694809e-001    4.51816079295154e-002
 3.20080298890314e-001    4.27599118942731e-002
 3.64509563374784e-001    4.07785242290749e-002
 4.02595773155635e-001    3.90172907488987e-002
 4.40681982936486e-001    3.72560572687225e-002
 4.78740311158200e-001    3.59351321585903e-002
 5.16784698600346e-001    3.48343612334802e-002
 5.48458149779736e-001    3.43940528634361e-002
 5.80103719399989e-001    3.43940528634361e-002
 6.18078402944293e-001    3.43940528634361e-002
 6.68711314336698e-001    3.43940528634361e-002
 7.00342943177382e-001    3.46142070484582e-002
 7.50947973010651e-001    3.50545154185022e-002
 7.82565661071767e-001    3.54948237885463e-002
 8.14169408353315e-001    3.61552863436123e-002
 8.52102269558914e-001    3.68157488986784e-002
 9.27940110410974e-001    3.85769823788546e-002
 9.65900853175710e-001    3.87971365638767e-002
 1.00362460268778e+000    4.27599118942731e-002
 1.04696648636592e+000    5.79505506607930e-002
 1.08418836781353e+000    6.98388766519824e-002
 1.11625216082083e+000    6.32342511013216e-002
 1.16786092678303e+000    4.78234581497797e-002
 1.19996654212904e+000    4.05583700440529e-002
 1.23802487035075e+000    3.92374449339207e-002
 1.26980984776669e+000    3.70359030837004e-002
 1.30790999832711e+000    3.50545154185022e-002
 1.34606591200580e+000    3.21925110132159e-002
 1.39676852729605e+000    3.10917400881057e-002
 1.43482685551776e+000    2.97708149779736e-002
 1.47282942062120e+000    2.93305066079295e-002
 1.50448893102102e+000    2.91103524229075e-002
