Generated by GetData Graph Digitizer 2.22 on December 14 2023, 09:40
from file 'C:\Users\31425\Desktop\¿ÙÍ¼Í¼Æ¬\8\8.jpg'

Line #1
-1.90000000000000e+000    2.36733296460177e-002
-1.78750000000000e+000    2.38945663716814e-002
-1.68125000000000e+000    2.52219867256637e-002
-1.56875000000000e+000    2.63281703539823e-002
-1.45625000000000e+000    2.85405376106195e-002
-1.34375000000000e+000    3.47351659292035e-002
-1.23125000000000e+000    5.06642101769912e-002
-1.11875000000000e+000    5.70800752212389e-002
-1.00625000000000e+000    5.37615243362832e-002
-9.00000000000000e-001    3.91599004424779e-002
-7.87500000000000e-001    4.38058716814159e-002
-6.75000000000000e-001    4.22572146017699e-002
-5.62500000000000e-001    4.13722676991150e-002
-4.50000000000000e-001    4.38058716814159e-002
-3.31250000000000e-001    4.91155530973451e-002
-2.25000000000000e-001    5.42039977876106e-002
-6.25000000000009e-003    6.17260464601770e-002
 1.12500000000000e-001    6.23897566371681e-002
 2.25000000000000e-001    6.01773893805310e-002
 3.37500000000000e-001    6.43808871681416e-002
 4.43750000000000e-001    6.54870707964602e-002
 5.56250000000000e-001    6.19472831858407e-002
 6.75000000000000e-001    5.64163650442478e-002
 7.87500000000000e-001    5.44252345132743e-002
 1.00625000000000e+000    6.32747035398230e-002
 1.12500000000000e+000    5.97349159292035e-002
 1.23750000000000e+000    4.95580265486726e-002
 1.34375000000000e+000    3.87174269911504e-002
 1.45625000000000e+000    3.51776393805310e-002
 1.56875000000000e+000    3.16378517699115e-002
 1.66875000000000e+000    2.94254845132743e-002
 1.79375000000000e+000    2.72131172566372e-002
 1.90000000000000e+000    2.56644601769912e-002
