Generated by GetData Graph Digitizer 2.22 on December 14 2023, 09:36
from file 'C:\Users\31425\Desktop\¿ÙÍ¼Í¼Æ¬\7\7.jpg'

Line #1
 1.76875000000000e+000    2.88896000000000e-002
-2.00000000000000e+000    3.75561800000000e-002
-1.95625000000000e+000    3.93339400000000e-002
-1.90625000000000e+000    4.17783600000000e-002
-1.86250000000000e+000    4.46672200000000e-002
-1.81875000000000e+000    4.71116400000000e-002
-1.76875000000000e+000    4.91116200000000e-002
-1.73125000000000e+000    5.04449400000000e-002
-1.68125000000000e+000    5.28893600000000e-002
-1.63750000000000e+000    5.55560000000000e-002
-1.58750000000000e+000    5.84448600000000e-002
-1.54375000000000e+000    6.26670400000000e-002
-1.50000000000000e+000    6.64447800000000e-002
-1.45000000000000e+000    6.88892000000000e-002
-1.40000000000000e+000    7.13336200000000e-002
-1.35625000000000e+000    7.40002600000000e-002
-1.31250000000000e+000    7.66669000000000e-002
-1.26875000000000e+000    7.88891000000000e-002
-1.21875000000000e+000    8.11113000000000e-002
-1.17500000000000e+000    8.15557400000000e-002
-1.12500000000000e+000    8.24446200000000e-002
-1.08125000000000e+000    8.57779200000000e-002
-9.81250000000000e-001    8.48890400000000e-002
-9.37500000000000e-001    8.35557200000000e-002
-9.00000000000000e-001    8.15557400000000e-002
-8.50000000000000e-001    7.88891000000000e-002
-8.06250000000000e-001    7.53335800000000e-002
-7.56250000000000e-001    7.31113800000000e-002
-7.12500000000000e-001    7.17780600000000e-002
-6.68750000000000e-001    6.93336400000000e-002
-6.25000000000000e-001    6.73336600000000e-002
-5.75000000000000e-001    6.64447800000000e-002
-5.31250000000000e-001    6.55559000000000e-002
-4.81250000000000e-001    6.46670200000000e-002
-4.37500000000000e-001    6.26670400000000e-002
-3.87500000000000e-001    6.20003800000000e-002
-3.43750000000000e-001    6.31114800000000e-002
-3.06250000000000e-001    6.48892400000000e-002
-2.50000000000000e-001    6.68892200000000e-002
-1.56250000000000e-001    7.13336200000000e-002
-1.18750000000000e-001    7.17780600000000e-002
-2.49999999999999e-002    7.44447000000000e-002
 1.87499999999998e-002    7.35558200000000e-002
 8.74999999999999e-002    7.33336000000000e-002
 1.56250000000000e-001    7.15558400000000e-002
 2.00000000000000e-001    7.00003000000000e-002
 2.50000000000000e-001    6.84447600000000e-002
 2.93750000000000e-001    6.82225400000000e-002
 3.37500000000000e-001    6.91114200000000e-002
 3.93750000000000e-001    7.00003000000000e-002
 4.31250000000000e-001    7.08891800000000e-002
 5.75000000000000e-001    7.44447000000000e-002
 6.18750000000000e-001    7.66669000000000e-002
 6.62500000000000e-001    7.88891000000000e-002
 7.12500000000000e-001    8.00002000000000e-002
 7.56250000000000e-001    8.11113000000000e-002
 8.00000000000000e-001    8.17779600000000e-002
 9.00000000000000e-001    8.22224000000000e-002
 9.37500000000000e-001    8.37779400000000e-002
 9.81250000000000e-001    8.53334800000000e-002
 1.03125000000000e+000    8.64445800000000e-002
 1.07500000000000e+000    8.62223600000000e-002
 1.12500000000000e+000    8.33335000000000e-002
 1.16875000000000e+000    8.22224000000000e-002
 1.21875000000000e+000    8.08890800000000e-002
 1.30625000000000e+000    7.71113400000000e-002
 1.35000000000000e+000    7.55558000000000e-002
 1.39375000000000e+000    7.26669400000000e-002
 1.44375000000000e+000    6.97780800000000e-002
 1.48750000000000e+000    6.68892200000000e-002
 1.53750000000000e+000    6.31114800000000e-002
 1.58125000000000e+000    5.93337400000000e-002
 1.63125000000000e+000    5.53337800000000e-002
 1.67500000000000e+000    5.22227000000000e-002
 1.71875000000000e+000    4.97782800000000e-002
 1.76875000000000e+000    4.71116400000000e-002
 1.80625000000000e+000    4.48894400000000e-002
 1.85625000000000e+000    4.24450200000000e-002
 1.90625000000000e+000    4.02228200000000e-002
 1.95000000000000e+000    3.80006200000000e-002
 2.00000000000000e+000    3.62228600000000e-002
