Generated by GetData Graph Digitizer 2.22 on December 14 2023, 09:39
from file 'C:\Users\31425\Desktop\¿ÙÍ¼Í¼Æ¬\8\8.jpg'

Line #1
-2.00000000000000e+000    4.13722676991150e-002
-1.78125000000000e+000    5.30978141592920e-002
-1.68750000000000e+000    5.97349159292035e-002
-1.60625000000000e+000    6.92480951327434e-002
-1.51250000000000e+000    7.65489070796460e-002
-1.41875000000000e+000    8.11948783185841e-002
-1.33125000000000e+000    8.40709557522124e-002
-1.24375000000000e+000    8.65045597345133e-002
-1.15625000000000e+000    8.69470331858407e-002
-1.06875000000000e+000    8.62833230088496e-002
-9.81250000000000e-001    8.49559026548673e-002
-8.87500000000000e-001    8.29647721238938e-002
-7.93750000000000e-001    8.00886946902655e-002
-7.06250000000000e-001    7.69913805309735e-002
-6.18750000000000e-001    7.43365398230089e-002
-5.31250000000000e-001    7.14604623893805e-002
-4.43750000000000e-001    7.01330420353982e-002
-3.56250000000000e-001    6.92480951327434e-002
-2.68750000000000e-001    7.01330420353982e-002
-1.81250000000000e-001    7.10179889380531e-002
-9.37500000000000e-002    7.12392256637168e-002
 6.25000000000009e-003    7.14604623893805e-002
 9.37500000000000e-002    7.16816991150443e-002
 1.75000000000000e-001    7.30091194690266e-002
 2.62500000000000e-001    7.41153030973451e-002
 3.50000000000000e-001    7.54427234513274e-002
 4.43750000000000e-001    7.72126172566372e-002
 5.37500000000000e-001    7.96462212389381e-002
 6.18750000000000e-001    8.20798252212389e-002
 7.06250000000000e-001    8.34072455752213e-002
 8.00000000000000e-001    8.49559026548673e-002
 8.93750000000000e-001    8.58408495575221e-002
 9.75000000000000e-001    8.62833230088496e-002
 1.07500000000000e+000    8.58408495575221e-002
 1.16250000000000e+000    8.51771393805310e-002
 1.24375000000000e+000    8.36284823008850e-002
 1.33750000000000e+000    8.07524048672566e-002
 1.42500000000000e+000    7.72126172566372e-002
 1.51875000000000e+000    7.21241725663717e-002
 1.60000000000000e+000    6.43808871681416e-002
 1.68750000000000e+000    5.59738915929204e-002
 1.77500000000000e+000    4.73456592920354e-002
 2.00000000000000e+000    3.42926924778761e-002
