Generated by GetData Graph Digitizer 2.22 on March 06 2022, 13:51
from file 'C:\Users\Li Hang\Desktop\137-037-th.jpg'

Line #1
 4.61280915865644e-001   -9.91983775545715e-001
 4.39500306008568e-001   -9.27013956390779e-001
 4.32426107931022e-001   -8.71752409067454e-001
 4.36458220830183e-001   -8.09950678619001e-001
 4.51596644706052e-001   -7.41608765045421e-001
 4.66573064045793e-001   -7.02535670998788e-001
 4.92709795874284e-001   -6.47166120651378e-001
 5.04050113403175e-001   -5.98348753765105e-001
 5.15390430932066e-001   -5.49531386878833e-001
 5.30546855311949e-001   -4.77937382246703e-001
 5.45577276163733e-001   -4.29108015024421e-001
 5.49519386542823e-001   -3.83566739868716e-001
 5.27684775173705e-001   -3.28353193889429e-001
 5.09414263599381e-001   -2.95892284983980e-001
 4.95013860388091e-001   -2.30898465157024e-001
 4.84267559491666e-001   -1.72396827111159e-001
 4.88245670878785e-001   -1.20351369838355e-001
 4.99585988407675e-001   -7.15340029520827e-002
 5.14670410771502e-001   -1.29483625541515e-002
 5.14832415307629e-001    1.63204569727953e-002
 5.11358318032905e-001    5.53335493393814e-002
 4.96831911293516e-001    9.75627317564891e-002
 4.93357814018793e-001    1.36575824123075e-001
 5.04734132555712e-001    1.91897373126448e-001
 5.23490657738417e-001    2.47242922801838e-001
 5.49645390070922e-001    3.05864564207798e-001
 5.64621809410664e-001    3.44937658254431e-001
 5.64819814954819e-001    3.80710659898477e-001
 5.57637613853188e-001    4.16459660870504e-001
 5.46783309932678e-001    4.55448752565072e-001
 5.39673110847104e-001    5.04206117771298e-001
 5.36217014076394e-001    5.46471301196434e-001
 5.36523022644634e-001    6.01756849191777e-001
 5.36847031716888e-001    6.60294488245671e-001
 5.29790834143356e-001    7.18808126627546e-001
 5.26406739388703e-001    7.74081674286880e-001
 5.26550743420816e-001    8.00098402755277e-001
 5.23130647658134e-001    8.48867768297512e-001
 5.23490657738417e-001    9.13909589468505e-001
 5.08946250495014e-001    9.52886680827063e-001
 5.01746048889369e-001    9.85383590740541e-001
