Generated by GetData Graph Digitizer 2.22 on March 06 2022, 14:16
from file 'C:\Users\Li Hang\Desktop\137-037-th.jpg'

Line #1
 4.06200002405899e-001   -7.91769418614443e-001
 3.84059714419757e-001   -7.03172178180900e-001
 4.31510062673676e-001   -6.11062324820460e-001
 4.64326528648245e-001   -5.28852746935486e-001
 4.49506189175859e-001   -4.36947395012571e-001
 4.38366875578920e-001   -3.54882171083497e-001
 4.41855429513166e-001   -2.59632619182235e-001
 4.19715141527024e-001   -1.71035378748692e-001
 4.56170530139903e-001   -7.56775613805050e-002
 4.12070396612494e-001    2.99534458492223e-003
 4.11907998412106e-001    9.16647619964153e-002
 4.04437681194288e-001    1.70457962925092e-001
 4.22572146904209e-001    2.69039685308376e-001
 4.15107844434554e-001    3.44548833740331e-001
 4.14951460982329e-001    4.29934198655102e-001
 4.22090967051210e-001    5.31763885046133e-001
 4.21946613095310e-001    6.10581144967460e-001
 3.77822420575251e-001    7.02390260919775e-001
 3.99625882664293e-001    7.97699960302662e-001
