Generated by GetData Graph Digitizer 2.22 on March 06 2022, 13:17
from file 'C:\Users\Li Hang\Desktop\137-081-vv.jpg'

Line #1
 3.01830576069189e-002    8.83986227204749e-003
 6.03950983688280e-002    2.43168670368782e-002
 1.05678379725703e-001    2.44907659668201e-002
 1.81162108582492e-001    3.24611335891580e-002
 2.18898176379888e-001    3.26060493641096e-002
 3.05702725575895e-001    4.06198917189330e-002
 3.66109417206719e-001    6.00530971399423e-002
 3.96333051230625e-001    8.32106379772077e-002
 4.03915044576092e-001    1.06281229349502e-001
 4.07787194082799e-001    1.71580277542692e-001
 4.04112130030027e-001    2.36850342580892e-001
 4.11786869471463e-001    3.21365222532664e-001
 4.08117602049689e-001    3.90475555607081e-001
 4.08233534669650e-001    4.67280916331428e-001
 4.23438097777572e-001    5.40303975329538e-001
 4.19821000034780e-001    6.43976720729912e-001
 4.31298329410946e-001    7.47707432440266e-001
 4.50311279084596e-001    8.43786591233175e-001
 4.61753828674774e-001    9.24475694726225e-001
 4.84540385128164e-001    1.02056934509663e+000
 5.22346012497536e-001    1.06679747730619e+000
 5.48859802682681e-001    1.13218347496435e+000
 5.94259016659518e-001    1.20916273461864e+000
 6.16981810171928e-001    1.26301343659065e+000
 6.62381024148765e-001    1.33999269624494e+000
 6.88854237916923e-001    1.37849681764958e+000
 7.11530658381349e-001    1.40162537533186e+000
 7.71977926429159e-001    1.44794045700639e+000
 8.21104374137751e-001    1.49421206394843e+000
 8.81609608495542e-001    1.57892982598514e+000
 9.30823005669105e-001    1.68280545347044e+000
 9.68680802717461e-001    1.76359599800596e+000
 9.80158132093627e-001    1.86732670971631e+000
 9.91554308635821e-001    1.91729366891962e+000
 1.00672988858875e+000    1.97111538773665e+000
 1.02194604495867e+000    2.05181898280719e+000
 1.03715640469759e+000    2.12868230984152e+000
 1.04481955087703e+000    2.20551665372086e+000
 1.04874966669372e+000    2.30921838227622e+000
 1.04127201270622e+000    2.35527261555584e+000
 1.03004393846297e+000    2.41667342940283e+000
 1.03010770140394e+000    2.45891637780122e+000
