Generated by GetData Graph Digitizer 2.22 on March 26 2022, 12:36
from file 'C:\Users\Li Hang\Desktop\Lin\figs\vel_30_8d.jpg'

Line #1
-1.42061281337047e-002   -9.77244631508277e-001
-5.84958217270195e-003   -9.04863193433543e-001
-7.52089136490251e-003   -8.35330211060077e-001
-5.01392757660167e-003   -7.74508016022362e-001
-1.67130919220056e-003   -6.99205498729895e-001
 1.67130919220056e-003   -6.21006110058518e-001
 5.01392757660167e-003   -5.65981692418428e-001
 1.00278551532033e-002   -5.05171601300122e-001
 1.50417827298050e-002   -4.44361510181817e-001
 2.00557103064067e-002   -3.92242033200244e-001
 2.84122562674095e-002   -3.19860595125510e-001
 3.67688022284123e-002   -2.67757256703151e-001
 4.59610027855153e-002   -2.27245438436238e-001
 6.10027855153203e-002   -1.75174377132307e-001
 7.18662952646239e-002   -1.23083142629359e-001
 8.44011142061281e-002   -7.67937201638387e-002
 9.52646239554317e-002   -2.47024856608902e-002
 1.05292479108635e-001    1.29084265873081e-002
 1.15320334261838e-001    5.63130815933277e-002
 1.27019498607242e-001    1.05503410077562e-001
 1.34540389972145e-001    1.31538940729528e-001
 1.40389972144847e-001    1.57582540661100e-001
 1.53760445682451e-001    2.03867928486817e-001
 1.69637883008357e-001    2.82006797561141e-001
 1.72980501392758e-001    3.25443729685589e-001
 1.77994428969359e-001    3.83356949424983e-001
 1.79665738161560e-001    4.23905079450127e-001
 1.81337047353760e-001    4.84731309127646e-001
 1.79665738161560e-001    5.13708092196361e-001
 1.65459610027855e-001    5.94889079682522e-001
 1.54596100278552e-001    6.58672700336005e-001
 1.41225626740947e-001    6.90602839740879e-001
 1.27019498607242e-001    7.25433885164468e-001
 1.21169916434540e-001    7.45740227295468e-001
 1.09470752089136e-001    7.77662297420735e-001
 9.02506963788301e-002    8.35692521714432e-001
 8.18941504178273e-002    8.56010967764842e-001
 7.43732590529248e-002    8.85015993312181e-001
 6.85236768802228e-002    9.08219206822092e-001
 6.10027855153203e-002    9.34327360990520e-001
 5.09749303621170e-002    9.63344490457270e-001
 4.51253481894150e-002    9.89444575346091e-001
 3.67688022284123e-002    1.02424737829106e+000
 3.17548746518106e-002    1.04744655716116e+000
 2.67409470752089e-002    1.06774886465236e+000
 2.25626740947075e-002    1.09384088026157e+000
 2.08913649025070e-002    1.10833330643573e+000
 1.50417827298050e-002    1.14891774821911e+000
 9.19220055710306e-003    1.18950219000249e+000
 1.67130919220056e-003    1.24747592933893e+000
-4.17827298050139e-003    1.28516349974340e+000
-1.00278551532033e-002    1.34023229842133e+000
-1.16991643454039e-002    1.39238405252133e+000
-1.67130919220056e-002    1.44744881655945e+000
-1.83844011142061e-002    1.46773498549144e+000
