Generated by GetData Graph Digitizer 2.22 on March 26 2022, 12:29
from file 'C:\Users\Li Hang\Desktop\Lin\30_4d.jpg'

Line #1
-1.50377731549762e-002   -9.95451442335560e-001
-1.41731446715056e-002   -9.52111335810754e-001
-1.41383663190978e-002   -9.00088717000818e-001
-1.16024447893656e-002   -8.56772762109629e-001
-9.89444126000683e-003   -8.01884149443868e-001
-5.67176963849835e-003   -7.35471182270769e-001
-5.64665193953719e-003   -6.97899290908037e-001
 1.08102712067444e-003   -6.34412696674803e-001
 7.80097765812880e-003   -5.82486684399333e-001
 2.03955715564601e-002   -4.93073311478788e-001
 3.63134302404215e-002   -4.32609696719886e-001
 5.80808145862986e-002   -3.72230612678642e-001
 7.64901557941379e-002   -3.34924389285691e-001
 1.03261758625353e-001   -2.89068487592501e-001
 1.30882532894525e-001   -2.22993643290032e-001
 1.46783002402282e-001   -1.88541337936098e-001
 1.57663796379187e-001   -1.62687014149637e-001
 1.71039937141348e-001   -1.54209790750246e-001
 1.97805743580496e-001   -1.17024325525379e-001
 2.09516387688463e-001   -9.98525140240485e-002
 2.17888309965286e-001   -7.68521082766038e-002
 2.34624425996174e-001   -4.24118787394779e-002
 2.51350881373616e-001   -2.24223766495566e-002
 2.65570397181665e-001   -2.39664710921050e-003
 2.87310731697892e-001    1.75204000798614e-002
 3.11559937914201e-001    4.02913653079495e-002
 3.23280242675615e-001    7.19139042564838e-002
 3.38345065660241e-001    1.06378285427226e-001
 3.49223927506457e-001    1.29342463724246e-001
 3.65120532752835e-001    1.58014478099299e-001
 3.76835041122181e-001    1.80966580579510e-001
 3.91064217583677e-001    2.15443037567061e-001
 3.94418396460337e-001    2.32735607236473e-001
 3.95284957074497e-001    2.78965859250720e-001
 3.93629121073749e-001    3.02111174799863e-001
 3.86959405934217e-001    3.25328945249857e-001
 3.77780819094604e-001    3.45692797660834e-001
 3.59413984761929e-001    3.71969775035583e-001
 3.46061029568040e-001    3.98174297509484e-001
 3.21848533834829e-001    4.30316096580773e-001
 3.05988639071547e-001    4.56556846505098e-001
 2.91796173093148e-001    4.76993153816924e-001
 2.75930481937798e-001    4.94563467272926e-001
 2.57561715474435e-001    5.17950299158235e-001
 2.36684077310989e-001    5.38483213004528e-001
 2.18313378716936e-001    5.58979899400395e-001
 2.01615905299834e-001    5.82342579652088e-001
 1.84082785359602e-001    6.05717335720588e-001
 1.66545801157990e-001    6.23311800810207e-001
 1.52353335179592e-001    6.43748108122034e-001
 1.38158937070503e-001    6.61294269944419e-001
 1.28972621708132e-001    6.70097540397633e-001
 1.12269351898962e-001    6.84789784181002e-001
 9.64036607436127e-002    7.02360097637004e-001
 8.30468412883447e-002    7.22784329132022e-001
 7.38624580566630e-002    7.34477745074677e-001
 5.88304812937547e-002    7.49145837224430e-001
 4.63073762309283e-002    7.66667847413199e-001
 3.96318646993283e-002    7.81215181394870e-001
 3.37900675601698e-002    7.92860294070291e-001
 2.37758341974251e-002    8.13236222298076e-001
 1.45991794885006e-002    8.36490220198494e-001
 5.42252477957609e-003    8.59744218098912e-001
 4.24102686305702e-004    8.82937836915289e-001
-1.22400479168411e-003    9.17643734422196e-001
-6.21469836219722e-003    9.52397935196337e-001
-1.20391063251518e-002    9.90054357276726e-001
-1.53372534118208e-002    1.05657600680110e+000
-1.44571678828356e-002    1.12303727724143e+000
-1.44281859224958e-002    1.16638945958305e+000
-1.02093785623660e-002    1.22702213577726e+000
-9.35827499372057e-003    1.25013122387598e+000
-7.65606785642981e-003    1.29634940007342e+000
-7.63674654953661e-003    1.32525085496783e+000
-1.01127720279000e-002    1.37152941024931e+000
-1.00837900675602e-002    1.41488159259092e+000
-1.00528759765311e-002    1.46112392042198e+000
-1.00335546696379e-002    1.49002537531639e+000
