Generated by GetData Graph Digitizer 2.22 on March 26 2022, 12:38
from file 'C:\Users\Li Hang\Desktop\Lin\figs\vel_30_10d.jpg'

Line #1
-1.25522605421149e-002   -9.99116152196970e-001
-1.34065926937411e-002   -9.46798849213943e-001
-1.09136553674699e-002   -8.94449111449154e-001
-1.00933797366944e-002   -8.45022558390716e-001
-9.26726584520176e-003   -8.13037809225101e-001
-9.27796932318341e-003   -7.81061168754926e-001
-7.61601110566928e-003   -7.46161343578400e-001
-4.28528336647087e-003   -6.96710464433640e-001
-9.56501714178216e-004   -6.41445650657940e-001
 4.04396859015734e-003   -5.80350684860417e-001
 8.21054065537720e-003   -5.27984729704746e-001
 1.15393223076699e-002   -4.72719915929046e-001
 1.40342057208468e-002   -4.26184112795197e-001
 1.73678525904038e-002   -3.85454135596849e-001
 2.15344246556237e-002   -3.33088180441178e-001
 2.65387871337708e-002   -2.83621083905537e-001
 3.07102244162550e-002   -2.45789965327218e-001
 4.15684163069109e-002   -1.84638238661611e-001
 4.90861500238396e-002   -1.43867717986059e-001
 5.74426471971483e-002   -1.08903023246008e-001
 6.83095964788801e-002   -7.39140024196348e-002
 7.41498032830486e-002   -2.15318298730828e-002
 7.99929292175758e-002    2.21294407270580e-002
 8.66757916519359e-002    5.70779180762282e-002
 9.16889115211588e-002    8.03823087726354e-002
 1.03387812955101e-001    1.29914274871801e-001
 1.09233858019986e-001    1.64854643525531e-001
 1.19253286454262e-001    2.31812196126638e-001
 1.25095439345336e-001    2.78380434042250e-001
 1.29265903584368e-001    3.19118519936039e-001
 1.36771960779862e-001    3.94772648397235e-001
 1.40102688519060e-001    4.44223527541995e-001
 1.40088092867267e-001    4.87828037274051e-001
 1.39226949411471e-001    5.60494111465371e-001
 1.38376509433656e-001    6.01183545186516e-001
 1.35017563434324e-001    6.36034718190399e-001
 1.31662509608804e-001    6.59258021932399e-001
 1.27469665370357e-001    6.85380184294430e-001
 1.21600267262602e-001    7.20207031211991e-001
 1.18243267350176e-001    7.49244269584932e-001
 1.14047503981369e-001    7.84087333893374e-001
 1.05664734634833e-001    8.27610756671024e-001
 9.81275400488468e-002    8.44979582304880e-001
 8.38880221594429e-002    8.85539276898975e-001
 7.71856988560252e-002    9.08730145859213e-001
 6.88068216833003e-002    9.40625699374982e-001
 6.12676810104083e-002    9.63808459639779e-001
 5.54002289895592e-002    9.92821371926399e-001
 5.20471212509447e-002    1.01023074103746e+000
 4.78552500559500e-002    1.03344593608402e+000
 4.11490345787208e-002    1.06826467430614e+000
 3.52815825578718e-002    1.09727758659276e+000
 3.10877652759713e-002    1.12630671627026e+000
 2.85724479502840e-002    1.14081722676129e+000
 2.18584481254318e-002    1.19889170350717e+000
 1.76636578000785e-002    1.23082780050014e+000
 1.51463943874854e-002    1.25115224562212e+000
 1.01099214753934e-002    1.29761507049700e+000
 4.24344249799715e-003    1.32372101546815e+000
-7.89138240283350e-004    1.35855597108115e+000
-5.82074593511098e-003    1.39048395937868e+000
-9.18261106480145e-003    1.43405603432897e+000
-1.25444761944919e-002    1.47762810927927e+000
-1.75731647589609e-002    1.50083519563039e+000
