Generated by GetData Graph Digitizer 2.26.0.20 on April 07 2022, 13:26
from file 'C:\Users\Li Hang\Documents\Projects\floris\floris\utils\data\baselines\LP_2019\Fig_8\b\yaw_30.jpg'

Line #1
 3.21939089567843e+000    2.23143535507357e-001
 3.58497073680714e+000    2.47251995661817e-001
 3.93096036034276e+000    2.68358064790789e-001
 4.29327190831192e+000    2.90968121055959e-001
 4.64903221393886e+000    3.06090345309863e-001
 5.01781683879352e+000    3.12236104345301e-001
 5.37026488319150e+000    3.12386852011853e-001
 5.72602030347739e+000    3.26012068188195e-001
 6.08501470487655e+000    3.32153639788451e-001
 6.43425308020753e+000    3.48770080496462e-001
 6.78680860210851e+000    3.81855005869388e-001
 7.15234447516781e+000    3.92490393325787e-001
 7.49820219449520e+000    3.73177244360572e-001
 7.86690376855208e+000    3.53873866077448e-001
 8.21935181295006e+000    3.54024613744000e-001
 8.55892698369273e+000    4.09559077033453e-001
 8.92453613686772e+000    4.42649585653289e-001
 9.28358427701838e+000    4.65258246106732e-001
 9.62937848691217e+000    4.26483992133205e-001
 9.99489970394833e+000    4.32628355356916e-001
