nodenumber,    x-coordinate,    y-coordinate,    z-coordinate,      x-velocity
         1,-1.500000037E-01,-2.346499996E-08, 0.000000000E+00, 5.457096699E-01
         2, 3.000000109E-01,-2.346500038E-08, 0.000000000E+00, 1.019849015E+00
         3, 4.499999767E-01,-2.346500000E-08, 0.000000000E+00, 8.787967554E-01
         4, 7.499999865E-01,-2.346500000E-08, 0.000000000E+00, 6.243733818E-01
         5, 1.049999957E+00,-2.346499757E-08, 0.000000000E+00, 5.258528931E-01
         6, 1.499999992E+00,-2.346499963E-08, 0.000000000E+00, 4.943822645E-01
         7, 2.099999885E+00,-2.346499957E-08, 0.000000000E+00, 4.875613359E-01
         8, 3.000000046E+00,-2.346500025E-08, 0.000000000E+00, 4.921826886E-01
         9,-1.500000022E-01,-2.346499995E-08, 5.000000080E-04, 7.606545337E-01
        10, 3.000000109E-01,-2.346500038E-08, 5.000000149E-04, 1.239096110E+00
        11, 4.499999767E-01,-2.346500001E-08, 5.000000075E-04, 1.098849731E+00
        12, 7.499999865E-01,-2.346500001E-08, 5.000000075E-04, 8.398293165E-01
        13, 1.049999957E+00,-2.346499757E-08, 5.000000075E-04, 7.389735056E-01
        14, 1.499999992E+00,-2.346499963E-08, 5.000000075E-04, 7.074292010E-01
        15, 2.099999885E+00,-2.346499959E-08, 5.000000075E-04, 7.006967528E-01
        16, 3.000000046E+00,-2.346500026E-08, 5.000000112E-04, 7.051668673E-01
        17,-1.500000022E-01,-2.346499995E-08, 1.073981263E-03, 9.030792255E-01
        18, 3.000000109E-01,-2.346500038E-08, 1.073981278E-03, 1.387263175E+00
        19, 4.499999767E-01,-2.346500000E-08, 1.073981262E-03, 1.250220705E+00
        20, 7.499999865E-01,-2.346500000E-08, 1.073981262E-03, 9.831620302E-01
        21, 1.049999957E+00,-2.346499757E-08, 1.073981262E-03, 8.771465027E-01
        22, 1.499999992E+00,-2.346499961E-08, 1.073981262E-03, 8.451558984E-01
        23, 2.099999885E+00,-2.346499957E-08, 1.073981262E-03, 8.386409963E-01
        24, 3.000000046E+00,-2.346500025E-08, 1.073981270E-03, 8.427910441E-01
        25,-1.500000022E-01,-2.346499996E-08, 1.732890214E-03, 1.011105269E+00
        26, 3.000000109E-01,-2.346500038E-08, 1.732890238E-03, 1.496874739E+00
        27, 4.499999767E-01,-2.346500000E-08, 1.732890212E-03, 1.365503885E+00
        28, 7.499999865E-01,-2.346500000E-08, 1.732890212E-03, 1.092210134E+00
        29, 1.049999957E+00,-2.346499756E-08, 1.732890212E-03, 9.803818798E-01
        30, 1.499999992E+00,-2.346499963E-08, 1.732890212E-03, 9.475249384E-01
        31, 2.099999885E+00,-2.346499958E-08, 1.732890212E-03, 9.413127866E-01
        32, 3.000000046E+00,-2.346500026E-08, 1.732890225E-03, 9.451455313E-01
        33,-1.500000022E-01,-2.346499995E-08, 2.489292976E-03, 1.098734304E+00
        34, 3.000000109E-01,-2.346500035E-08, 2.489293010E-03, 1.580926613E+00
        35, 4.499999767E-01,-2.346499999E-08, 2.489292973E-03, 1.457073768E+00
        36, 7.499999865E-01,-2.346499999E-08, 2.489292973E-03, 1.180426748E+00
        37, 1.049999957E+00,-2.346499758E-08, 2.489292973E-03, 1.062734415E+00
        38, 1.499999992E+00,-2.346499962E-08, 2.489292973E-03, 1.028723677E+00
        39, 2.099999885E+00,-2.346499958E-08, 2.489292973E-03, 1.022943697E+00
        40, 3.000000046E+00,-2.346500025E-08, 2.489292992E-03, 1.026550663E+00
        41,-1.500000023E-01,-2.346499995E-08, 3.357614975E-03, 1.173622041E+00
        42, 3.000000109E-01,-2.346500036E-08, 3.357615021E-03, 1.646956763E+00
        43, 4.499999767E-01,-2.346500000E-08, 3.357614971E-03, 1.531879400E+00
        44, 7.499999865E-01,-2.346500000E-08, 3.357614971E-03, 1.255159096E+00
        45, 1.049999957E+00,-2.346499755E-08, 3.357614971E-03, 1.131811867E+00
        46, 1.499999992E+00,-2.346499961E-08, 3.357614971E-03, 1.096408550E+00
        47, 2.099999885E+00,-2.346499958E-08, 3.357614971E-03, 1.091212846E+00
        48, 3.000000046E+00,-2.346500026E-08, 3.357614996E-03, 1.094743006E+00
        49,-1.500000023E-01,-2.346499996E-08, 4.354416060E-03, 1.240373686E+00
        50, 3.000000109E-01,-2.346500038E-08, 4.354416120E-03, 1.699845878E+00
        51, 4.499999767E-01,-2.346500000E-08, 4.354416055E-03, 1.594067734E+00
        52, 7.499999865E-01,-2.346500000E-08, 4.354416055E-03, 1.320782894E+00
        53, 1.049999957E+00,-2.346499756E-08, 4.354416055E-03, 1.192194717E+00
        54, 1.499999992E+00,-2.346499963E-08, 4.354416055E-03, 1.155164091E+00
        55, 2.099999885E+00,-2.346499958E-08, 4.354416055E-03, 1.150729484E+00
        56, 3.000000046E+00,-2.346500026E-08, 4.354416087E-03, 1.154384189E+00
        57,-1.500000023E-01,-2.346499995E-08, 5.498706317E-03, 1.301874541E+00
        58, 3.000000109E-01,-2.346500038E-08, 5.498706393E-03, 1.743228662E+00
        59, 4.499999767E-01,-2.346500000E-08, 5.498706311E-03, 1.646363045E+00
        60, 7.499999865E-01,-2.346500000E-08, 5.498706311E-03, 1.380020402E+00
        61, 1.049999957E+00,-2.346499757E-08, 5.498706311E-03, 1.246818509E+00
        62, 1.499999992E+00,-2.346499963E-08, 5.498706311E-03, 1.207898691E+00
        63, 2.099999885E+00,-2.346499958E-08, 5.498706311E-03, 1.204415045E+00
        64, 3.000000046E+00,-2.346500026E-08, 5.498706352E-03, 1.208448968E+00
        65,-1.500000024E-01,-2.346499995E-08, 6.812308611E-03, 1.359938539E+00
        66, 3.000000109E-01,-2.346500038E-08, 6.812308705E-03, 1.780159161E+00
        67, 4.499999767E-01,-2.346500000E-08, 6.812308604E-03, 1.690806796E+00
        68, 7.499999865E-01,-2.346500000E-08, 6.812308604E-03, 1.434580584E+00
        69, 1.049999957E+00,-2.346499757E-08, 6.812308604E-03, 1.297631537E+00
        70, 1.499999992E+00,-2.346499963E-08, 6.812308604E-03, 1.256512484E+00
        71, 2.099999885E+00,-2.346499958E-08, 6.812308604E-03, 1.254162181E+00
        72, 3.000000046E+00,-2.346500026E-08, 6.812308654E-03, 1.258883888E+00
        73,-1.500000024E-01,-2.346499995E-08, 8.320274774E-03, 1.415674777E+00
        74, 3.000000109E-01,-2.346500038E-08, 8.320274889E-03, 1.813332657E+00
        75, 4.499999767E-01,-2.346500000E-08, 8.320274765E-03, 1.729095248E+00
        76, 7.499999865E-01,-2.346500000E-08, 8.320274765E-03, 1.485490227E+00
        77, 1.049999957E+00,-2.346499756E-08, 8.320274765E-03, 1.345950689E+00
        78, 1.499999992E+00,-2.346499963E-08, 8.320274765E-03, 1.302272827E+00
        79, 2.099999885E+00,-2.346499957E-08, 8.320274765E-03, 1.301203774E+00
        80, 3.000000046E+00,-2.346500026E-08, 8.320274827E-03, 1.306972979E+00
        81,-1.500000025E-01,-2.346499996E-08, 1.005136337E-02, 1.469721045E+00
        82, 3.000000109E-01,-2.346500038E-08, 1.005136351E-02, 1.844920492E+00
        83, 4.499999767E-01,-2.346500000E-08, 1.005136336E-02, 1.762565643E+00
        84, 7.499999865E-01,-2.346500000E-08, 1.005136336E-02, 1.533241136E+00
        85, 1.049999957E+00,-2.346499757E-08, 1.005136336E-02, 1.392655942E+00
        86, 1.499999992E+00,-2.346499963E-08, 1.005136336E-02, 1.346047677E+00
        87, 2.099999885E+00,-2.346499958E-08, 1.005136336E-02, 1.346342975E+00
        88, 3.000000046E+00,-2.346500026E-08, 1.005136343E-02, 1.353562314E+00
        89,-1.500000025E-01,-2.346499996E-08, 1.203858814E-02, 1.522404386E+00
        90, 3.000000109E-01,-2.346500038E-08, 1.203858831E-02, 1.875975216E+00
        91, 4.499999767E-01,-2.346500000E-08, 1.203858813E-02, 1.791893827E+00
        92, 7.499999865E-01,-2.346500000E-08, 1.203858813E-02, 1.577808584E+00
        93, 1.049999957E+00,-2.346499757E-08, 1.203858813E-02, 1.438274552E+00
        94, 1.499999992E+00,-2.346499963E-08, 1.203858813E-02, 1.388455175E+00
        95, 2.099999885E+00,-2.346499958E-08, 1.203858813E-02, 1.390106612E+00
        96, 3.000000046E+00,-2.346500026E-08, 1.203858822E-02, 1.399206218E+00
        97,-1.500000026E-01,-2.346499996E-08, 1.431984764E-02, 1.573857566E+00
        98, 3.000000109E-01,-2.346500038E-08, 1.431984784E-02, 1.905466515E+00
        99, 4.499999767E-01,-2.346500000E-08, 1.431984763E-02, 1.816685694E+00
       100, 7.499999865E-01,-2.346500000E-08, 1.431984763E-02, 1.618592852E+00
       101, 1.049999957E+00,-2.346499757E-08, 1.431984763E-02, 1.482979364E+00
       102, 1.499999992E+00,-2.346499963E-08, 1.431984763E-02, 1.429953793E+00
       103, 2.099999885E+00,-2.346499957E-08, 1.431984763E-02, 1.432851178E+00
       104, 3.000000046E+00,-2.346500026E-08, 1.431984774E-02, 1.444265270E+00
       105,-1.500000027E-01,-2.346499996E-08, 1.693864799E-02, 1.624107406E+00
       106, 3.000000109E-01,-2.346500038E-08, 1.693864822E-02, 1.929583488E+00
       107, 4.499999767E-01,-2.346500000E-08, 1.693864797E-02, 1.835063085E+00
       108, 7.499999865E-01,-2.346500000E-08, 1.693864797E-02, 1.654363211E+00
       109, 1.049999957E+00,-2.346499757E-08, 1.693864797E-02, 1.526526449E+00
       110, 1.499999992E+00,-2.346499964E-08, 1.693864797E-02, 1.470883505E+00
       111, 2.099999885E+00,-2.346499958E-08, 1.693864797E-02, 1.474836309E+00
       112, 3.000000046E+00,-2.346500026E-08, 1.693864809E-02, 1.488972949E+00
       113,-1.500000028E-01,-2.346499997E-08, 1.994493255E-02, 1.673143414E+00
       114, 3.000000109E-01,-2.346500038E-08, 1.994493283E-02, 1.941585166E+00
       115, 4.499999767E-01,-2.346500000E-08, 1.994493253E-02, 1.843476761E+00
       116, 7.499999865E-01,-2.346500000E-08, 1.994493253E-02, 1.683345614E+00
       117, 1.049999957E+00,-2.346499756E-08, 1.994493253E-02, 1.568173804E+00
       118, 1.499999992E+00,-2.346499964E-08, 1.994493253E-02, 1.511462753E+00
       119, 2.099999885E+00,-2.346499959E-08, 1.994493253E-02, 1.516272882E+00
       120, 3.000000046E+00,-2.346500026E-08, 1.994493268E-02, 1.533481230E+00
       121,-1.500000029E-01,-2.346499996E-08, 2.339603447E-02, 1.720970287E+00
       122, 3.000000109E-01,-2.346500038E-08, 2.339603480E-02, 1.932771105E+00
       123, 4.499999767E-01,-2.346500001E-08, 2.339603445E-02, 1.837235804E+00
       124, 7.499999865E-01,-2.346500000E-08, 2.339603445E-02, 1.703729226E+00
       125, 1.049999957E+00,-2.346499757E-08, 2.339603445E-02, 1.606647292E+00
       126, 1.499999992E+00,-2.346499962E-08, 2.339603445E-02, 1.551746833E+00
       127, 2.099999885E+00,-2.346499957E-08, 2.339603445E-02, 1.557348082E+00
       128, 3.000000046E+00,-2.346500025E-08, 2.339603462E-02, 1.577891787E+00
       129,-1.500000030E-01,-2.346499996E-08, 2.735777003E-02, 1.767644733E+00
       130, 3.000000109E-01,-2.346500038E-08, 2.735777041E-02, 1.892584319E+00
       131, 4.499999767E-01,-2.346500001E-08, 2.735777000E-02, 1.811306874E+00
       132, 7.499999865E-01,-2.346500000E-08, 2.735777000E-02, 1.713837751E+00
       133, 1.049999957E+00,-2.346499757E-08, 2.735777000E-02, 1.640237943E+00
       134, 1.499999992E+00,-2.346499962E-08, 2.735777000E-02, 1.591561405E+00
       135, 2.099999885E+00,-2.346499957E-08, 2.735777000E-02, 1.598227343E+00
       136, 3.000000046E+00,-2.346500025E-08, 2.735777021E-02, 1.622277304E+00
       137,-1.500000031E-01,-2.346499995E-08, 3.190569386E-02, 1.813293920E+00
       138, 3.000000109E-01,-2.346500037E-08, 3.190569430E-02, 1.810265074E+00
       139, 4.499999767E-01,-2.346500001E-08, 3.190569382E-02, 1.761036871E+00
       140, 7.499999865E-01,-2.346500001E-08, 3.190569382E-02, 1.711823868E+00
       141, 1.049999957E+00,-2.346499757E-08, 3.190569382E-02, 1.667108172E+00
       142, 1.499999992E+00,-2.346499962E-08, 3.190569382E-02, 1.630438024E+00
       143, 2.099999885E+00,-2.346499955E-08, 3.190569382E-02, 1.639034085E+00
       144, 3.000000046E+00,-2.346500024E-08, 3.190569406E-02, 1.666696557E+00
       145,-1.500000033E-01,-2.346499996E-08, 3.712653982E-02, 1.858112773E+00
       146, 3.000000109E-01,-2.346500039E-08, 3.712654033E-02, 1.684189932E+00
       147, 4.499999767E-01,-2.346500001E-08, 3.712653978E-02, 1.684328604E+00
       148, 7.499999865E-01,-2.346500001E-08, 3.712653978E-02, 1.696173552E+00
       149, 1.049999957E+00,-2.346499758E-08, 3.712653978E-02, 1.685783300E+00
       150, 1.499999992E+00,-2.346499962E-08, 3.712653978E-02, 1.667592651E+00
       151, 2.099999885E+00,-2.346499956E-08, 3.712653978E-02, 1.679813874E+00
       152, 3.000000046E+00,-2.346500025E-08, 3.712654005E-02, 1.711207032E+00
       153,-1.500000034E-01,-2.346499996E-08, 4.311987516E-02, 1.902342410E+00
       154, 3.000000109E-01,-2.346500038E-08, 4.311987575E-02, 1.528846407E+00
       155, 4.499999767E-01,-2.346500001E-08, 4.311987511E-02, 1.584585462E+00
       156, 7.499999865E-01,-2.346500001E-08, 4.311987511E-02, 1.666270316E+00
       157, 1.049999957E+00,-2.346499758E-08, 4.311987511E-02, 1.695518914E+00
       158, 1.499999992E+00,-2.346499963E-08, 4.311987511E-02, 1.701990575E+00
       159, 2.099999885E+00,-2.346499956E-08, 4.311987511E-02, 1.720498484E+00
       160, 3.000000046E+00,-2.346500025E-08, 4.311987543E-02, 1.755879342E+00
       161,-1.500000037E-01,-2.346499997E-08, 4.999999933E-02, 1.946244913E+00
       162, 3.000000109E-01,-2.346500038E-08, 5.000000002E-02, 1.369669217E+00
       163, 4.499999767E-01,-2.346500001E-08, 4.999999927E-02, 1.470421452E+00
       164, 7.499999865E-01,-2.346500001E-08, 4.999999927E-02, 1.622760215E+00
       165, 1.049999957E+00,-2.346499757E-08, 4.999999927E-02, 1.696069081E+00
       166, 1.499999992E+00,-2.346499963E-08, 4.999999927E-02, 1.732558352E+00
       167, 2.099999885E+00,-2.346499957E-08, 4.999999927E-02, 1.760904982E+00
       168, 3.000000046E+00,-2.346500025E-08, 4.999999964E-02, 1.800822253E+00
       169,-1.500000037E-01,-2.346499995E-08, 5.749999923E-02, 1.987940461E+00
       170, 3.000000109E-01,-2.346500035E-08, 5.750000002E-02, 1.236370586E+00
       171, 4.499999767E-01,-2.346499998E-08, 5.749999916E-02, 1.357629163E+00
       172, 7.499999865E-01,-2.346500000E-08, 5.749999916E-02, 1.570662045E+00
       173, 1.049999957E+00,-2.346499769E-08, 5.749999916E-02, 1.687958573E+00
       174, 1.499999992E+00,-2.346499965E-08, 5.749999916E-02, 1.757291693E+00
       175, 2.099999885E+00,-2.346499962E-08, 5.749999916E-02, 1.798821851E+00
       176, 3.000000046E+00,-2.346500029E-08, 5.749999959E-02, 1.843947843E+00
       177,-1.500000037E-01,-2.346499992E-08, 6.499999913E-02, 2.024667559E+00
       178, 3.000000109E-01,-2.346500037E-08, 6.500000002E-02, 1.142144953E+00
       179, 4.499999767E-01,-2.346500000E-08, 6.499999905E-02, 1.261035807E+00
       180, 7.499999865E-01,-2.346500001E-08, 6.499999905E-02, 1.518385294E+00
       181, 1.049999957E+00,-2.346499781E-08, 6.499999905E-02, 1.673971313E+00
       182, 1.499999992E+00,-2.346499966E-08, 6.499999905E-02, 1.775094903E+00
       183, 2.099999885E+00,-2.346499961E-08, 6.499999905E-02, 1.831384769E+00
       184, 3.000000046E+00,-2.346500026E-08, 6.499999954E-02, 1.882164214E+00
       185,-1.500000037E-01,-2.346499994E-08, 7.249999903E-02, 2.057401451E+00
       186, 3.000000109E-01,-2.346500038E-08, 7.250000002E-02, 1.074018666E+00
       187, 4.499999767E-01,-2.346500001E-08, 7.249999894E-02, 1.179692690E+00
       188, 7.499999865E-01,-2.346500001E-08, 7.249999894E-02, 1.468586455E+00
       189, 1.049999957E+00,-2.346499793E-08, 7.249999894E-02, 1.656695340E+00
       190, 1.499999992E+00,-2.346499968E-08, 7.249999894E-02, 1.787674074E+00
       191, 2.099999885E+00,-2.346499964E-08, 7.249999894E-02, 1.859377403E+00
       192, 3.000000046E+00,-2.346500025E-08, 7.249999948E-02, 1.916288647E+00
       193,-1.500000037E-01,-2.346499994E-08, 7.999999893E-02, 2.086870327E+00
       194, 3.000000067E-01,-2.346500003E-08, 7.999999884E-02, 1.018653507E+00
       195, 4.499999892E-01,-2.346500071E-08, 8.000000122E-02, 1.110546859E+00
       196, 7.499999865E-01,-2.346500001E-08, 7.999999884E-02, 1.422351178E+00
       197, 1.049999957E+00,-2.346499805E-08, 7.999999884E-02, 1.638150181E+00
       198, 1.499999992E+00,-2.346499971E-08, 7.999999884E-02, 1.796440140E+00
       199, 2.099999885E+00,-2.346499965E-08, 7.999999884E-02, 1.883565356E+00
       200, 3.000000046E+00,-2.346500024E-08, 7.999999943E-02, 1.947005095E+00
       201,-1.500000037E-01,-2.346499994E-08, 8.749999883E-02, 2.113639629E+00
       202, 3.000000109E-01,-2.346500038E-08, 8.750000003E-02, 9.679512967E-01
       203, 4.499999892E-01,-2.346500071E-08, 8.750000134E-02, 1.051125586E+00
       204, 7.499999865E-01,-2.346500001E-08, 8.749999873E-02, 1.380063126E+00
       205, 1.049999957E+00,-2.346499818E-08, 8.749999873E-02, 1.619713909E+00
       206, 1.499999992E+00,-2.346499971E-08, 8.749999873E-02, 1.802585575E+00
       207, 2.099999885E+00,-2.346499967E-08, 8.749999873E-02, 1.904711884E+00
       208, 3.000000046E+00,-2.346500024E-08, 8.749999938E-02, 1.974908191E+00
       209,-1.500000037E-01,-2.346499994E-08, 9.499999873E-02, 2.138163029E+00
       210, 3.000000109E-01,-2.346500037E-08, 9.500000003E-02, 9.201713165E-01
       211, 4.499999767E-01,-2.346500001E-08, 9.499999862E-02, 1.000652584E+00
       212, 7.499999865E-01,-2.346500001E-08, 9.499999862E-02, 1.342138713E+00
       213, 1.049999957E+00,-2.346499830E-08, 9.499999862E-02, 1.602438892E+00
       214, 1.499999992E+00,-2.346499975E-08, 9.499999862E-02, 1.807249346E+00
       215, 2.099999885E+00,-2.346499969E-08, 9.499999862E-02, 1.923575172E+00
       216, 3.000000046E+00,-2.346500024E-08, 9.499999933E-02, 2.000534139E+00
       217,-1.500000037E-01,-2.346499994E-08, 1.024999986E-01, 2.160813212E+00
       218, 3.000000109E-01,-2.346500037E-08, 1.025000000E-01, 8.787578772E-01
       219, 4.499999767E-01,-2.346500001E-08, 1.024999985E-01, 9.596007922E-01
       220, 7.499999865E-01,-2.346500001E-08, 1.024999985E-01, 1.309462010E+00
       221, 1.049999957E+00,-2.346499841E-08, 1.024999985E-01, 1.587420869E+00
       222, 1.499999992E+00,-2.346499976E-08, 1.024999985E-01, 1.811550941E+00
       223, 2.099999885E+00,-2.346499971E-08, 1.024999985E-01, 1.940899976E+00
       224, 3.000000046E+00,-2.346500021E-08, 1.024999993E-01, 2.024380226E+00
       225,-1.500000037E-01,-2.346499994E-08, 1.099999985E-01, 2.181899866E+00
       226, 3.000000109E-01,-2.346500037E-08, 1.100000000E-01, 8.496220056E-01
       227, 4.499999767E-01,-2.346500001E-08, 1.099999984E-01, 9.286243756E-01
       228, 7.499999652E-01,-2.346499931E-08, 1.099999951E-01, 1.283510444E+00
       229, 1.049999957E+00,-2.346499856E-08, 1.099999984E-01, 1.575962324E+00
       230, 1.499999992E+00,-2.346499978E-08, 1.099999984E-01, 1.816577148E+00
       231, 2.099999885E+00,-2.346499974E-08, 1.099999984E-01, 1.957409671E+00
       232, 3.000000046E+00,-2.346500023E-08, 1.099999992E-01, 2.046913629E+00
       233,-1.500000037E-01,-2.346499993E-08, 1.174999984E-01, 2.201686091E+00
       234, 3.000000109E-01,-2.346500037E-08, 1.175000000E-01, 8.354586995E-01
       235, 4.499999767E-01,-2.346500001E-08, 1.174999983E-01, 9.085609998E-01
       236, 7.499999652E-01,-2.346499931E-08, 1.174999948E-01, 1.266184298E+00
       237, 1.049999957E+00,-2.346499866E-08, 1.174999983E-01, 1.569537238E+00
       238, 1.499999992E+00,-2.346499979E-08, 1.174999983E-01, 1.823375631E+00
       239, 2.099999885E+00,-2.346499977E-08, 1.174999983E-01, 1.973796784E+00
       240, 3.000000046E+00,-2.346500021E-08, 1.174999992E-01, 2.068570879E+00
       241,-1.500000037E-01,-2.346499994E-08, 1.249999983E-01, 2.220393891E+00
       242, 3.000000109E-01,-2.346500036E-08, 1.250000000E-01, 8.320709914E-01
       243, 4.499999767E-01,-2.346500000E-08, 1.249999982E-01, 9.006027675E-01
       244, 7.499999865E-01,-2.346500000E-08, 1.249999982E-01, 1.259340740E+00
       245, 1.049999957E+00,-2.346499879E-08, 1.249999982E-01, 1.569630935E+00
       246, 1.499999992E+00,-2.346499981E-08, 1.249999982E-01, 1.832897122E+00
       247, 2.099999885E+00,-2.346499978E-08, 1.249999982E-01, 1.990706710E+00
       248, 3.000000046E+00,-2.346500021E-08, 1.249999991E-01, 2.089749527E+00
       249,-1.500000037E-01,-2.346499992E-08, 1.324999982E-01, 2.238206939E+00
       250, 3.000000109E-01,-2.346500036E-08, 1.325000001E-01, 8.358011782E-01
       251, 4.499999767E-01,-2.346500000E-08, 1.324999981E-01, 9.054607600E-01
       252, 7.499999865E-01,-2.346500000E-08, 1.324999981E-01, 1.264203612E+00
       253, 1.049999957E+00,-2.346499891E-08, 1.324999981E-01, 1.577453651E+00
       254, 1.499999992E+00,-2.346499982E-08, 1.324999981E-01, 1.845926671E+00
       255, 2.099999885E+00,-2.346499981E-08, 1.324999981E-01, 2.008713106E+00
       256, 3.000000046E+00,-2.346500021E-08, 1.324999991E-01, 2.110793852E+00
       257,-1.500000037E-01,-2.346499992E-08, 1.399999981E-01, 2.255276572E+00
       258, 3.000000109E-01,-2.346500036E-08, 1.400000001E-01, 8.496630155E-01
       259, 4.499999767E-01,-2.346500000E-08, 1.399999980E-01, 9.226996137E-01
       260, 7.499999865E-01,-2.346500000E-08, 1.399999980E-01, 1.281079870E+00
       261, 1.049999957E+00,-2.346499903E-08, 1.399999980E-01, 1.593678824E+00
       262, 1.499999992E+00,-2.346499985E-08, 1.399999980E-01, 1.863087886E+00
       263, 2.099999885E+00,-2.346499982E-08, 1.399999980E-01, 2.028286732E+00
       264, 3.000000046E+00,-2.346500020E-08, 1.399999990E-01, 2.131977593E+00
       265,-1.500000037E-01,-2.346499991E-08, 1.474999980E-01, 2.271725875E+00
       266, 3.000000109E-01,-2.346500036E-08, 1.475000001E-01, 8.753841407E-01
       267, 4.499999767E-01,-2.346500000E-08, 1.474999979E-01, 9.510318501E-01
       268, 7.499999865E-01,-2.346500000E-08, 1.474999979E-01, 1.309575674E+00
       269, 1.049999957E+00,-2.346499914E-08, 1.474999979E-01, 1.618417638E+00
       270, 1.499999992E+00,-2.346499986E-08, 1.474999979E-01, 1.884855100E+00
       271, 2.099999885E+00,-2.346499984E-08, 1.474999979E-01, 2.049763103E+00
       272, 3.000000046E+00,-2.346500019E-08, 1.474999990E-01, 2.153487971E+00
       273,-1.500000037E-01,-2.346499991E-08, 1.549999979E-01, 2.287652855E+00
       274, 3.000000109E-01,-2.346500034E-08, 1.550000001E-01, 9.080394029E-01
       275, 4.499999767E-01,-2.346500000E-08, 1.549999978E-01, 9.893367316E-01
       276, 7.499999865E-01,-2.346500000E-08, 1.549999978E-01, 1.349212137E+00
       277, 1.049999957E+00,-2.346499928E-08, 1.549999978E-01, 1.651553632E+00
       278, 1.499999992E+00,-2.346499989E-08, 1.549999978E-01, 1.911480161E+00
       279, 2.099999885E+00,-2.346499986E-08, 1.549999978E-01, 2.073314504E+00
       280, 3.000000024E+00,-2.346500002E-08, 1.549999978E-01, 2.175415202E+00
       281,-1.500000037E-01,-2.346499991E-08, 1.624999978E-01, 2.303133857E+00
       282, 3.000000109E-01,-2.346500034E-08, 1.625000001E-01, 9.423314936E-01
       283, 4.499999767E-01,-2.346500000E-08, 1.624999976E-01, 1.037556674E+00
       284, 7.499999865E-01,-2.346500000E-08, 1.624999976E-01, 1.400068743E+00
       285, 1.049999957E+00,-2.346499940E-08, 1.624999976E-01, 1.693082588E+00
       286, 1.499999992E+00,-2.346499990E-08, 1.624999976E-01, 1.942945585E+00
       287, 2.099999885E+00,-2.346499989E-08, 1.624999976E-01, 2.098930681E+00
       288, 3.000000046E+00,-2.346500019E-08, 1.624999989E-01, 2.197751108E+00
       289,-1.500000037E-01,-2.346499990E-08, 1.699999977E-01, 2.318226403E+00
       290, 3.000000109E-01,-2.346500034E-08, 1.700000001E-01, 9.788504654E-01
       291, 4.499999767E-01,-2.346500000E-08, 1.699999975E-01, 1.097566059E+00
       292, 7.499999865E-01,-2.346500000E-08, 1.699999975E-01, 1.462866541E+00
       293, 1.049999957E+00,-2.346499952E-08, 1.699999975E-01, 1.742979903E+00
       294, 1.499999992E+00,-2.346499993E-08, 1.699999975E-01, 1.978976919E+00
       295, 2.099999885E+00,-2.346499992E-08, 1.699999975E-01, 2.126414813E+00
       296, 3.000000046E+00,-2.346500019E-08, 1.699999988E-01, 2.220398551E+00
       297,-1.500000037E-01,-2.346499989E-08, 1.774999976E-01, 2.332971044E+00
       298, 3.000000109E-01,-2.346500034E-08, 1.775000001E-01, 1.025907759E+00
       299, 4.499999767E-01,-2.346500000E-08, 1.774999974E-01, 1.173977370E+00
       300, 7.499999865E-01,-2.346500000E-08, 1.774999974E-01, 1.538517726E+00
       301, 1.049999957E+00,-2.346499961E-08, 1.774999974E-01, 1.800956473E+00
       302, 1.499999992E+00,-2.346499994E-08, 1.774999974E-01, 2.019034889E+00
       303, 2.099999885E+00,-2.346499993E-08, 1.774999974E-01, 2.155398602E+00
       304, 3.000000046E+00,-2.346500018E-08, 1.774999987E-01, 2.243192281E+00
       305,-1.500000037E-01,-2.346499988E-08, 1.849999975E-01, 2.347393802E+00
       306, 3.000000109E-01,-2.346500034E-08, 1.850000001E-01, 1.099292322E+00
       307, 4.499999767E-01,-2.346500000E-08, 1.849999973E-01, 1.273632942E+00
       308, 7.499999865E-01,-2.346500000E-08, 1.849999973E-01, 1.627520484E+00
       309, 1.049999957E+00,-2.346499975E-08, 1.849999973E-01, 1.866286713E+00
       310, 1.499999992E+00,-2.346499995E-08, 1.849999973E-01, 2.062298755E+00
       311, 2.099999885E+00,-2.346499994E-08, 1.849999973E-01, 2.185377529E+00
       312, 3.000000046E+00,-2.346500018E-08, 1.849999987E-01, 2.265928136E+00
       313,-1.500000037E-01,-2.346499989E-08, 1.924999974E-01, 2.361509112E+00
       314, 3.000000109E-01,-2.346500034E-08, 1.925000001E-01, 1.218504544E+00
       315, 4.499999767E-01,-2.346500000E-08, 1.924999972E-01, 1.402990291E+00
       316, 7.499999865E-01,-2.346500000E-08, 1.924999972E-01, 1.729216083E+00
       317, 1.049999957E+00,-2.346499987E-08, 1.924999972E-01, 1.937582295E+00
       318, 1.499999992E+00,-2.346499998E-08, 1.924999972E-01, 2.107675397E+00
       319, 2.099999885E+00,-2.346499997E-08, 1.924999972E-01, 2.215765830E+00
       320, 3.000000046E+00,-2.346500017E-08, 1.924999986E-01, 2.288396363E+00
       321,-1.500000037E-01,-2.346499988E-08, 1.999999973E-01, 2.375320582E+00
       322, 3.000000109E-01,-2.346500034E-08, 2.000000001E-01, 1.397210847E+00
       323, 4.499999767E-01,-2.346500000E-08, 1.999999971E-01, 1.564080657E+00
       324, 7.499999865E-01,-2.346500000E-08, 1.999999971E-01, 1.841063083E+00
       325, 1.049999957E+00,-2.346500000E-08, 1.999999971E-01, 2.012656434E+00
       326, 1.499999992E+00,-2.346500000E-08, 1.999999971E-01, 2.153862606E+00
       327, 2.099999885E+00,-2.346500000E-08, 1.999999971E-01, 2.245965975E+00
       328, 3.000000046E+00,-2.346500017E-08, 1.999999986E-01, 2.310413275E+00
       329,-1.500000036E-01,-2.346499988E-08, 2.074999979E-01, 2.388826802E+00
       330, 3.000000109E-01,-2.346500032E-08, 2.075000008E-01, 1.631596694E+00
       331, 4.499999767E-01,-2.346499997E-08, 2.074999977E-01, 1.750843686E+00
       332, 7.499999865E-01,-2.346499997E-08, 2.074999977E-01, 1.958292370E+00
       333, 1.049999957E+00,-2.346499993E-08, 2.074999977E-01, 2.088602886E+00
       334, 1.499999992E+00,-2.346499997E-08, 2.074999977E-01, 2.199475898E+00
       335, 2.099999885E+00,-2.346500000E-08, 2.074999977E-01, 2.275440896E+00
       336, 3.000000046E+00,-2.346500017E-08, 2.074999992E-01, 2.331844549E+00
       337,-1.500000036E-01,-2.346499992E-08, 2.154084161E-01, 2.402734117E+00
       338, 3.000000109E-01,-2.346500038E-08, 2.154084192E-01, 1.908988670E+00
       339, 4.499999767E-01,-2.346500003E-08, 2.154084160E-01, 1.958529390E+00
       340, 7.499999865E-01,-2.346500003E-08, 2.154084160E-01, 2.080478318E+00
       341, 1.049999957E+00,-2.346499993E-08, 2.154084160E-01, 2.166081882E+00
       342, 1.499999992E+00,-2.346500000E-08, 2.154084160E-01, 2.245572858E+00
       343, 2.099999885E+00,-2.346500003E-08, 2.154084160E-01, 2.305300329E+00
       344, 3.000000046E+00,-2.346500021E-08, 2.154084176E-01, 2.353734549E+00
       345,-1.500000035E-01,-2.346499995E-08, 2.237474927E-01, 2.417013883E+00
       346, 3.000000109E-01,-2.346500035E-08, 2.237474959E-01, 2.182539903E+00
       347, 4.499999767E-01,-2.346500000E-08, 2.237474926E-01, 2.163515820E+00
       348, 7.499999865E-01,-2.346500000E-08, 2.237474926E-01, 2.199199579E+00
       349, 1.049999957E+00,-2.346499986E-08, 2.237474926E-01, 2.241370086E+00
       350, 1.499999992E+00,-2.346499996E-08, 2.237474926E-01, 2.290852743E+00
       351, 2.099999885E+00,-2.346500000E-08, 2.237474926E-01, 2.335178491E+00
       352, 3.000000046E+00,-2.346500017E-08, 2.237474943E-01, 2.376029569E+00
       353,-1.500000035E-01,-2.346499996E-08, 2.325406795E-01, 2.431622726E+00
       354, 3.000000109E-01,-2.346500032E-08, 2.325406829E-01, 2.395386747E+00
       355, 4.499999767E-01,-2.346499997E-08, 2.325406794E-01, 2.337077269E+00
       356, 7.499999865E-01,-2.346499997E-08, 2.325406794E-01, 2.305440580E+00
       357, 1.049999957E+00,-2.346499977E-08, 2.325406794E-01, 2.310940600E+00
       358, 1.499999992E+00,-2.346499992E-08, 2.325406794E-01, 2.334280583E+00
       359, 2.099999885E+00,-2.346499998E-08, 2.325406794E-01, 2.364862497E+00
       360, 3.000000046E+00,-2.346500014E-08, 2.325406812E-01, 2.398731973E+00
       361,-1.500000034E-01,-2.346500001E-08, 2.418127053E-01, 2.446505083E+00
       362, 3.000000109E-01,-2.346500032E-08, 2.418127089E-01, 2.515768900E+00
       363, 4.499999767E-01,-2.346499998E-08, 2.418127053E-01, 2.457893380E+00
       364, 7.499999865E-01,-2.346499998E-08, 2.418127053E-01, 2.392340403E+00
       365, 1.049999957E+00,-2.346499973E-08, 2.418127053E-01, 2.372334013E+00
       366, 1.499999992E+00,-2.346499994E-08, 2.418127053E-01, 2.375294899E+00
       367, 2.099999885E+00,-2.346500002E-08, 2.418127053E-01, 2.394324238E+00
       368, 3.000000046E+00,-2.346500018E-08, 2.418127071E-01, 2.421893895E+00
       369,-1.500000034E-01,-2.346500004E-08, 2.515896456E-01, 2.461592590E+00
       370, 3.000000109E-01,-2.346500034E-08, 2.515896494E-01, 2.563486834E+00
       371, 4.499999767E-01,-2.346500001E-08, 2.515896457E-01, 2.525592045E+00
       372, 7.499999865E-01,-2.346500000E-08, 2.515896457E-01, 2.457850990E+00
       373, 1.049999957E+00,-2.346499969E-08, 2.515896457E-01, 2.424859419E+00
       374, 1.499999992E+00,-2.346499993E-08, 2.515896457E-01, 2.413907083E+00
       375, 2.099999885E+00,-2.346500002E-08, 2.515896457E-01, 2.423706141E+00
       376, 3.000000046E+00,-2.346500015E-08, 2.515896475E-01, 2.445597158E+00
       377,-1.500000033E-01,-2.346500008E-08, 2.618989960E-01, 2.476807399E+00
       378, 3.000000109E-01,-2.346500035E-08, 2.618990000E-01, 2.581828666E+00
       379, 4.499999767E-01,-2.346500000E-08, 2.618989961E-01, 2.559540699E+00
       380, 7.499999865E-01,-2.346500000E-08, 2.618989961E-01, 2.505344805E+00
       381, 1.049999957E+00,-2.346499961E-08, 2.618989961E-01, 2.469640770E+00
       382, 1.499999992E+00,-2.346499990E-08, 2.618989961E-01, 2.450623018E+00
       383, 2.099999885E+00,-2.346500002E-08, 2.618989961E-01, 2.453251454E+00
       384, 3.000000046E+00,-2.346500018E-08, 2.618989980E-01, 2.469918267E+00
       385,-1.500000032E-01,-2.346500011E-08, 2.727697492E-01, 2.492069228E+00
       386, 3.000000109E-01,-2.346500035E-08, 2.727697533E-01, 2.595096884E+00
       387, 4.499999767E-01,-2.346500001E-08, 2.727697493E-01, 2.580513597E+00
       388, 7.499999865E-01,-2.346499999E-08, 2.727697493E-01, 2.541157870E+00
       389, 1.049999957E+00,-2.346499955E-08, 2.727697493E-01, 2.508810152E+00
       390, 1.499999992E+00,-2.346499989E-08, 2.727697493E-01, 2.486134610E+00
       391, 2.099999885E+00,-2.346500003E-08, 2.727697493E-01, 2.483181694E+00
       392, 3.000000046E+00,-2.346500017E-08, 2.727697513E-01, 2.494883488E+00
       393,-1.500000032E-01,-2.346500011E-08, 2.842324767E-01, 2.507305144E+00
       394, 3.000000109E-01,-2.346500033E-08, 2.842324811E-01, 2.608306565E+00
       395, 4.499999767E-01,-2.346499998E-08, 2.842324768E-01, 2.598228637E+00
       396, 7.499999865E-01,-2.346499996E-08, 2.842324768E-01, 2.570508311E+00
       397, 1.049999957E+00,-2.346499946E-08, 2.842324768E-01, 2.544115101E+00
       398, 1.499999992E+00,-2.346499985E-08, 2.842324768E-01, 2.520839958E+00
       399, 2.099999885E+00,-2.346500000E-08, 2.842324768E-01, 2.513530545E+00
       400, 3.000000046E+00,-2.346500015E-08, 2.842324789E-01, 2.520419027E+00
       401,-1.500000031E-01,-2.346500017E-08, 2.963194150E-01, 2.522455405E+00
       402, 3.000000109E-01,-2.346500033E-08, 2.963194195E-01, 2.621197550E+00
       403, 4.499999767E-01,-2.346500000E-08, 2.963194151E-01, 2.614475846E+00
       404, 7.499999865E-01,-2.346499999E-08, 2.963194151E-01, 2.595390667E+00
       405, 1.049999957E+00,-2.346499939E-08, 2.963194151E-01, 2.575768196E+00
       406, 1.499999992E+00,-2.346499986E-08, 2.963194151E-01, 2.554373918E+00
       407, 2.099999885E+00,-2.346500004E-08, 2.963194151E-01, 2.543976319E+00
       408, 3.000000046E+00,-2.346500017E-08, 2.963194173E-01, 2.546304394E+00
       409,-1.500000030E-01,-2.346500021E-08, 3.090645557E-01, 2.537472125E+00
       410, 3.000000109E-01,-2.346500034E-08, 3.090645605E-01, 2.633248729E+00
       411, 4.499999767E-01,-2.346500000E-08, 3.090645559E-01, 2.629085675E+00
       412, 7.499999865E-01,-2.346499998E-08, 3.090645559E-01, 2.616023851E+00
       413, 1.049999957E+00,-2.346499931E-08, 3.090645559E-01, 2.602766340E+00
       414, 1.499999992E+00,-2.346499983E-08, 3.090645559E-01, 2.585480327E+00
       415, 2.099999885E+00,-2.346500003E-08, 3.090645559E-01, 2.573750417E+00
       416, 3.000000046E+00,-2.346500013E-08, 3.090645582E-01, 2.572143078E+00
       417,-1.500000030E-01,-2.346500025E-08, 3.225037420E-01, 2.552311753E+00
       418, 3.000000109E-01,-2.346500034E-08, 3.225037469E-01, 2.644632110E+00
       419, 4.499999767E-01,-2.346500000E-08, 3.225037421E-01, 2.642282715E+00
       420, 7.499999865E-01,-2.346499998E-08, 3.225037421E-01, 2.633005412E+00
       421, 1.049999957E+00,-2.346499924E-08, 3.225037421E-01, 2.624580127E+00
       422, 1.499999992E+00,-2.346499981E-08, 3.225037421E-01, 2.612608372E+00
       423, 2.099999885E+00,-2.346500003E-08, 3.225037421E-01, 2.601726325E+00
       424, 3.000000046E+00,-2.346500013E-08, 3.225037445E-01, 2.597365623E+00
       425,-1.500000029E-01,-2.346500034E-08, 3.366747683E-01, 2.566933950E+00
       426, 3.000000109E-01,-2.346500038E-08, 3.366747735E-01, 2.655752136E+00
       427, 4.499999767E-01,-2.346500003E-08, 3.366747685E-01, 2.654681451E+00
       428, 7.499999865E-01,-2.346500002E-08, 3.366747685E-01, 2.647577884E+00
       429, 1.049999957E+00,-2.346499918E-08, 3.366747685E-01, 2.642112058E+00
       430, 1.499999992E+00,-2.346499983E-08, 3.366747685E-01, 2.635005257E+00
       431, 2.099999885E+00,-2.346500009E-08, 3.366747685E-01, 2.626770857E+00
       432, 3.000000046E+00,-2.346500019E-08, 3.366747710E-01, 2.621282293E+00
       433,-1.500000028E-01,-2.346500031E-08, 3.516174877E-01, 2.581336360E+00
       434, 3.000000109E-01,-2.346500031E-08, 3.516174931E-01, 2.666910336E+00
       435, 4.499999767E-01,-2.346499997E-08, 3.516174879E-01, 2.666842964E+00
       436, 7.499999865E-01,-2.346499996E-08, 3.516174879E-01, 2.660958911E+00
       437, 1.049999957E+00,-2.346499901E-08, 3.516174879E-01, 2.656995569E+00
       438, 1.499999992E+00,-2.346499974E-08, 3.516174879E-01, 2.653232102E+00
       439, 2.099999885E+00,-2.346500004E-08, 3.516174879E-01, 2.648232703E+00
       440, 3.000000046E+00,-2.346500014E-08, 3.516174905E-01, 2.643186406E+00
       441,-1.500000027E-01,-2.346500041E-08, 3.673739231E-01, 2.595632628E+00
       442, 3.000000109E-01,-2.346500034E-08, 3.673739288E-01, 2.678333509E+00
       443, 4.499999767E-01,-2.346500000E-08, 3.673739233E-01, 2.679108867E+00
       444, 7.499999865E-01,-2.346499997E-08, 3.673739233E-01, 2.673950878E+00
       445, 1.049999957E+00,-2.346499894E-08, 3.673739233E-01, 2.670592355E+00
       446, 1.499999992E+00,-2.346499974E-08, 3.673739233E-01, 2.668557359E+00
       447, 2.099999885E+00,-2.346500006E-08, 3.673739233E-01, 2.666166094E+00
       448, 3.000000046E+00,-2.346500015E-08, 3.673739261E-01, 2.662464901E+00
       449,-1.500000026E-01,-2.346500046E-08, 3.839883861E-01, 2.610051279E+00
       450, 3.000000109E-01,-2.346500033E-08, 3.839883920E-01, 2.690140444E+00
       451, 4.499999767E-01,-2.346500000E-08, 3.839883863E-01, 2.691568326E+00
       452, 7.499999865E-01,-2.346499998E-08, 3.839883863E-01, 2.686822898E+00
       453, 1.049999957E+00,-2.346499884E-08, 3.839883863E-01, 2.683520926E+00
       454, 1.499999992E+00,-2.346499974E-08, 3.839883863E-01, 2.681992138E+00
       455, 2.099999885E+00,-2.346500008E-08, 3.839883863E-01, 2.681006454E+00
       456, 3.000000046E+00,-2.346500015E-08, 3.839883892E-01, 2.678625726E+00
       457,-1.500000025E-01,-2.346500049E-08, 4.015076012E-01, 2.624532409E+00
       458, 3.000000109E-01,-2.346500034E-08, 4.015076073E-01, 2.701991008E+00
       459, 4.499999767E-01,-2.346500001E-08, 4.015076013E-01, 2.703870319E+00
       460, 7.499999865E-01,-2.346499997E-08, 4.015076013E-01, 2.699151335E+00
       461, 1.049999957E+00,-2.346499875E-08, 4.015076013E-01, 2.695493878E+00
       462, 1.499999992E+00,-2.346499970E-08, 4.015076013E-01, 2.693696201E+00
       463, 2.099999885E+00,-2.346500007E-08, 4.015076013E-01, 2.692947469E+00
       464, 3.000000046E+00,-2.346500012E-08, 4.015076043E-01, 2.691198217E+00
       465,-1.500000024E-01,-2.346500054E-08, 4.199808371E-01, 2.637779331E+00
       466, 3.000000109E-01,-2.346500031E-08, 4.199808435E-01, 2.712692808E+00
       467, 4.499999767E-01,-2.346499999E-08, 4.199808372E-01, 2.714798834E+00
       468, 7.499999865E-01,-2.346499996E-08, 4.199808372E-01, 2.709570132E+00
       469, 1.049999957E+00,-2.346499860E-08, 4.199808372E-01, 2.705311153E+00
       470, 1.499999992E+00,-2.346499964E-08, 4.199808372E-01, 2.702832355E+00
       471, 2.099999885E+00,-2.346500006E-08, 4.199808372E-01, 2.701552291E+00
       472, 3.000000046E+00,-2.346500011E-08, 4.199808404E-01, 2.699672541E+00
       473,-1.500000023E-01,-2.346500065E-08, 4.394600459E-01, 2.647067753E+00
       474, 3.000000067E-01,-2.346500001E-08, 4.394600459E-01, 2.720304741E+00
       475, 4.499999892E-01,-2.346500074E-08, 4.394600590E-01, 2.722011228E+00
       476, 7.499999652E-01,-2.346499931E-08, 4.394600328E-01, 2.716209456E+00
       477, 1.049999957E+00,-2.346499852E-08, 4.394600459E-01, 2.711385209E+00
       478, 1.499999992E+00,-2.346499967E-08, 4.394600459E-01, 2.708154033E+00
       479, 2.099999885E+00,-2.346500013E-08, 4.394600459E-01, 2.706201697E+00
       480, 3.000000024E+00,-2.346499998E-08, 4.394600459E-01, 2.703924989E+00
       481,-1.500000037E-01,-2.346500074E-08, 4.600000083E-01, 2.650346248E+00
       482, 3.000000067E-01,-2.346499997E-08, 4.600000083E-01, 2.723103121E+00
       483, 4.499999892E-01,-2.346500070E-08, 4.600000221E-01, 2.724339923E+00
       484, 7.499999652E-01,-2.346499927E-08, 4.599999946E-01, 2.718374575E+00
       485, 1.049999957E+00,-2.346499836E-08, 4.600000083E-01, 2.713310258E+00
       486, 1.499999992E+00,-2.346499961E-08, 4.600000083E-01, 2.709724151E+00
       487, 2.099999885E+00,-2.346500010E-08, 4.600000083E-01, 2.707487448E+00
       488, 3.000000024E+00,-2.346499996E-08, 4.600000083E-01, 2.705034998E+00
