Generated by GetData Graph Digitizer 2.22 on March 06 2022, 13:47
from file 'C:\Users\Li Hang\Desktop\137-081-tv.jpg'

Line #1
 3.32129963898917e-001    4.51333937834048e-001
 3.35740072202166e-001    5.29365217930017e-001
 3.50180505415162e-001    5.91880353914518e-001
 3.61010830324910e-001    6.58267485934094e-001
 3.50180505415162e-001    7.36186126145407e-001
 3.82671480144404e-001    8.30043310035651e-001
 4.04332129963899e-001    8.84814453949999e-001
 4.33212996389892e-001    9.59142697837877e-001
 4.22382671480144e-001    1.04876180606791e+000
 4.36823104693141e-001    1.11517709805865e+000
 4.36823104693141e-001    1.16977928214602e+000
 4.15162454873646e-001    1.24371328643759e+000
 4.40433212996390e-001    1.31411321434807e+000
 4.72924187725632e-001    1.38846961820711e+000
 4.72924187725632e-001    1.46257258232568e+000
 4.33212996389892e-001    1.53246563075519e+000
 4.65703971119134e-001    1.61462234662672e+000
