Generated by GetData Graph Digitizer 2.22 on March 06 2022, 13:45
from file 'C:\Users\Li Hang\Desktop\137-081-tv.jpg'

Line #1
 3.03571428571429e-001    2.56574548696234e-002
 3.50000000000000e-001    8.06217963004234e-002
 3.85714285714286e-001    1.19901938934700e-001
 4.25000000000000e-001    1.74810563851125e-001
 4.42857142857143e-001    2.21751727211946e-001
 4.67857142857143e-001    2.88249387118342e-001
 4.89285714285714e-001    3.50819032761310e-001
 4.89285714285714e-001    4.17121684867395e-001
 4.92857142857143e-001    4.87352351236907e-001
 4.85714285714286e-001    5.53599286828616e-001
 4.85714285714286e-001    6.23802094940941e-001
 4.82142857142857e-001    6.74476264764876e-001
 4.78571428571429e-001    7.32950746601293e-001
 4.78571428571429e-001    7.95353242701137e-001
 4.78571428571429e-001    8.77256518832182e-001
 4.82142857142857e-001    9.24086249164252e-001
 4.89285714285714e-001    9.67043681747270e-001
 5.03571428571429e-001    1.02175729886338e+000
 5.14285714285714e-001    1.08424336973479e+000
 5.50000000000000e-001    1.15472476041899e+000
 5.82142857142857e-001    1.22517829284600e+000
 5.92857142857143e-001    1.25256295966124e+000
 6.25000000000000e-001    1.29961555605081e+000
 6.39285714285714e-001    1.32702808112324e+000
 6.71428571428571e-001    1.37408067751281e+000
 6.92857142857143e-001    1.42885001114330e+000
 7.00000000000000e-001    1.46790728772008e+000
 6.96428571428571e-001    1.52638176955650e+000
 6.75000000000000e-001    1.58081680410074e+000
 6.14285714285714e-001    1.62714508580343e+000
 5.60714285714286e-001    1.67352908402050e+000
 5.00000000000000e-001    1.71205705371072e+000
 4.28571428571429e-001    1.76610207265433e+000
 3.96428571428571e-001    1.80095275239581e+000
 3.42857142857143e-001    1.85513706262536e+000
 3.07142857142857e-001    1.89776019612213e+000
 2.67857142857143e-001    1.93645531535547e+000
 2.35714285714286e-001    1.97910630710943e+000
 2.28571428571429e-001    2.02585246266994e+000
 2.17857142857143e-001    2.07647091597950e+000
 2.07142857142857e-001    2.13488968130154e+000
 2.03571428571429e-001    2.17386338310675e+000
 2.03571428571429e-001    2.20116447515043e+000
 2.00000000000000e-001    2.23623802094941e+000
 2.00000000000000e-001    2.26353911299309e+000
 2.03571428571429e-001    2.34547024738132e+000
 2.03571428571429e-001    2.36887118341877e+000
 2.03571428571429e-001    2.38447180744373e+000
 2.03571428571429e-001    2.44687430354357e+000
 1.92857142857143e-001    2.47409182081569e+000
