Generated by GetData Graph Digitizer 2.22 on March 06 2022, 13:45
from file 'C:\Users\Li Hang\Desktop\137-081-tv.jpg'

Line #1
 2.78571428571429e-001    2.93626030755516e-002
 3.28571428571429e-001    5.70537107198574e-002
 3.85714285714286e-001    9.65010028972588e-002
 4.03571428571429e-001    1.70743258301761e-001
 4.14285714285714e-001    2.21528861154446e-001
 4.10714285714286e-001    3.03404279028304e-001
 4.14285714285714e-001    3.54134165366615e-001
 4.14285714285714e-001    4.16536661466459e-001
 4.39285714285714e-001    5.06435257410296e-001
 4.32142857142857e-001    5.60981724983285e-001
 4.46428571428571e-001    6.31295966124359e-001
 4.57142857142857e-001    6.89881880989525e-001
 4.60714285714286e-001    7.60112547359037e-001
 4.28571428571429e-001    8.18364163137954e-001
 3.92857142857143e-001    8.88288388678404e-001
 3.89285714285714e-001    9.35062402496100e-001
 4.17857142857143e-001    9.93787608647203e-001
 4.50000000000000e-001    1.08374192110542e+000
 4.89285714285714e-001    1.14255070202808e+000
 5.46428571428571e-001    1.19759861823044e+000
 5.92857142857143e-001    1.27986405170493e+000
 6.25000000000000e-001    1.35811789614442e+000
 6.50000000000000e-001    1.40121462001337e+000
 6.39285714285714e-001    1.47133385335413e+000
 6.03571428571429e-001    1.54125807889458e+000
 5.39285714285714e-001    1.60705928237129e+000
 4.64285714285714e-001    1.68057722308892e+000
 3.96428571428571e-001    1.75805103632717e+000
 3.75000000000000e-001    1.80468575885893e+000
 3.39285714285714e-001    1.89801092043682e+000
 3.32142857142857e-001    1.92915645197236e+000
 3.03571428571429e-001    1.98353577000223e+000
 2.75000000000000e-001    2.03401493202585e+000
 2.53571428571429e-001    2.08064965455761e+000
 2.28571428571429e-001    2.15455761087586e+000
 2.14285714285714e-001    2.20904836193448e+000
 1.92857142857143e-001    2.30248495654112e+000
 1.85714285714286e-001    2.35703142411411e+000
 1.85714285714286e-001    2.38823267216403e+000
 1.96428571428571e-001    2.46241921105416e+000
