Generated by GetData Graph Digitizer 2.22 on March 06 2022, 13:44
from file 'C:\Users\Li Hang\Desktop\137-081-tv.jpg'

Line #1
 3.52517985611511e-001    1.12234705215547e-003
 4.20863309352518e-001    3.56906362585439e-002
 4.53237410071942e-001    6.66393562217309e-002
 4.64028776978417e-001    1.21157364280183e-001
 4.78417266187050e-001    1.83447625674811e-001
 4.89208633093525e-001    2.26265165714542e-001
 5.03597122302158e-001    2.88555427109171e-001
 5.32374100719424e-001    3.62433921817304e-001
 5.46762589928058e-001    4.28624339218173e-001
 5.53956834532374e-001    5.10471497996611e-001
 5.57553956834532e-001    5.72845935420151e-001
 5.57553956834532e-001    6.23547963501274e-001
 5.57553956834532e-001    6.74249991582397e-001
 5.57553956834532e-001    7.48352955700962e-001
 5.57553956834532e-001    7.87354515763364e-001
 5.53956834532374e-001    8.26384134502071e-001
 5.53956834532374e-001    8.61485538558233e-001
 5.53956834532374e-001    8.84886474595674e-001
 5.57553956834532e-001    9.39460600006734e-001
 5.86330935251799e-001    1.01723925072111e+000
 6.04316546762590e-001    1.07950145343943e+000
 6.33093525179856e-001    1.13387916811636e+000
 6.61870503597122e-001    1.16875610276210e+000
 6.97841726618705e-001    1.19967676404898e+000
 7.26618705035971e-001    1.23845385470095e+000
 7.55395683453237e-001    1.29283156937788e+000
 7.69784172661870e-001    1.35122167476627e+000
 7.73381294964029e-001    1.46039798426469e+000
 7.44604316546763e-001    1.49182370172505e+000
 7.08633093525180e-001    1.52720569254425e+000
 6.58273381294964e-001    1.55879976206243e+000
 6.18705035971223e-001    1.59810996756417e+000
 5.61151079136691e-001    1.62585999842871e+000
 4.71223021582734e-001    1.67336333741119e+000
 4.35251798561151e-001    1.69314470420543e+000
 3.63309352517986e-001    1.74440790581264e+000
 3.05755395683453e-001    1.78775856070214e+000
 2.91366906474820e-001    1.80737157543856e+000
 2.58992805755396e-001    1.85052581959393e+000
 2.30215827338130e-001    1.87805138104805e+000
 2.12230215827338e-001    1.91719323449197e+000
 2.01438848920863e-001    1.96017912658952e+000
 1.90647482014389e-001    2.01876564271204e+000
 1.87050359712230e-001    2.07729604148195e+000
 1.76258992805755e-001    2.15928349364190e+000
 1.76258992805755e-001    2.20608536571679e+000
 1.76258992805755e-001    2.24508692577919e+000
 1.72661870503597e-001    2.27631623250542e+000
 1.69064748201439e-001    2.32314616325660e+000
 1.65467625899281e-001    2.36217578199531e+000
 1.54676258992806e-001    2.42076229811782e+000
