 7.54080752231868e-002    2.40816326530612e+000
 7.62647250444613e-002    2.43673469387755e+000
 7.88452395626068e-002    2.47346938775510e+000
 8.05611804687362e-002    2.51836734693878e+000
 8.40045077565107e-002    2.55510204081633e+000
 8.57213290838337e-002    2.59591836734694e+000
 8.83000827595922e-002    2.64081632653061e+000
 9.00169040869152e-002    2.68163265306122e+000
 9.17337254142382e-002    2.72244897959184e+000
 9.51761722808191e-002    2.76326530612245e+000
 9.68929936081421e-002    2.80408163265306e+000
 9.86080540930781e-002    2.85306122448980e+000
 1.02047859696079e-001    2.90612244897959e+000
 1.06353119332289e-001    2.94693877551020e+000
 1.08934514271628e-001    2.97959183673469e+000
 1.13239773907838e-001    3.02040816326531e+000
 1.14094662886725e-001    3.05714285714286e+000
 1.18399042101741e-001    3.10204081632653e+000
 1.20978676198693e-001    3.14285714285714e+000
 1.25284816256097e-001    3.17959183673469e+000
 1.30450247398355e-001    3.23265306122449e+000
 1.33029881495307e-001    3.27346938775510e+000
 1.38197953901146e-001    3.31428571428571e+000
 1.43363385043405e-001    3.36734693877551e+000
 1.51121656600518e-001    3.40000000000000e+000
 1.57152541775986e-001    3.44081632653061e+000
 1.67496610378405e-001    3.48571428571429e+000
 1.78702611329260e-001    3.53469387755102e+000
 1.90775827155711e-001    3.56326530612245e+000
 2.01126939127679e-001    3.57551020408163e+000
 2.14931943441743e-001    3.57551020408163e+000
 2.29600640946629e-001    3.57142857142857e+000
 2.39095103097322e-001    3.55510204081633e+000
 2.52043457590111e-001    3.52653061224490e+000
 2.62403373774014e-001    3.49795918367347e+000
 2.79672835484496e-001    3.43673469387755e+000
 2.93487524431688e-001    3.39183673469388e+000
 3.03851842721558e-001    3.34285714285714e+000
 3.14220563117395e-001    3.27346938775510e+000
 3.25447694176894e-001    3.22448979591837e+000
 3.37539398848409e-001    3.16734693877551e+000
 3.51355848637988e-001    3.11428571428571e+000
 3.65178461375922e-001    3.03265306122449e+000
 3.73818034547728e-001    2.97959183673469e+000
 3.82455846877146e-001    2.93469387755102e+000
 3.96274937930306e-001    2.86938775510204e+000
 3.99734112799563e-001    2.83265306122449e+000
 4.08372805550175e-001    2.78367346938776e+000
 4.17869908964449e-001    2.75510204081633e+000
 4.22191896603335e-001    2.71836734693878e+000
 4.30831469775140e-001    2.66530612244898e+000
 4.37745417407688e-001    2.61224489795918e+000
 4.44661125882622e-001    2.55102040816327e+000
 4.54158229296896e-001    2.52244897959184e+000
 4.62795161205121e-001    2.48163265306122e+000
 4.67980842034829e-001    2.44081632653061e+000
 4.77477945449103e-001    2.41224489795918e+000
 4.86985613917698e-001    2.33469387755102e+000
 4.94758852635101e-001    2.29795918367347e+000
 5.07711609233858e-001    2.24897959183673e+000
 5.13761863675582e-001    2.20000000000000e+000
 5.24123540701872e-001    2.16326530612245e+000
 5.31033966649645e-001    2.12653061224490e+000
 5.35355954288532e-001    2.08979591836735e+000
 5.45718511736014e-001    2.04897959183673e+000
 5.57806694722755e-001    2.00816326530612e+000
 5.67307319821803e-001    1.96326530612245e+000
 5.74216865348383e-001    1.93061224489796e+000
 5.80264478526527e-001    1.89387755102041e+000
 5.86308570019898e-001    1.87346938775510e+000
 5.95808314697751e-001    1.83265306122449e+000
 6.05305418112025e-001    1.80408163265306e+000
 6.12215844059798e-001    1.76734693877551e+000
 6.21713827895265e-001    1.73469387755102e+000
 6.32074624500361e-001    1.70204081632653e+000
 6.41571727914634e-001    1.67346938775510e+000
 6.50206898980472e-001    1.64081632653061e+000
 6.60567695585568e-001    1.60816326530612e+000
 6.73519571763131e-001    1.56326530612245e+000
 6.83880368368227e-001    1.53061224489796e+000
 6.92513778591678e-001    1.50612244897959e+000
 7.01148069236323e-001    1.47755102040816e+000
 7.08916025426564e-001    1.46530612244898e+000
 7.16689264143967e-001    1.42857142857143e+000
 7.24457220334208e-001    1.41632653061225e+000
 7.37405574826997e-001    1.38775510204082e+000
 7.45172650596045e-001    1.37959183673469e+000
 7.51216742089416e-001    1.35918367346939e+000
 7.58987339543237e-001    1.33469387755102e+000
 7.71072881266398e-001    1.30612244897959e+000
 7.79704530647462e-001    1.28979591836735e+000
 7.88336180028526e-001    1.27346938775510e+000
 7.99558028560864e-001    1.24897959183673e+000
 8.10782518356782e-001    1.21224489795918e+000
 8.21141554119491e-001    1.18775510204082e+000
 8.28047577961297e-001    1.17142857142857e+000
 8.34093430297054e-001    1.14285714285714e+000
 8.42725960099312e-001    1.12244897959184e+000
 8.52223063513585e-001    1.09387755102041e+000
 8.60857354158229e-001    1.06530612244898e+000
 8.70357098836083e-001    1.02448979591837e+000
 8.78128576711099e-001    9.95918367346939e-001
 8.85900935007307e-001    9.63265306122449e-001
 8.92810480533887e-001    9.30612244897959e-001
 9.01447412442112e-001    8.89795918367347e-001
 9.10086985613918e-001    8.36734693877551e-001
 9.18722156679756e-001    8.04081632653061e-001
 9.24775052385061e-001    7.42857142857143e-001
 9.33411984293286e-001    7.02040816326531e-001
 9.38599425965382e-001    6.53061224489796e-001
 9.45512493176736e-001    6.04081632653061e-001
 9.50698174006445e-001    5.63265306122449e-001
 9.54159109718089e-001    5.18367346938776e-001
 9.59343029705411e-001    4.85714285714286e-001
 9.62801324153475e-001    4.85714285714286e-001
 9.66263140286313e-001    4.85714285714286e-001
 9.71448821116022e-001    4.85714285714286e-001
 9.74047824479231e-001    4.85714285714286e-001
 9.78369812118117e-001    4.85714285714286e-001
 9.83559014632600e-001    4.85714285714286e-001
 9.85294324804987e-001    4.85714285714286e-001
 9.90481766477083e-001    4.85714285714286e-001
 9.93077248155518e-001    4.85714285714286e-001
 9.93947984715888e-001    4.85714285714286e-001
 9.98268211512388e-001    4.85714285714286e-001
