-4.95197548521408e+000    1.69361845124910e-002
-4.75132265916989e+000    1.65292439840011e-002
-4.47544423316504e+000    1.61229181693004e-002
-4.22471784637073e+000    1.63292570978952e-002
-3.94883942036588e+000    1.59229312831945e-002
-3.67301222051013e+000    1.59251852337552e-002
-3.39715940757983e+000    1.57231493016851e-002
-3.12130659464953e+000    1.55211133696151e-002
-2.84547939479378e+000    1.55233673201757e-002
-2.54457699495115e+000    1.55258261753328e-002
-2.31890019506918e+000    1.55276703167005e-002
-1.99292259523966e+000    1.55303340764540e-002
-1.71706978230936e+000    1.53282981443840e-002
-1.39109218247984e+000    1.53309619041374e-002
-1.06511458265032e+000    1.53336256638909e-002
-8.64538595829782e-001    1.55395547832929e-002
-5.88711395974035e-001    1.55418087338535e-002
-2.87834609205953e-001    1.57485574716412e-002
 1.30677906366792e-002    1.57510163267982e-002
 2.63819790505540e-001    1.57530653727624e-002
 4.64395777326077e-001    1.59589944921644e-002
 8.65573364041702e-001    1.61665628483378e-002
 1.16647576388434e+000    1.61690217034949e-002
 1.41722776375320e+000    1.61710707494591e-002
 1.79338137663104e+000    1.59698544357747e-002
 2.11938458953511e+000    1.57682283128975e-002
 2.49551258933840e+000    1.57713018818438e-002
 2.92173976296636e+000    1.61833650252442e-002
 3.39819417579175e+000    1.59829683299456e-002
 3.67399576257295e+000    1.61895121631368e-002
 4.07514773621402e+000    1.66013704019409e-002
 4.37605013605665e+000    1.66038292570979e-002
 4.67695253589929e+000    1.66062881122549e-002
 5.10312848337814e+000    1.74269310209167e-002
 5.40403088322077e+000    1.74293898760737e-002
 5.65473165694053e+000    1.78400186872992e-002
 5.95563405678316e+000    1.78424775424562e-002
 6.28153481738902e+000    1.84580109501016e-002
 6.53223559110878e+000    1.88686397613271e-002
 6.83311237787686e+000    1.90753884991148e-002
 7.08376192544751e+000    1.98945970756016e-002
 7.40973952527703e+000    1.98972608353551e-002
 7.68551549898367e+000    2.03080945511770e-002
 7.96131708576487e+000    2.05146383843682e-002
 8.26211703330929e+000    2.13342567700479e-002
 8.61309299390204e+000    2.19499950822897e-002
 8.86379376762180e+000    2.23606238935152e-002
 9.23981931512688e+000    2.31808569929841e-002
 9.51556967575897e+000    2.37959805914366e-002
 9.79129442331650e+000    2.46153940725198e-002
 1.00419695839617e+001    2.52303127663760e-002
 1.03678191184185e+001    2.62544259392827e-002
 1.06435694790506e+001    2.68695495377352e-002
 1.08690926004852e+001    2.80971329748869e-002
 1.12451181479903e+001    2.89173660743558e-002
 1.14205164825257e+001    2.99402498196840e-002
 1.17463404039079e+001    3.11686528752213e-002
 1.20220139253164e+001    3.23966461215658e-002
 1.23478122336240e+001    3.38293390597338e-002
 1.26736617680808e+001    3.48534522326405e-002
 1.29493352894892e+001    3.60814454789850e-002
 1.32499815585863e+001    3.81268031604485e-002
 1.35005798800079e+001    3.93545915021966e-002
 1.38012517621795e+001    4.11956593010294e-002
 1.40267492705396e+001    4.26275326208118e-002
 1.43524963526982e+001    4.44688053242410e-002
 1.44776418349616e+001    4.63084387908990e-002
 1.48284641171071e+001    4.81499163989247e-002
 1.50037087731952e+001    5.03985394400367e-002
 1.51288542554587e+001    5.22381729066946e-002
 1.52538972854239e+001    5.48949659038752e-002
 1.54039899023015e+001    5.77562536882827e-002
 1.54538585584552e+001    6.00038522064127e-002
 1.55789272014950e+001    6.24563553209626e-002
 1.57540181791358e+001    6.59307176578585e-002
 1.58290644875746e+001    6.73613615500623e-002
 1.58539091698905e+001    6.92001753983345e-002
 1.59289298652547e+001    7.08351091731690e-002
 1.60788944167596e+001    7.47178463707298e-002
 1.61035085814045e+001    7.83952691626779e-002
 1.61281483591240e+001    8.18684020719953e-002
 1.61781194675759e+001    8.32988410596027e-002
 1.62280137368041e+001    8.53421496951020e-002
 1.62528840321946e+001    8.69766736607436e-002
 1.62777543275851e+001    8.86111976263852e-002
 1.63526469575766e+001    9.12675808143728e-002
 1.63773635745197e+001    9.41278440757983e-002
 1.64523074306603e+001    9.63756474985247e-002
 1.64520000737657e+001    9.88271260900925e-002
 1.65519679037440e+001    1.01483714182677e-001
 1.66018621729723e+001    1.03527022818176e-001
 1.66015035899285e+001    1.06387081175005e-001
 1.66764218329946e+001    1.08839174480362e-001
 1.67260855845518e+001    1.12721092059537e-001
 1.67759798537801e+001    1.14764400695036e-001
 1.68258228968592e+001    1.17216289095797e-001
 1.68755378745656e+001    1.20689626909711e-001
 1.69253040784211e+001    1.23754384958363e-001
 1.70253999737722e+001    1.25389523637794e-001
 1.70751661776277e+001    1.28454281686447e-001
 1.72252331814307e+001    1.31519859353485e-001
 1.73253546898564e+001    1.32950708150285e-001
 1.73500969198741e+001    1.35606681529080e-001
 1.75001895367517e+001    1.38467969313488e-001
 1.76002854321028e+001    1.40103107992919e-001
 1.77003044882303e+001    1.42351116320241e-001
 1.77751458920727e+001    1.45416079273490e-001
 1.78500897482132e+001    1.47663882696217e-001
 1.79752608435512e+001    1.49299226280244e-001
 1.80752542866042e+001    1.51751524490197e-001
 1.82002717034949e+001    1.54612607370009e-001
 1.83504155465215e+001    1.57065315389155e-001
 1.84755098026359e+001    1.59313528621074e-001
 1.85755032456888e+001    1.61765826831027e-001
 1.87257495410137e+001    1.63401375319651e-001
 1.88006677840797e+001    1.65853468625008e-001
 1.89258132663432e+001    1.67693102091666e-001
 1.90006802832601e+001    1.70553775162284e-001
 1.91509521916596e+001    1.71985033768278e-001
 1.92509712477870e+001    1.74233042095600e-001
 1.93509134646908e+001    1.77093920070815e-001
 1.94509069077438e+001    1.79546218280768e-001
 1.95759243246345e+001    1.82407301160580e-001
 1.97260937807357e+001    1.84655719297095e-001
 1.98010120238017e+001    1.87107812602452e-001
 1.99511302537539e+001    1.89764810504229e-001
 2.50142775556825e+001    3.29163239029822e-001
 3.00142775556825e+001    4.69163239029822e-001
 3.50142775556825e+001    6.09163239029822e-001
 4.00142775556825e+001    7.49163239029822e-001
 4.50142775556825e+001    7.50163239029822e-001
 5.00142775556825e+001    7.50163239029822e-001
