 3.45125107851596e-003    2.06122448979592e+001
 1.72562553925798e-002    2.05918367346939e+001
 2.41587575496117e-002    2.05918367346939e+001
 3.27868852459016e-002    2.05510204081633e+001
 3.88265746333046e-002    2.05306122448980e+001
 4.40034512510785e-002    2.04081632653061e+001
 4.74547023295945e-002    2.02857142857143e+001
 5.26315789473684e-002    2.01224489795918e+001
 5.69456427955134e-002    1.98775510204082e+001
 6.03968938740293e-002    1.97346938775510e+001
 6.47109577221743e-002    1.95510204081633e+001
 6.81622088006903e-002    1.93469387755102e+001
 7.16134598792062e-002    1.91224489795918e+001
 1.19922693810474e-001    1.89387755102041e+001
 1.22381902637801e-001    1.87959183673469e+001
 1.26485335300924e-001    1.86734693877551e+001
 1.28122851441316e-001    1.85306122448980e+001
 1.29757852195932e-001    1.83265306122449e+001
 1.34680462160213e-001    1.81428571428571e+001
 1.38777187127933e-001    1.78571428571429e+001
 1.45337313232606e-001    1.75306122448980e+001
 1.48617376284943e-001    1.73673469387755e+001
 1.54360002012309e-001    1.71428571428571e+001
 1.58462596213506e-001    1.70000000000000e+001
 1.59276742743112e-001    1.68163265306122e+001
 1.65841061157413e-001    1.65918367346939e+001
 1.69940301510908e-001    1.63673469387755e+001
 1.72393641104757e-001    1.60816326530612e+001
 1.77316251069039e-001    1.58979591836735e+001
 1.80595475659450e-001    1.57142857142857e+001
 1.83052169101001e-001    1.55102040816327e+001
 1.87154763302198e-001    1.53673469387755e+001
 1.92079050190331e-001    1.52244897959184e+001
 1.93713212483021e-001    1.50000000000000e+001
 2.00280046283098e-001    1.48367346938776e+001
 2.01915047037714e-001    1.46326530612245e+001
 2.06016802776986e-001    1.44693877551020e+001
 2.10116043130481e-001    1.42448979591837e+001
 2.15857830395922e-001    1.40000000000000e+001
 2.19956232287492e-001    1.37551020408163e+001
 2.25698019552932e-001    1.35102040816327e+001
 2.29798936830279e-001    1.33265306122449e+001
 2.35541562557644e-001    1.31020408163265e+001
 2.41285026746935e-001    1.28979591836735e+001
 2.45384267100431e-001    1.26734693877551e+001
 2.48664330152768e-001    1.25102040816327e+001
 2.54406955880133e-001    1.22857142857143e+001
 2.59327050458639e-001    1.20408163265306e+001
 2.64250498884846e-001    1.18775510204082e+001
 2.67530561937182e-001    1.17142857142857e+001
 2.73271510740697e-001    1.14489795918367e+001
 2.79836667616924e-001    1.12448979591837e+001
 2.82295876444251e-001    1.11020408163265e+001
 2.86398470645448e-001    1.09591836734694e+001
 2.93783643284758e-001    1.07142857142857e+001
 2.98703737863264e-001    1.04693877551020e+001
 3.04447202052555e-001    1.02653061224490e+001
 3.14295775828820e-001    9.97959183673469e+000
 3.18391662334613e-001    9.67346938775510e+000
 3.26597689198933e-001    9.40816326530612e+000
 3.33981184914393e-001    9.12244897959184e+000
 3.41363842167927e-001    8.81632653061225e+000
 3.51215769791894e-001    8.61224489795918e+000
 3.56960072443110e-001    8.42857142857143e+000
 3.61880167021616e-001    8.18367346938776e+000
 3.69266178122851e-001    7.95918367346939e+000
 3.76653866147938e-001    7.77551020408163e+000
 3.81576476112220e-001    7.59183673469388e+000
 3.85678231851492e-001    7.42857142857143e+000
 3.93063404490802e-001    7.18367346938775e+000
 3.99631076752805e-001    7.04081632653061e+000
 4.06196233629031e-001    6.83673469387755e+000
 4.13580567806416e-001    6.57142857142857e+000
 4.22609964281522e-001    6.34693877551020e+000
 4.29175959619674e-001    6.16326530612245e+000
 4.38203679170929e-001    5.89795918367347e+000
 4.46413898344876e-001    5.73469387755102e+000
 4.51337346771083e-001    5.57142857142857e+000
 4.62006774772358e-001    5.26530612244898e+000
 4.72677041235557e-001    4.97959183673469e+000
 4.78422182348700e-001    4.81632653061224e+000
 4.89916656884611e-001    4.59183673469388e+000
 4.98124360672782e-001    4.36734693877551e+000
 5.10442204819479e-001    4.18367346938776e+000
 5.19473278218436e-001    4.00000000000000e+000
 5.27683497392383e-001    3.83673469387755e+000
 5.37534586554425e-001    3.61224489795918e+000
 5.47389029564167e-001    3.46938775510204e+000
 5.57238441802358e-001    3.20408163265306e+000
 5.67094561735952e-001    3.10204081632653e+000
 5.76944812436067e-001    2.85714285714286e+000
 5.90082672345849e-001    2.63265306122449e+000
 6.05685610316436e-001    2.40816326530612e+000
 6.21288548287022e-001    2.18367346938776e+000
 6.40175741619573e-001    1.89795918367347e+000
 6.56598695353244e-001    1.63265306122449e+000
 6.69737393724951e-001    1.42857142857143e+000
 6.86163701306324e-001    1.24489795918367e+000
 7.05055086948502e-001    1.06122448979592e+000
 7.19018831854846e-001    9.38775510204082e-001
 7.33804269448124e-001    8.16326530612245e-001
 7.50233092415273e-001    6.93877551020408e-001
 7.69947009206312e-001    5.30612244897959e-001
 7.88841748696192e-001    4.28571428571429e-001
 8.01985477839451e-001    3.46938775510204e-001
 8.15950899669646e-001    2.65306122448980e-001
 8.27452920362886e-001    2.24489795918367e-001
 8.42240873341942e-001    1.63265306122449e-001
 8.61137289755672e-001    1.02040816326531e-001
 8.77570305032448e-001    8.16326530612245e-002
 8.92359934935355e-001    6.12244897959184e-002
 9.10437174047926e-001    6.12244897959184e-002
 9.28513574698573e-001    4.08163265306122e-002
 9.56451126054366e-001    4.08163265306122e-002
 9.80279375513558e-001    2.04081632653061e-002
 9.92606442741435e-001    6.12244897959184e-002
