Generated by GetData Graph Digitizer 2.22 on December 15 2023, 17:24
from file 'C:\Users\31425\Desktop\Blind Test 3\Fig_7a.jpg'

Line #1
 6.52560270970313e-001    4.76190476190476e-003
 1.08758716875872e+000    8.33333333333333e-003
 1.47224546722455e+000    1.66666666666667e-002
 1.90699342498506e+000    2.85714285714286e-002
 2.32476588961945e+000    4.76190476190476e-002
 2.72540346682606e+000    7.85714285714286e-002
 3.15947399880454e+000    1.10714285714286e-001
 3.55979278740785e+000    1.51190476190476e-001
 3.99298665072724e+000    2.09523809523810e-001
 4.39362422793385e+000    2.40476190476190e-001
 4.81143654114365e+000    2.58333333333333e-001
 5.29635385534967e+000    2.71428571428571e-001
 5.59764893405061e+000    2.70238095238095e-001
 5.98282526399681e+000    2.63095238095238e-001
 6.36812113966926e+000    2.52380952380952e-001
 6.75361625821877e+000    2.35714285714286e-001
 7.17282327156804e+000    2.11904761904762e-001
 7.55859733014545e+000    1.86904761904762e-001
 8.34684200039849e+000    1.38095238095238e-001
 8.73289499900378e+000    1.04761904761905e-001
 9.11914724048615e+000    6.54761904761905e-002
 9.48874277744571e+000    2.38095238095238e-002
