Generated by GetData Graph Digitizer 2.22 on December 15 2023, 17:23
from file 'C:\Users\31425\Desktop\Blind Test 3\Fig_7a.jpg'

Line #1
 9.20023909145248e-001    1.42857142857143e-002
 1.23773660091652e+000    2.26190476190476e-002
 1.53863319386332e+000    3.33333333333333e-002
 1.85618649133293e+000    4.64285714285714e-002
 2.15696353855350e+000    6.07142857142857e-002
 2.49097429766886e+000    8.21428571428571e-002
 2.82494520820881e+000    1.04761904761905e-001
 3.14190077704722e+000    1.35714285714286e-001
 3.37409842598127e+000    1.98809523809524e-001
 3.68639171149631e+000    3.69047619047619e-001
 3.85291890814903e+000    3.94047619047619e-001
 4.13608288503686e+000    4.34523809523810e-001
 4.40362622036262e+000    4.41666666666667e-001
 4.68814504881450e+000    4.41666666666667e-001
 4.93919107391911e+000    4.41666666666667e-001
 5.22363020522016e+000    4.44047619047619e-001
 5.49117354054593e+000    4.51190476190476e-001
 5.75887627017334e+000    4.53571428571429e-001
 6.04339509862522e+000    4.53571428571429e-001
 6.31125722255429e+000    4.51190476190476e-001
 6.57919904363419e+000    4.46428571428571e-001
 6.83056385734210e+000    4.36904761904762e-001
 7.11544132297270e+000    4.26190476190476e-001
 7.38374178123132e+000    4.10714285714286e-001
 7.65208208806535e+000    3.94047619047619e-001
 7.95397489539749e+000    3.75000000000000e-001
 8.18904164176131e+000    3.52380952380952e-001
 8.44084478979877e+000    3.29761904761905e-001
 8.96142657899980e+000    2.77380952380952e-001
 9.49922295277944e+000    2.10714285714286e-001
 1.05258418011556e+001    4.04761904761905e-002
