Generated by GetData Graph Digitizer 2.22 on December 15 2023, 17:28
from file 'C:\Users\31425\Desktop\Blind Test 3\Fig_7\Fig_7b.jpg'

Line #1
 7.74193548387097e-001    1.27358490566038e-001
 1.60368663594470e+000    1.91037735849057e-001
 2.45161290322581e+000    2.71226415094340e-001
 3.17050691244240e+000    3.44339622641509e-001
 3.55760368663594e+000    4.66981132075472e-001
 4.01843317972350e+000    5.68396226415094e-001
 4.44239631336406e+000    6.08490566037736e-001
 5.01382488479263e+000    6.39150943396226e-001
 5.67741935483871e+000    7.19339622641509e-001
 5.80645161290323e+000    7.21698113207547e-001
 6.43317972350230e+000    7.64150943396226e-001
 7.24423963133641e+000    8.11320754716981e-001
 7.96313364055300e+000    8.39622641509434e-001
 8.66359447004608e+000    8.53773584905660e-001
 9.36405529953917e+000    8.67924528301887e-001
 1.00645161290323e+001    8.70283018867924e-001
