Generated by GetData Graph Digitizer 2.22 on December 15 2023, 17:30
from file 'C:\Users\31425\Desktop\Blind Test 3\Fig_7\Fig_7b.jpg'

Line #1
 6.63594470046083e-001    1.55660377358491e-001
 1.06912442396313e+000    1.83962264150943e-001
 1.49308755760369e+000    2.14622641509434e-001
 1.88018433179723e+000    2.52358490566038e-001
 2.30414746543779e+000    2.90094339622642e-001
 2.70967741935484e+000    3.34905660377358e-001
 3.15207373271889e+000    3.86792452830189e-001
 3.57603686635945e+000    4.33962264150943e-001
 3.98156682027650e+000    4.90566037735849e-001
 4.38709677419355e+000    5.40094339622642e-001
 4.82949308755760e+000    5.91981132075472e-001
 5.27188940092166e+000    6.34433962264151e-001
 5.60368663594470e+000    6.69811320754717e-001
 6.00921658986175e+000    7.05188679245283e-001
 6.35944700460830e+000    7.31132075471698e-001
 6.76497695852535e+000    7.59433962264151e-001
 7.17050691244240e+000    7.83018867924528e-001
 7.53917050691244e+000    8.01886792452830e-001
 7.94470046082949e+000    8.27830188679245e-001
 8.33179723502304e+000    8.46698113207547e-001
 8.71889400921659e+000    8.67924528301887e-001
 9.10599078341014e+000    8.79716981132076e-001
 9.51152073732719e+000    8.91509433962264e-001
 9.86175115207373e+000    8.91509433962264e-001
