Generated by GetData Graph Digitizer 2.22 on March 26 2022, 12:51
from file 'C:\Users\Li Hang\Desktop\Lin\figs\turb_30_10d.jpg'

Line #1
 7.76961272734370e-002   -9.94436717663421e-001
 7.76992088552335e-002   -9.52712100139082e-001
 7.79973005343463e-002   -9.16550764951321e-001
 7.84433081396902e-002   -8.77607788595271e-001
 7.96276627434706e-002   -8.41446453407510e-001
 8.11084655160725e-002   -7.91376912378303e-001
 8.27365678985461e-002   -7.46870653685675e-001
 8.45129970848236e-002   -6.94019471488178e-001
 8.55498466399459e-002   -6.55076495132128e-001
 8.65877233890004e-002   -6.02225312934631e-001
 8.77718725539945e-002   -5.68845618915160e-001
 8.91037322064331e-002   -5.35465924895688e-001
 9.05837132238893e-002   -4.96522948539638e-001
 9.20643105577047e-002   -4.49235048678720e-001
 9.36928238177512e-002   -3.99165507649513e-001
 9.44336360816249e-002   -3.68567454798331e-001
 9.56194287569105e-002   -3.12934631432545e-001
 9.65087732633746e-002   -2.71210013908206e-001
 9.73983232086252e-002   -2.26703755215577e-001
 9.82884894702350e-002   -1.73852573018081e-001
 9.84413359273404e-002   -1.04311543810848e-001
 9.78531646817856e-002   -6.81502086230876e-002
 9.66753841191709e-002   -1.52990264255911e-002
 9.63832501648646e-002    2.92072322670376e-002
 9.57967224296013e-002    8.76216968011128e-002
 9.55047939140814e-002    1.34909596662031e-001
 9.44741075225520e-002    1.79415855354659e-001
 9.31465620846285e-002    2.04450625869263e-001
 9.21148484991670e-002    2.35048678720445e-001
 9.04920875251406e-002    2.62865090403338e-001
 8.85739055762250e-002    2.90681502086231e-001
 8.75413702356178e-002    3.10152990264256e-001
 8.56240100418479e-002    3.49095966620306e-001
 8.34108179956159e-002    3.82475660639777e-001
 8.17886733379489e-002    4.18636995827538e-001
 8.01671449966411e-002    4.63143254520167e-001
 7.94302360697095e-002    4.85396383866481e-001
 7.88412430690089e-002    5.10431154381085e-001
 7.88428865793004e-002    5.32684283727399e-001
 7.92878669907121e-002    5.57719054242003e-001
 8.01759788644577e-002    5.82753824756606e-001
 8.22472127092651e-002    6.27260083449235e-001
 8.29867923404203e-002    6.41168289290682e-001
 8.43176247989268e-002    6.60639777468707e-001
 8.66834578634777e-002    6.94019471488178e-001
 8.84578326618909e-002    7.19054242002782e-001
 9.11194975789039e-002    7.57997218358832e-001
 9.33390582275152e-002    8.10848400556328e-001
 9.57059184859983e-002    8.58136300417246e-001
 9.68908894061381e-002    9.02642559109875e-001
 9.73360752563363e-002    9.30458970792768e-001
 9.73391568381327e-002    9.72183588317107e-001
 9.64559754952616e-002    1.01390820584145e+000
 9.61611708367316e-002    1.02225312934631e+000
 9.42429888878160e-002    1.05006954102921e+000
 9.38002683030551e-002    1.05563282336579e+000
 9.29154434498925e-002    1.07510431154381e+000
 9.09972615009769e-002    1.10292072322670e+000
 9.01126420866007e-002    1.12517385257302e+000
 8.90801067459934e-002    1.14464534075104e+000
 8.83425815027026e-002    1.15855354659249e+000
 8.61298003340435e-002    1.19749652294854e+000
 8.53928914071119e-002    1.21974965229485e+000
 8.48032820900520e-002    1.23643949930459e+000
 8.39184572368894e-002    1.25591098748261e+000
 8.36238580171459e-002    1.26703755215577e+000
 8.27390331639833e-002    1.28650904033380e+000
 8.17073195785218e-002    1.31710709318498e+000
 8.15612526013686e-002    1.33936022253129e+000
 8.15618689177279e-002    1.34770514603616e+000
 8.12672696979845e-002    1.35883171070932e+000
 8.12687077694895e-002    1.37830319888734e+000
 8.12699404022081e-002    1.39499304589708e+000
