Generated by GetData Graph Digitizer 2.22 on March 26 2022, 12:47
from file 'C:\Users\Li Hang\Desktop\Lin\figs\turb_30_8d.jpg'

Line #1
 8.63501483679525e-002   -9.38973647711512e-001
 9.00593471810089e-002   -8.47434119278780e-001
 8.51632047477745e-002   -7.61442441054092e-001
 9.33234421364985e-002   -6.67128987517337e-001
 9.31750741839763e-002   -5.75589459084605e-001
 9.36201780415430e-002   -4.89597780859917e-001
 1.04451038575668e-001   -4.00832177531207e-001
 1.04302670623145e-001   -3.12066574202497e-001
 1.06528189910979e-001   -2.26074895977809e-001
 1.13798219584570e-001   -1.28987517337032e-001
 1.09198813056380e-001   -4.85436893203883e-002
 1.16765578635015e-001    4.57697642163661e-002
 1.09198813056380e-001    1.28987517337032e-001
 1.01483679525223e-001    2.17753120665742e-001
 1.03115727002967e-001    3.14840499306519e-001
 1.03115727002967e-001    3.92510402219140e-001
 1.06379821958457e-001    4.84049930651872e-001
 1.16172106824926e-001    5.81137309292649e-001
 1.17507418397626e-001    6.64355062413315e-001
 1.17210682492582e-001    7.47572815533980e-001
 1.11721068249258e-001    8.39112343966713e-001
 1.04896142433234e-001    9.36199722607490e-001
 9.22848664688427e-002    1.02496532593620e+000
 8.35311572700297e-002    1.11095700416089e+000
 8.42729970326410e-002    1.19417475728155e+000
 8.38278931750742e-002    1.29126213592233e+000
 8.72403560830861e-002    1.37725381414702e+000
