Generated by GetData Graph Digitizer 2.26.0.20 on May 27 2022, 17:37
from file 'Z:\CBL simulation\figure\inflow_turb.jpg'

Line #1
 9.13080247058124e-002    1.82645769877137e-002
 9.75912013012160e-002    3.30859029527733e-002
 9.66293389628098e-002    5.45538057506399e-002
 9.18013844333208e-002    6.92757032492574e-002
 8.64903372462277e-002    8.39932777710732e-002
 8.48030253632651e-002    1.01427843212836e-001
 7.94927887343225e-002    1.20172270625553e-001
 7.51476566763874e-002    1.33556206804005e-001
 7.22518025912643e-002    1.46953111912863e-001
 6.95972246488932e-002    1.59009894213155e-001
 6.62171971619657e-002    1.67033339157344e-001
 6.64633366536197e-002    1.89854333694182e-001
 6.64682000025217e-002    2.14015451039586e-001
 6.64722527932734e-002    2.34149715494089e-001
 6.18847638483860e-002    2.43504637293240e-001
 5.99548248924209e-002    2.55567904058735e-001
 5.75412529067516e-002    2.64942279253494e-001
 5.53705781801348e-002    2.81030237421488e-001
 5.29580869386660e-002    2.95773749804115e-001
 5.39277846725255e-002    3.13232091618288e-001
 5.22423640919137e-002    3.40062647138820e-001
 5.05534310926504e-002    3.49443506798782e-001
 4.93486714951916e-002    3.64197826623413e-001
 4.66957146691212e-002    3.84308314705506e-001
 4.59740477292664e-002    3.99066957506939e-001
 4.64614633636722e-002    4.20547829235211e-001
 4.23619304252909e-002    4.54068191356568e-001
 3.94698589448694e-002    4.86257076622963e-001
 3.68196039793001e-002    5.19790407674725e-001
 3.46527118573850e-002    5.54670346000256e-001
 3.22437330345676e-002    5.86863554243452e-001
 2.69364684521762e-002    6.20373108922804e-001
 2.79096786046872e-002    6.55281146597547e-001
 2.28474727697492e-002    7.06242558625870e-001
 1.99589137079793e-002    7.55881139752834e-001
 1.63454454737532e-002    8.04170952117628e-001
 1.39432213021887e-002    8.69921267784997e-001
 1.15374847119727e-002    9.18221887591796e-001
 1.03465046030697e-002    1.00143270656174e+000
 8.90479183966079e-003    1.03900369794641e+000
