Generated by GetData Graph Digitizer 2.26.0.20 on May 31 2022, 18:03
from file 'Z:\CBL simulation\figure\v_turb_2d_rsm.jpg'

Line #1
 1.14286100600139e-001    3.61010830324910e-003
 1.11079304556772e-001    3.61010830324910e-002
 1.05947503732763e-001    7.94223826714801e-002
 1.04025975781949e-001    1.22743682310469e-001
 1.01785352115941e-001    1.84115523465704e-001
 1.00829223913636e-001    2.49097472924188e-001
 1.00839268088690e-001    3.42960288808664e-001
 1.04377521908857e-001    4.07942238267148e-001
 1.08878471276557e-001    4.69314079422383e-001
 1.10810429716851e-001    5.23465703971119e-001
 1.11459051636718e-001    5.84837545126354e-001
 1.12427155586203e-001    6.31768953068592e-001
 1.12755522847601e-001    7.00361010830325e-001
 1.12763249136104e-001    7.72563176895307e-001
 1.14053925630610e-001    8.33935018050542e-001
 1.17593724708478e-001    9.13357400722022e-001
 1.24986623863028e-001    1.00000000000000e+000
 1.29166159628984e-001    1.05776173285199e+000
 1.30134263578469e-001    1.10469314079422e+000
 1.32704799763576e-001    1.12635379061372e+000
 1.42661281443580e-001    1.16967509025271e+000
 1.44269894710003e-001    1.20216606498195e+000
 1.41384898582806e-001    1.24187725631769e+000
 1.33042824885603e-001    1.28519855595668e+000
 1.25662674107083e-001    1.31768953068592e+000
 1.13788527620516e-001    1.35379061371841e+000
 1.06407604213145e-001    1.37906137184116e+000
 9.74219306836027e-002    1.40794223826715e+000
 8.90790843575495e-002    1.44404332129964e+000
 7.84909785923861e-002    1.49819494584838e+000
 6.75845497408796e-002    1.57761732851986e+000
 6.27776393484421e-002    1.65703971119134e+000
 6.02186925960909e-002    1.74368231046931e+000
 5.63775682665879e-002    1.84837545126354e+000
 5.15756799616776e-002    1.97472924187726e+000
 4.90194374103026e-002    2.08664259927798e+000
 4.51771541375241e-002    2.18050541516245e+000
 4.22956348401528e-002    2.25270758122744e+000
 3.65295057300087e-002    2.36823104693141e+000
 3.46149314388474e-002    2.47653429602888e+000
 3.26991982044106e-002    2.57400722021661e+000
 3.01429556530356e-002    2.68592057761733e+000
