Generated by GetData Graph Digitizer 2.26.0.20 on May 31 2022, 23:22
from file 'Z:\CBL simulation\figure\v_turb_2d_rsm.jpg'

Line #1
 1.15248796147673e-001    0.00000000000000e+000
 1.11400331844091e-001    3.61010830324910e-002
 1.06588399364126e-001    6.85920577617329e-002
 1.01777239513012e-001    1.08303249097473e-001
 9.98572568198983e-002    1.66064981949458e-001
 9.95451147643579e-002    2.49097472924188e-001
 1.01479391091203e-001    3.24909747292419e-001
 1.05335967997713e-001    3.64620938628159e-001
 1.12080245232397e-001    3.89891696750903e-001
 1.18823363523806e-001    4.04332129963899e-001
 1.23640318091298e-001    4.18772563176895e-001
 1.28457658973215e-001    4.36823104693141e-001
 1.34882840492705e-001    4.80144404332130e-001
 1.41951621844536e-001    5.37906137184116e-001
 1.43882807655979e-001    5.84837545126354e-001
 1.39715247637204e-001    6.38989169675090e-001
 1.33942551181832e-001    6.93140794223827e-001
 1.30093314249401e-001    7.22021660649819e-001
 1.27207931807778e-001    7.58122743682310e-001
 1.18865858110575e-001    8.01444043321300e-001
 1.19512162143891e-001    8.41155234657040e-001
 1.23049257020782e-001    8.95306859205776e-001
 1.31399829635339e-001    9.31407942238267e-001
 1.36539356747851e-001    9.60288808664260e-001
 1.41677724917087e-001    9.78339350180505e-001
 1.50348938504538e-001    1.01083032490975e+000
 1.56455796937686e-001    1.07942238267148e+000
 1.56464295855039e-001    1.15884476534296e+000
 1.53260590327073e-001    1.22021660649820e+000
 1.42673257190760e-001    1.28158844765343e+000
 1.33687969975643e-001    1.31407942238267e+000
 1.25022937418995e-001    1.33935018050542e+000
 1.16035718631752e-001    1.35379061371841e+000
 1.06729404129315e-001    1.38628158844765e+000
 9.61409120497264e-002    1.43682310469314e+000
 8.00941834568574e-002    1.48014440433213e+000
 7.07917320986724e-002    1.54873646209386e+000
 6.50217398442767e-002    1.62815884476534e+000
 6.05335388526075e-002    1.68592057761733e+000
 5.70130554959987e-002    1.78700361010830e+000
 5.44548813724979e-002    1.88086642599278e+000
 4.90082342919726e-002    1.98194945848375e+000
 4.61282602523020e-002    2.06859205776173e+000
 4.42105954457392e-002    2.14801444043321e+000
 4.16516486933880e-002    2.23465703971119e+000
 3.74894970765656e-002    2.33935018050542e+000
 3.65360730752367e-002    2.42960288808664e+000
 3.42989262390552e-002    2.52346570397112e+000
 3.14197248282349e-002    2.61732851985560e+000
 2.85416823606902e-002    2.72202166064982e+000
