Generated by GetData Graph Digitizer 2.26.0.20 on May 31 2022, 17:52
from file 'Z:\CBL simulation\figure\v_turb_3d_rsm.jpg'

Line #1
 1.20604969467866e-001    7.18993409227082e-002
 1.14316671635556e-001    1.47393648891552e-001
 1.19942708227805e-001    2.40862792091072e-001
 1.26376020431300e-001    3.14559616536848e-001
 1.27979765526331e-001    3.75674056321150e-001
 1.30389435466675e-001    4.29598562013182e-001
 1.32317364385512e-001    4.70940683043739e-001
 1.38272601932174e-001    4.97902935889754e-001
 1.35526012374946e-001    5.82384661473937e-001
 1.38743536826221e-001    6.11144397843020e-001
 1.37449117129738e-001    6.68663870581186e-001
 1.36315535062507e-001    7.27980826842421e-001
 1.33894866028140e-001    7.76512881965249e-001
 1.35498804089733e-001    8.35829838226483e-001
 1.40647151958273e-001    8.78969442780108e-001
 1.46277819748005e-001    9.29298981426004e-001
 1.51909066437422e-001    9.74236069502696e-001
 1.62048590909924e-001    1.02456560814859e+000
 1.63975747962514e-001    1.07309766327142e+000
 1.77335498418157e-001    1.12702216896345e+000
 1.86186971090715e-001    1.17555422408628e+000
 1.87791488051993e-001    1.22947872977831e+000
 1.76191496156589e-001    1.28340323547034e+000
 1.33507775105191e-001    1.38226482923907e+000
 8.92154847947174e-002    1.46494907130018e+000
 7.82569137507007e-002    1.54403834631516e+000
 6.34357310393468e-002    1.60335530257639e+000
 6.48757440066998e-002    1.68963451168364e+000
 5.81039684538265e-002    1.76872378669862e+000
 5.60028520457833e-002    1.84062312762133e+000
 5.32570343548018e-002    1.91791491911324e+000
 5.13076861476059e-002    2.07609346914320e+000
 5.24196559599170e-002    2.21809466746555e+000
 4.27392954211929e-002    2.39065308568005e+000
 3.99859520343017e-002    2.53804673457160e+000
