Generated by GetData Graph Digitizer 2.26.0.20 on May 31 2022, 17:55
from file 'Z:\CBL simulation\figure\v_turb_5d_rsm.jpg'

Line #1
 1.14170040485830e-001    6.29589998708158e-002
 1.10931174089069e-001    1.44293837915309e-001
 1.10769230769231e-001    2.11123975362386e-001
 1.12550607287449e-001    3.01398845142310e-001
 1.17246963562753e-001    3.73559657491341e-001
 1.21781376518219e-001    4.54754099159815e-001
 1.20971659919028e-001    5.30626640699837e-001
 1.17732793522267e-001    5.99318492591410e-001
 1.22591093117409e-001    6.84119366168861e-001
 1.22267206477733e-001    7.52758569419427e-001
 1.19676113360324e-001    8.39500130402884e-001
 1.20485829959514e-001    9.15343422697902e-001
 1.26315789473684e-001    9.92902183212396e-001
 1.31983805668016e-001    1.06865772777240e+000
 1.37489878542510e-001    1.14622233813590e+000
 1.37651821862348e-001    1.21304662573397e+000
 1.25020242914980e-001    1.29816339115747e+000
 1.21295546558704e-001    1.36686401782254e+000
 1.03157894736842e-001    1.45388637155803e+000
 9.50607287449393e-002    1.54253352085349e+000
 8.25910931174089e-002    1.60597367080462e+000
 8.09716599190283e-002    1.68908540048310e+000
 6.83400809716599e-002    1.77420216590659e+000
 6.31578947368421e-002    1.91878703380969e+000
 5.29554655870445e-002    2.07791170140421e+000
 4.84210526315789e-002    2.22609715136728e+000
 4.53441295546559e-002    2.38328698140479e+000
 3.91902834008097e-002    2.54233852588680e+000
