Generated by GetData Graph Digitizer 2.26.0.20 on May 31 2022, 17:56
from file 'Z:\CBL simulation\figure\v_turb_5d_rsm.jpg'

Line #1
 1.13684210526316e-001   -2.47156120282645e-004
 1.12388663967611e-001    4.31236243714459e-002
 1.10769230769231e-001    7.20511276802668e-002
 1.09635627530364e-001    1.11806701489518e-001
 1.07530364372470e-001    1.89508783304531e-001
 1.07206477732794e-001    2.61760268313074e-001
 1.08502024291498e-001    3.52043912866499e-001
 1.09149797570850e-001    4.00798016901189e-001
 1.09635627530364e-001    4.60391891134310e-001
 1.10931174089069e-001    5.23583422502907e-001
 1.12874493927126e-001    5.68701845383616e-001
 1.14979757085020e-001    6.21041906855779e-001
 1.16599190283401e-001    6.95064433649306e-001
 1.17408906882591e-001    7.49234035396461e-001
 1.18056680161943e-001    8.16049548221036e-001
 1.18866396761134e-001    8.75637572605157e-001
 1.20971659919028e-001    9.38814479351252e-001
 1.23400809716599e-001    1.00198553624835e+000
 1.23400809716599e-001    1.05075133998104e+000
 1.23400809716599e-001    1.11396627074564e+000
 1.23076923076923e-001    1.17718705135924e+000
 1.21781376518219e-001    1.21875169097198e+000
 1.20485829959514e-001    1.25851018970573e+000
 1.16113360323887e-001    1.32722251606880e+000
 1.09311740890688e-001    1.38875415278343e+000
 1.04291497975709e-001    1.43399834741766e+000
 9.82995951417004e-002    1.49912764126776e+000
 9.23076923076923e-002    1.55161394896494e+000
 8.24291497975709e-002    1.61681344100305e+000
 7.75708502024292e-002    1.67830997862368e+000
 7.12550607287449e-002    1.73260827704885e+000
 6.78542510121457e-002    1.77421094068009e+000
 6.38056680161943e-002    1.84291741719417e+000
 5.89473684210526e-002    1.93331220887861e+000
 5.48987854251012e-002    2.00924324890864e+000
 4.97165991902834e-002    2.08700090428916e+000
 4.45344129554656e-002    2.18101382758058e+000
 3.78947368421053e-002    2.34910485123103e+000
 3.27125506072874e-002    2.44673005628042e+000
 3.02834008097166e-002    2.56417308728218e+000
 2.81781376518219e-002    2.66896728228203e+000
 2.57489878542510e-002    2.78641031328379e+000
