Generated by GetData Graph Digitizer 2.26.0.20 on May 31 2022, 18:04
from file 'Z:\CBL simulation\figure\v_turb_5d_rsm.jpg'

Line #1
 1.14979757085020e-001    3.34172624169139e-003
 1.14008097165992e-001    5.21250795213849e-002
 1.10769230769231e-001    1.06367804381049e-001
 1.10121457489879e-001    1.65982153085673e-001
 1.10121457489879e-001    2.34615506487239e-001
 1.10121457489879e-001    3.14085705162735e-001
 1.10121457489879e-001    3.86331340322278e-001
 1.11255060728745e-001    4.49525796615375e-001
 1.13684210526316e-001    5.18115276149434e-001
 1.14493927125506e-001    5.93958568444452e-001
 1.14817813765182e-001    6.66198353754994e-001
 1.14493927125506e-001    7.31225275247583e-001
 1.13360323886640e-001    8.21552793668513e-001
 1.12550607287449e-001    8.82976208176626e-001
 1.14170040485830e-001    9.55192594091165e-001
 1.15303643724696e-001    9.93101078078422e-001
 1.16113360323887e-001    1.07436279301041e+000
 1.16113360323887e-001    1.13577158289602e+000
 1.14008097165992e-001    1.17373856537328e+000
 1.10445344129555e-001    1.22618099920296e+000
 1.07206477732794e-001    1.27139301966768e+000
 1.04453441295547e-001    1.30937170184295e+000
 9.87854251012146e-002    1.37268900496506e+000
 9.31174089068826e-002    1.46129228039301e+000
 8.74493927125506e-002    1.50835431560423e+000
 8.24291497975709e-002    1.58791518693924e+000
 7.67611336032389e-002    1.64220178566641e+000
 7.07692307692308e-002    1.71997406566943e+000
 6.63967611336033e-002    1.78688025115352e+000
 6.21862348178138e-002    1.86823263874501e+000
 5.48987854251012e-002    2.00021254451369e+000
 4.92307692307692e-002    2.10326494697356e+000
 4.35627530364373e-002    2.20451120855443e+000
 3.96761133603239e-002    2.30391915508681e+000
 3.54655870445344e-002    2.39430224707325e+000
 3.30364372469636e-002    2.47381631961625e+000
 3.06072874493927e-002    2.57500408270712e+000
 2.86639676113360e-002    2.66354008487156e+000
 2.62348178137652e-002    2.78278925675231e+000
