Generated by GetData Graph Digitizer 2.26.0.20 on May 31 2022, 17:59
from file 'Z:\CBL simulation\figure\v_turb_10d_rsm.jpg'

Line #1
 9.80472961013329e-002    6.40526837736984e-002
 1.12058250873496e-001    1.43300931325363e-001
 1.08971420119634e-001    2.26311335691753e-001
 1.11209122672596e-001    3.02057838675341e-001
 1.07640359533780e-001    3.77856715071662e-001
 1.02456749502331e-001    4.60886032059318e-001
 1.03566871876690e-001    5.31230799446200e-001
 1.00317780531154e-001    6.17850604840176e-001
 9.91678931582380e-002    6.95431632086474e-001
 1.01405595711199e-001    7.71178135070062e-001
 1.04287976179796e-001    8.48722791890850e-001
 1.00720667858000e-001    9.19109748971323e-001
 9.98972414244598e-002    9.82256081741319e-001
 1.03904777376625e-001    1.07422233968523e+000
 9.98497174017938e-002    1.15904544605902e+000
 9.57980520000097e-002    1.23124074069584e+000
 9.36818751621515e-002    1.30341857752841e+000
 1.00917165143554e-001    1.38813984671078e+000
 8.88009640587455e-002    1.46040788219862e+000
 9.03896242450106e-002    1.55059198929255e+000
 8.50500578289766e-002    1.61377905693911e+000
 8.01943635539240e-002    1.67696176013462e+000
 8.17791442281347e-002    1.78157765207081e+000
 7.25719952572965e-002    1.83217182358889e+000
 6.72280643902013e-002    1.91159464918300e+000
 5.50876163550530e-002    2.07406133993497e+000
 4.79491201994069e-002    2.22926703893818e+000
 4.41986989086448e-002    2.38083424057339e+000
 4.12537613081715e-002    2.53600211433407e+000
