Generated by GetData Graph Digitizer 2.26.0.20 on May 31 2022, 18:00
from file 'Z:\CBL simulation\figure\v_turb_10d_rsm.jpg'

Line #1
 9.77358682711682e-002    2.25642119862374e-002
 9.80463262233193e-002    6.76606299842637e-002
 1.00454533331070e-001    1.09130189150460e-001
 1.00931131386950e-001    1.36185421278639e-001
 1.00758202137126e-001    1.79482230622443e-001
 1.00424467112649e-001    2.20976521677986e-001
 1.00089762210158e-001    2.66078758944094e-001
 9.95826129968503e-002    3.52673832448724e-001
 9.95646702535989e-002    4.19420837344183e-001
 9.92285105340876e-002    4.69934993926139e-001
 9.90507318941960e-002    5.31271534322771e-001
 9.75768082769390e-002    6.14267390518958e-001
 9.75564408386535e-002    6.90034260940830e-001
 9.81904500961392e-002    7.31519823094250e-001
 9.91426763298846e-002    7.89238233561174e-001
 1.01381348760860e-001    8.61376790334196e-001
 1.01364375895622e-001    9.24515849019090e-001
 1.00541919340095e-001    9.84054235578520e-001
 9.89125242772590e-002    1.04540386932834e+000
 9.66360266037539e-002    1.11397521476736e+000
 9.41996930336087e-002    1.17713609570756e+000
 9.20810915007165e-002    1.25833379806655e+000
 8.93100530280804e-002    1.36659691627286e+000
 8.75203371295975e-002    1.42434005862913e+000
 8.63752991467498e-002    1.48388135482260e+000
 8.42528181018033e-002    1.57951084202384e+000
 8.19782601843253e-002    1.64086629504174e+000
 7.98654779195147e-002    1.70041632013733e+000
 7.61402734571059e-002    1.75817692029785e+000
 7.37112139720627e-002    1.79427820465881e+000
 7.09571483646644e-002    1.83940226418022e+000
 6.44832126239322e-002    1.92244321970404e+000
 6.01143001239019e-002    1.97479771981679e+000
 5.60626347221178e-002    2.04699301445361e+000
 5.10427400993640e-002    2.12100101109783e+000
 4.63439720869108e-002    2.20041801742386e+000
 4.37434381690643e-002    2.27440419181278e+000
 4.09835532935845e-002    2.34117592859758e+000
 3.72408910269311e-002    2.46387956054827e+000
 3.39922846204019e-002    2.54869539283697e+000
 3.09093333785943e-002    2.61727401236110e+000
 2.79905824844880e-002    2.67502733843651e+000
 2.52195440118519e-002    2.78329045664282e+000
 2.35848146199412e-002    2.86448379455074e+000
