Generated by GetData Graph Digitizer 2.26.0.20 on May 31 2022, 18:14
from file 'Z:\CBL simulation\figure\v_vel_5d_rsm.jpg'

Line #1
 6.19187743562822e-001   -1.57190962567592e-003
 6.45472068579839e-001    1.55594101995477e-002
 6.77981488393818e-001    3.64949176585500e-002
 6.99425729016753e-001    5.36611688087886e-002
 7.27093999862936e-001    7.27070579241212e-002
 7.47151100935561e-001    8.21850907781967e-002
 7.83829391416475e-001    1.39657100806481e-001
 7.94234002617521e-001    1.99243287696389e-001
 8.01189927269655e-001    2.74250822882214e-001
 8.04695036225447e-001    3.60830607026586e-001
 8.04749329484899e-001    4.58982640129505e-001
 8.03416483194040e-001    5.49446454936262e-001
 8.02781464973196e-001    6.51452577565839e-001
 8.06966304245853e-001    7.16857325165391e-001
 8.15291270695147e-001    7.66835734279739e-001
 8.31235923507717e-001    8.41778397004822e-001
 8.43022351390500e-001    8.99430053847469e-001
 8.62410367883408e-001    9.49328619933211e-001
 8.89423393608166e-001    1.03381418797311e+000
 9.10204937093674e-001    1.10294827036712e+000
 9.41369800305932e-001    1.19317754627735e+000
 9.65607482356354e-001    1.26036212805624e+000
 9.93315142429983e-001    1.35061635491291e+000
 1.00233900152301e+000    1.41406162151876e+000
 1.01620826787868e+000    1.48709470514302e+000
 1.03215824355983e+000    1.57166011621153e+000
 1.04049598489370e+000    1.64473312135009e+000
 1.05298662828878e+000    1.72547438402767e+000
 1.05925324146062e+000    1.80433600874015e+000
 1.07866680772268e+000    1.90042376687433e+000
 1.08423772197194e+000    1.97159218310136e+000
 1.09120216321379e+000    2.06199611563666e+000
 1.09747622840163e+000    2.15432958802993e+000
 1.10306417583032e+000    2.25629079895592e+000
 1.11211571383992e+000    2.36977435694757e+000
 1.11493470503656e+000    2.46598187962466e+000
 1.11706544932662e+000    2.56796804149708e+000
 1.11717510041924e+000    2.76619665737161e+000
