Generated by GetData Graph Digitizer 2.26.0.20 on May 31 2022, 23:27
from file 'Z:\CBL simulation\figure\v_vel_2d_rsm.jpg'

Line #1
 6.50342702300622e-001   -7.70416024653313e-003
 6.87600021252856e-001    2.11864406779661e-002
 7.10378832155571e-001    5.77812018489985e-002
 7.36615482705488e-001    1.11710323574730e-001
 7.41478136124542e-001    1.75269645608629e-001
 7.50469156792944e-001    2.21494607087827e-001
 7.63602359067000e-001    2.75423728813559e-001
 7.76028903883959e-001    2.98536209553159e-001
 8.03632113065193e-001    3.29352850539291e-001
 8.20893682588598e-001    3.65947611710324e-001
 7.91268264172998e-001    4.19876733436055e-001
 7.56803570479783e-001    4.52619414483821e-001
 7.14074703788322e-001    5.06548536209553e-001
 6.84449285372722e-001    5.60477657935285e-001
 6.52060995696297e-001    6.06702619414484e-001
 6.16236119228521e-001    6.74114021571649e-001
 5.90056851389405e-001    7.24191063174114e-001
 5.78363530099357e-001    7.80046224961479e-001
 5.84608681791616e-001    8.49383667180277e-001
 6.05995430635992e-001    8.62865947611710e-001
 6.38414536953403e-001    8.72496147919877e-001
 6.61178470857021e-001    8.82126348228043e-001
 6.93602890388396e-001    9.01386748844376e-001
 7.24642686360980e-001    9.11016949152542e-001
 7.61205036926837e-001    9.30277349768875e-001
 7.83284628872005e-001    9.49537750385208e-001
 8.05372721959513e-001    9.84206471494607e-001
 8.15735614473195e-001    1.01694915254237e+000
 8.30248127092078e-001    1.07087827426810e+000
 8.13028000637586e-001    1.10939907550077e+000
 7.82016896020403e-001    1.15177195685670e+000
 7.61343180489878e-001    1.18066255778120e+000
 7.44136868391690e-001    1.24422187981510e+000
 7.44163434461506e-001    1.29237288135593e+000
 7.62805376972531e-001    1.33089368258860e+000
 7.81433505127251e-001    1.34437596302003e+000
 8.04195313745284e-001    1.35015408320493e+000
 8.31786833855799e-001    1.35978428351310e+000
 8.66282344190001e-001    1.38289676425270e+000
 8.89049466021997e-001    1.39830508474576e+000
 9.16637798204134e-001    1.40215716486903e+000
 9.71829339567504e-001    1.43682588597843e+000
 1.00219010679560e+000    1.46571648690293e+000
 1.04083204930663e+000    1.50423728813559e+000
 1.05811805961426e+000    1.58513097072419e+000
 1.07125870038786e+000    1.65254237288136e+000
 1.08027522448329e+000    1.74499229583975e+000
 1.08860634397747e+000    1.84514637904468e+000
 1.09629031401095e+000    2.02234206471495e+000
 1.10601243292067e+000    2.14368258859784e+000
 1.10678178630253e+000    2.28813559322034e+000
 1.11650284256947e+000    2.40755007704160e+000
 1.11726794538016e+000    2.54429892141757e+000
 1.11735508208916e+000    2.70223420647149e+000
