Generated by GetData Graph Digitizer 2.26.0.20 on May 27 2022, 22:41
from file 'Z:\CBL simulation\figure\v_vel_5d_rsm.jpg'

Line #1
 6.23722943722944e-001    5.76923076923077e-003
 6.33419913419913e-001    1.53846153846154e-002
 6.45887445887446e-001    2.11538461538462e-002
 6.61125541125541e-001    3.07692307692308e-002
 6.72207792207792e-001    3.84615384615385e-002
 6.92294372294372e-001    4.42307692307692e-002
 7.06147186147186e-001    5.38461538461538e-002
 7.26926406926407e-001    6.34615384615385e-002
 7.37316017316017e-001    6.92307692307692e-002
 7.49783549783550e-001    7.30769230769231e-002
 7.60173160173160e-001    8.26923076923077e-002
 7.69177489177489e-001    9.23076923076923e-002
 7.83030303030303e-001    1.26923076923077e-001
 7.91341991341991e-001    1.59615384615385e-001
 7.98268398268398e-001    1.92307692307692e-001
 8.06580086580087e-001    2.30769230769231e-001
 8.15584415584416e-001    2.90384615384615e-001
 8.19047619047619e-001    3.13461538461538e-001
 8.22510822510822e-001    3.48076923076923e-001
 8.24588744588745e-001    3.67307692307692e-001
 8.28051948051948e-001    3.94230769230769e-001
 8.30822510822511e-001    4.23076923076923e-001
 8.34285714285714e-001    4.48076923076923e-001
 8.36363636363636e-001    4.86538461538462e-001
 8.38441558441558e-001    5.19230769230769e-001
 8.44675324675325e-001    5.53846153846154e-001
 8.48138528138528e-001    5.86538461538462e-001
 8.55064935064935e-001    6.30769230769231e-001
 8.58528138528138e-001    6.59615384615385e-001
 8.62683982683983e-001    6.84615384615385e-001
 8.73073593073593e-001    7.21153846153846e-001
 8.79307359307359e-001    7.71153846153846e-001
 8.84848484848485e-001    8.23076923076923e-001
 8.89696969696970e-001    8.57692307692308e-001
 8.95238095238095e-001    8.76923076923077e-001
 9.05627705627706e-001    9.32692307692308e-001
 9.11168831168831e-001    9.48076923076923e-001
 9.17402597402597e-001    9.63461538461538e-001
 9.28484848484848e-001    9.92307692307692e-001
 9.35411255411255e-001    1.03076923076923e+000
 9.40259740259740e-001    1.05961538461538e+000
 9.47186147186147e-001    1.08653846153846e+000
 9.52727272727273e-001    1.11153846153846e+000
 9.58961038961039e-001    1.13461538461538e+000
 9.65887445887446e-001    1.15576923076923e+000
 9.76969696969697e-001    1.19423076923077e+000
 9.83203463203463e-001    1.22115384615385e+000
 9.92207792207792e-001    1.25192307692308e+000
 1.00121212121212e+000    1.29423076923077e+000
 1.00744588744589e+000    1.32884615384615e+000
 1.01645021645022e+000    1.36730769230769e+000
 1.02337662337662e+000    1.40384615384615e+000
 1.02891774891775e+000    1.44230769230769e+000
 1.03376623376623e+000    1.48076923076923e+000
 1.03861471861472e+000    1.52115384615385e+000
 1.04415584415584e+000    1.55769230769231e+000
 1.04969696969697e+000    1.60576923076923e+000
 1.05454545454545e+000    1.65576923076923e+000
 1.06008658008658e+000    1.70769230769231e+000
 1.06701298701299e+000    1.75000000000000e+000
 1.07324675324675e+000    1.80961538461538e+000
 1.07670995670996e+000    1.84807692307692e+000
 1.07740259740260e+000    1.88076923076923e+000
 1.07878787878788e+000    1.90961538461538e+000
 1.08225108225108e+000    1.97115384615385e+000
 1.08363636363636e+000    2.01153846153846e+000
 1.08571428571429e+000    2.05961538461538e+000
 1.08917748917749e+000    2.09807692307692e+000
 1.09056277056277e+000    2.13653846153846e+000
 1.09471861471861e+000    2.18269230769231e+000
 1.09818181818182e+000    2.23269230769231e+000
 1.10164502164502e+000    2.27884615384615e+000
 1.10303030303030e+000    2.31923076923077e+000
 1.10441558441558e+000    2.35769230769231e+000
 1.10441558441558e+000    2.40576923076923e+000
 1.10441558441558e+000    2.44423076923077e+000
 1.10510822510822e+000    2.49038461538462e+000
 1.10787878787879e+000    2.54423076923077e+000
 1.10857142857143e+000    2.57692307692308e+000
 1.10995670995671e+000    2.62500000000000e+000
 1.10995670995671e+000    2.67307692307692e+000
 1.11134199134199e+000    2.70384615384615e+000
 1.11134199134199e+000    2.75192307692308e+000
 1.11203463203463e+000    2.78461538461538e+000
