Generated by GetData Graph Digitizer 2.26.0.20 on May 27 2022, 20:22
from file 'Z:\CBL simulation\figure\v_vel_10d_rsm.jpg'

Line #1
 5.87265460698175e-001    3.85208012326656e-003
 5.99668495686466e-001    2.31124807395994e-002
 6.12757877205498e-001    3.85208012326656e-002
 6.26529362000058e-001    4.23728813559322e-002
 6.44432716558508e-001    4.81510015408320e-002
 6.58207383794478e-001    5.77812018489985e-002
 6.80241547303013e-001    6.35593220338983e-002
 6.99522898991962e-001    7.12634822804314e-002
 7.16737785392064e-001    7.70416024653313e-002
 7.33952671792165e-001    8.28197226502311e-002
 7.47043114125001e-001    1.00154083204931e-001
 7.64957076821484e-001    1.25192604006163e-001
 7.78745534636897e-001    1.59861325115562e-001
 7.97359634443563e-001    2.06086286594761e-001
 8.11142788189960e-001    2.31124807395994e-001
 8.24935489260586e-001    2.73497688751926e-001
 8.36661725042366e-001    3.13944530046225e-001
 8.47705857548618e-001    3.65947611710324e-001
 8.57381540248602e-001    4.33359013867488e-001
 8.66366633162631e-001    4.96918335901387e-001
 8.73282078346403e-001    5.52773497688752e-001
 8.81575520660675e-001    6.10554699537750e-001
 8.88486722589234e-001    6.58705701078582e-001
 8.96087453489945e-001    7.08782742681048e-001
 9.02303822377337e-001    7.45377503852080e-001
 9.09904553278047e-001    7.95454545454545e-001
 9.16812572765197e-001    8.37827426810478e-001
 9.25102832638058e-001    8.89830508474576e-001
 9.30637098249922e-001    9.37981510015408e-001
 9.40307476880889e-001    9.95762711864407e-001
 9.50662080414990e-001    1.04583975346687e+000
 9.56198467654461e-001    1.09784283513097e+000
 9.66559436071382e-001    1.15947611710324e+000
 9.73471698813745e-001    1.20955315870570e+000
 9.80382900742305e-001    1.25770416024653e+000
 9.85917166354169e-001    1.30585516178737e+000
 9.92134596055364e-001    1.34437596302003e+000
 1.00249026040327e+000    1.39637904468413e+000
 1.00665289376745e+000    1.45416024653313e+000
 1.01356197406841e+000    1.49845916795069e+000
 1.01977834295580e+000    1.53505392912173e+000
 1.02532109507809e+000    1.59861325115562e+000
 1.03016689253161e+000    1.64676425269646e+000
 1.03432103938536e+000    1.68913713405239e+000
 1.04123330212773e+000    1.73921417565485e+000
 1.04952674444200e+000    1.79699537750385e+000
 1.06126995324463e+000    1.86825885978428e+000
 1.07025186371725e+000    1.92604006163328e+000
 1.07234060609597e+000    1.96841294298921e+000
 1.07581795374321e+000    2.03197226502311e+000
 1.07721292389457e+000    2.06471494607088e+000
 1.07930060545948e+000    2.10516178736518e+000
 1.08277477066532e+000    2.16294298921418e+000
 1.08555728527140e+000    2.21494607087827e+000
 1.08765239253293e+000    2.26887519260401e+000
 1.08974856060827e+000    2.32473035439137e+000
 1.09459223643418e+000    2.36902927580894e+000
 1.09600099716498e+000    2.42681047765794e+000
 1.09810353012313e+000    2.49422187981510e+000
 1.10157981695658e+000    2.55585516178737e+000
 1.10298115199075e+000    2.60015408320493e+000
 1.10301085477724e+000    2.65408320493066e+000
 1.10372796490828e+000    2.70608628659476e+000
 1.10375236362576e+000    2.75038520801233e+000
 1.10516855005317e+000    2.82164869029276e+000
 1.10656988508734e+000    2.86594761171032e+000
