Generated by GetData Graph Digitizer 2.26.0.20 on May 27 2022, 17:43
from file 'Z:\CBL simulation\figure\v_vel_3d.jpg'

Line #1
 6.97333333333333e-001    6.93606755126659e-002
 7.85333333333333e-001    1.41737032569361e-001
 8.06666666666667e-001    2.14113389626056e-001
 8.26666666666667e-001    3.19662243667069e-001
 8.14666666666667e-001    3.73944511459590e-001
 7.90666666666667e-001    4.19179734620024e-001
 7.66666666666667e-001    4.64414957780458e-001
 7.45333333333333e-001    5.15681544028951e-001
 7.29333333333333e-001    5.66948130277443e-001
 7.08000000000000e-001    6.18214716525935e-001
 7.00000000000000e-001    6.57418576598311e-001
 6.86666666666667e-001    7.14716525934861e-001
 6.76000000000000e-001    7.75030156815440e-001
 6.76000000000000e-001    8.20265379975875e-001
 6.76000000000000e-001    8.53437876960193e-001
 6.82666666666667e-001    8.86610373944511e-001
 6.88000000000000e-001    9.22798552472859e-001
 7.08000000000000e-001    9.68033775633293e-001
 7.37333333333333e-001    1.01930036188179e+000
 7.72000000000000e-001    1.07659831121834e+000
 8.17333333333333e-001    1.11881785283474e+000
 8.65333333333333e-001    1.17310012062726e+000
 9.06666666666667e-001    1.22135102533173e+000
 9.52000000000000e-001    1.26960193003619e+000
 1.02400000000000e+000    1.37213510253317e+000
 1.07066666666667e+000    1.44752714113390e+000
 1.08266666666667e+000    1.52895054282268e+000
 1.09466666666667e+000    1.60735826296743e+000
 1.09066666666667e+000    1.68576598311218e+000
 1.10800000000000e+000    1.76718938480097e+000
 1.11066666666667e+000    1.84559710494572e+000
 1.11866666666667e+000    1.92702050663450e+000
 1.11866666666667e+000    2.07780458383595e+000
 1.12533333333333e+000    2.23160434258142e+000
 1.14000000000000e+000    2.37937273823884e+000
 1.14000000000000e+000    2.53618817852835e+000
