 9.69242900254720e-002    6.18318079047065e-002
 8.86593154355212e-002    1.27145198512139e-001
 8.89887584786172e-002    1.90276063362053e-001
 8.85080523641048e-002    2.61567317708871e-001
 8.42974565180595e-002    3.30885216484262e-001
 8.44649027565053e-002    3.96055490648579e-001
 8.20377579708290e-002    4.61269800641547e-001
 8.00970990021757e-002    5.26475853916643e-001
 8.04268723139865e-002    5.93680032916782e-001
 8.09189726991624e-002    6.62918116752743e-001
 8.40054989741028e-002    7.30075507684940e-001
 8.51460819809517e-002    7.97265925488626e-001
 8.43405565853518e-002    8.62452713088687e-001
 8.62922795559537e-002    9.33702683846144e-001
 8.58107477696541e-002    9.94810652817399e-001
 8.79244675449062e-002    1.06402121426045e+000
 8.85787298690897e-002    1.13325654585712e+000
 9.15030942050226e-002    1.20041668902861e+000
 9.05354068704149e-002    1.26560622886796e+000
 9.00540402184728e-002    1.32875085491433e+000
 9.11951186283940e-002    1.40205124394335e+000
 8.92541293910258e-002    1.46318398306822e+000
 8.55298542276460e-002    1.53045696805063e+000
 8.40760113447304e-002    1.59972807875808e+000
 7.82436309742514e-002    1.66703684285127e+000
 7.58164861885752e-002    1.73225115284423e+000
 7.07949155131344e-002    1.79954615574096e+000
 6.75569610324200e-002    1.86477422693039e+000
 6.51301465154586e-002    1.93406185107358e+000
 6.17300300957366e-002    1.99929267450229e+000
