 9.39161246360652e-002    6.96469746088776e-002
 8.45030869933304e-002    1.32400008259514e-001
 8.33718639658056e-002    1.99503052578689e-001
 7.81809246525842e-002    2.64433844734904e-001
 7.80241590782382e-002    3.33604520707290e-001
 8.01405769270478e-002    4.00817691878833e-001
 8.56671828862871e-002    4.70181089842863e-001
 8.68088129013607e-002    5.31257442166195e-001
 8.97376365400896e-002    6.04601925843331e-001
 9.26659646079828e-002    6.71842628727966e-001
 9.33209440624419e-002    7.39006242815944e-001
 9.81978566561358e-002    8.06313021812000e-001
 1.00314109314667e-001    8.71491599386043e-001
 1.03404819426377e-001    9.38737808613296e-001
 1.03897582027298e-001    1.00793050995616e+000
 1.07962254021351e-001    1.07114057004412e+000
 1.14138057775300e-001    1.13645680618362e+000
 1.15280348551488e-001    1.20567153289696e+000
 1.12363418612815e-001    1.27881778823983e+000
 1.12855520452621e-001    1.33987211519269e+000
 1.11562245761837e-001    1.41103884036424e+000
 1.09293852856759e-001    1.47199955949259e+000
 9.53346135579921e-002    1.54070219634241e+000
 9.07930372297590e-002    1.60362042027160e+000
 7.73212744429990e-002    1.67640876334428e+000
 7.45659005967499e-002    1.73938755704227e+000
 7.16484750872411e-002    1.80643003159264e+000
 6.36975365999711e-002    1.87737099671684e+000
 5.99678704908216e-002    1.94031675235912e+000
 5.38026389146999e-002    2.00521450645963e+000
