 3.40418679549114e+003    2.62603439792449e+003
 3.13365539452496e+003    2.30358740382895e+003
 2.86956521739130e+003    1.97418478260870e+003
 2.60547504025765e+003    1.65867105027733e+003
 2.34138486312399e+003    1.33274065127930e+003
 2.07729468599034e+003    1.01722691894793e+003
 1.80032206119163e+003    6.87846663088209e+002
 3.13043478260870e+003    2.78275966183575e+003
 2.86956521739130e+003    2.48112922705314e+003
 2.60547504025765e+003    2.15172660583289e+003
 2.33816425120773e+003    1.81538513150832e+003
 2.07407407407407e+003    1.50334362139918e+003
 1.80354267310789e+003    1.17395218285919e+003
 1.54267310789050e+003    8.61905081409912e+002
 1.27536231884058e+003    5.32508051529791e+002
 2.86956521739130e+003    2.95682367149758e+003
 2.60225442834138e+003    2.63784330828413e+003
 2.34460547504026e+003    2.30842950438361e+003
 2.07407407407407e+003    1.98945473251029e+003
 1.80354267310789e+003    1.66006329397030e+003
 1.53945249597424e+003    1.35149400608338e+003
 1.27214170692432e+003    1.01862475398103e+003
 1.01449275362319e+003    7.03099838969404e+002
 2.60547504025765e+003    3.12047660583289e+003
 2.34460547504026e+003    2.79454061549472e+003
 2.08051529790660e+003    2.47902688316336e+003
 1.80354267310789e+003    2.14270218285919e+003
 1.27214170692432e+003    1.50473586509215e+003
 1.01771336553945e+003    1.18920535874038e+003
 7.47181964573269e+002    8.59813920200394e+002
 2.32850241545894e+003    3.26331857219538e+003
 2.08051529790660e+003    2.96513799427447e+003
 1.80998389694042e+003    2.63574655573448e+003
 1.53945249597424e+003    2.31677178386116e+003
 1.01449275362319e+003    1.67879428341385e+003
 7.47181964573269e+002    1.34592503131150e+003
 1.80676328502415e+003    3.12186325818572e+003
 1.54267310789050e+003    2.80982174807658e+003
 1.27858293075684e+003    2.48389134907855e+003
 1.01771336553945e+003    2.16489980318483e+003
 7.50402576489533e+002    1.84244721774915e+003
 1.53945249597424e+003    3.29246622830560e+003
 1.27536231884058e+003    2.96653582930757e+003
 1.01771336553945e+003    2.64753869207372e+003
 7.50402576489533e+002    2.32161388441582e+003
 1.27858293075684e+003    3.45264134907855e+003
 1.01127214170692e+003    3.14407765253176e+003
 7.53623188405797e+002    2.81119162640902e+003
