 1.11908177905308e+002    1.80519480519481e+003
 1.72166427546628e+002    1.46753246753247e+003
 2.32424677187948e+002    1.12121212121212e+003
 2.96987087517934e+002    7.74891774891775e+002
 3.52941176470588e+002    4.32900432900433e+002
 4.17503586800574e+002    8.65800865800866e+001
 9.03873744619799e+002    1.94805194805195e+003
 9.59827833572453e+002    1.60606060606061e+003
 1.02439024390244e+003    1.25974025974026e+003
 1.08034433285509e+003    9.09090909090909e+002
 1.14060258249641e+003    5.71428571428571e+002
 1.20516499282640e+003    2.20779220779221e+002
 1.69153515064562e+003    2.08658008658009e+003
 1.75179340028694e+003    1.74458874458874e+003
 1.81205164992826e+003    1.39826839826840e+003
 1.87230989956958e+003    1.05194805194805e+003
 1.92826398852224e+003    7.05627705627706e+002
 1.98852223816356e+003    3.63636363636364e+002
 2.47489239598278e+003    2.22943722943723e+003
 2.53084648493544e+003    1.88311688311688e+003
 2.59540889526542e+003    1.53246753246753e+003
 2.65997130559541e+003    1.19480519480519e+003
 2.72022955523673e+003    8.39826839826840e+002
 2.78048780487805e+003    5.06493506493507e+002
 3.26685796269727e+003    2.36363636363636e+003
 3.32711621233859e+003    2.01731601731602e+003
 3.37876614060258e+003    1.67099567099567e+003
 3.44332855093257e+003    1.33333333333333e+003
 3.50358680057389e+003    9.87012987012987e+002
 3.56814921090387e+003    6.40692640692641e+002
