Generated by GetData Graph Digitizer 2.22 on March 06 2022, 13:16
from file 'C:\Users\Li Hang\Desktop\137-081-vv.jpg'

Line #1
 3.77931578154164e-003    6.23123384226573e-004
 7.54993681818709e-002    1.51578386023487e-002
 1.77390185371961e-001    1.78242270371787e-002
 2.49110237772290e-001    3.23589422553009e-002
 3.28354142756118e-001    3.14459940412015e-002
 4.00079991653045e-001    4.98208882551386e-002
 4.22779072328685e-001    8.79618358664024e-002
 4.34180781135881e-001    1.41593920634369e-001
 4.19173651445067e-001    1.99370500469516e-001
 4.15550841071656e-001    2.99258628085185e-001
 3.93014062300745e-001    3.68642692356740e-001
 3.81832620364252e-001    4.60937409429741e-001
 3.66871862646217e-001    5.49435421231408e-001
 3.51905308431584e-001    6.34093254037260e-001
 3.44456810303852e-001    6.99463244415076e-001
 3.52171947275067e-001    8.10741487844747e-001
 3.71138084141945e-001    8.75807162151196e-001
 4.09076154372297e-001    1.00977868975991e+000
 4.09168898317857e-001    1.07122155369295e+000
 4.65893414020566e-001    1.15121320673785e+000
 4.99976814013610e-001    1.23146570212963e+000
 5.52893031451791e-001    1.28845975492412e+000
 6.35968420686537e-001    1.32590512294369e+000
 6.85105322343176e-001    1.37910247046685e+000
 7.72000602835646e-001    1.44722579672846e+000
 8.36254767618451e-001    1.51560996533695e+000
 8.81612353493549e-001    1.56501060758877e+000
 9.23213809573494e-001    1.62597526055252e+000
 9.68611970924773e-001    1.70225715577505e+000
 1.01404491125564e+000    1.80158012497247e+000
 1.01795754645892e+000    1.89370094714754e+000
 1.02189916414519e+000    2.00502266430170e+000
 1.03337622740815e+000    2.10857707601526e+000
 1.03349215734010e+000    2.18538065593156e+000
 1.03364866274823e+000    2.28906548881856e+000
 1.03373561019720e+000    2.34666817375578e+000
 1.02632189104905e+000    2.43507923810849e+000
