Generated by GetData Graph Digitizer 2.22 on March 06 2022, 13:19
from file 'C:\Users\Li Hang\Desktop\137-081-vv.jpg'

Line #1
 4.37645787108153e-001    4.14746543778802e-001
 4.48876372532287e-001    4.95391705069124e-001
 4.60095579450418e-001    5.68356374807988e-001
 4.67605393411845e-001    6.37480798771121e-001
 4.86226318484383e-001    7.06605222734255e-001
 5.23343005063435e-001    7.60368663594470e-001
 5.30875576036866e-001    8.44854070660522e-001
 5.82829834442738e-001    9.13978494623656e-001
 5.45912271718723e-001    9.94623655913979e-001
 5.90453433464186e-001    1.05990783410138e+000
 6.27581498549241e-001    1.12135176651306e+000
 6.49923195084485e-001    1.20199692780338e+000
 6.83347556465836e-001    1.26344086021505e+000
 6.87182112988565e-001    1.35176651305684e+000
 7.31734653240030e-001    1.42473118279570e+000
 7.57762985719975e-001    1.49385560675883e+000
 7.65272799681402e-001    1.56298003072197e+000
