Generated by GetData Graph Digitizer 2.22 on March 06 2022, 13:15
from file 'C:\Users\Li Hang\Desktop\137-081-vv.jpg'

Line #1
 3.77351928494418e-003   -3.21705561158836e-003
 5.28466594790109e-002    7.73832295760442e-003
 1.24560915382743e-001    1.84328591799117e-002
 2.07572543154917e-001    1.36362582455164e-002
 2.67977834197011e-001    3.21415736328963e-002
 3.20818697179425e-001    3.92132994817932e-002
 3.58565483022061e-001    4.64589202286138e-002
 4.00132160122422e-001    8.43824992174730e-002
 4.04021609339315e-001    1.61142605409291e-001
 4.04114353284875e-001    2.22585469342329e-001
 3.92909725361991e-001    2.99519470432071e-001
 3.89257932505594e-001    3.80206703068665e-001
 3.89391251927335e-001    4.68530819972409e-001
 3.66900845129204e-001    5.68636316210482e-001
 3.48149178636432e-001    6.45657264749186e-001
 3.21833084083980e-001    7.11244623749406e-001
 3.18134919254802e-001    7.61210424419481e-001
 3.18297221159531e-001    8.68735436302299e-001
 3.29762691429300e-001    9.64609490024229e-001
 3.45019070473806e-001    1.07196060700912e+000
 3.97935287911986e-001    1.12895465980361e+000
 4.77283529834568e-001    1.19716493351418e+000
 5.22629522716470e-001    1.23888521777438e+000
 6.17054452289037e-001    1.29540105959958e+000
 6.70011245203399e-001    1.37927636536477e+000
 7.30468704714870e-001    1.43234329171449e+000
 7.64494139741940e-001    1.47419399714812e+000
 8.21154893982077e-001    1.51194368123906e+000
 9.11852676242479e-001    1.59922442875526e+000
 9.61001170892313e-001    1.66010213427005e+000
 9.76205381467441e-001    1.73289164029261e+000
 9.91397999049375e-001    1.79800078832354e+000
 1.01037572890945e+000    1.87074682062162e+000
 1.02178903070984e+000    1.93205926338121e+000
 1.02948098169466e+000    2.02797679082762e+000
 1.04094645196443e+000    2.12385084454955e+000
 1.02218319247847e+000    2.19319143509663e+000
 1.01851401013228e+000    2.26235813074578e+000
 1.01859516108464e+000    2.31612063668719e+000
 1.02249040679813e+000    2.39672092187482e+000
 1.02255996475730e+000    2.44280306982460e+000
