Generated by GetData Graph Digitizer 2.22 on March 06 2022, 14:00
from file 'C:\Users\Li Hang\Desktop\137-081-th.jpg'

Line #1
 4.26305498044628e-001   -7.98136645962733e-001
 4.33873936047849e-001   -7.11180124223602e-001
 4.48838279273062e-001   -6.30434782608696e-001
 4.60121923165401e-001   -5.37267080745342e-001
 4.52892799631930e-001   -4.40993788819876e-001
 4.34541062801932e-001   -3.50931677018634e-001
 4.16189325971935e-001   -2.60869565217391e-001
 4.31153669197147e-001   -1.80124223602484e-001
 4.12813434552565e-001   -8.38509316770186e-002
 4.61134115481942e-001    9.31677018633548e-003
 4.16833448355187e-001    8.69565217391304e-002
 4.24396135265700e-001    1.70807453416149e-001
 4.65309408787670e-001    2.63975155279503e-001
 4.80285254198298e-001    3.50931677018633e-001
 4.50839659535312e-001    4.50310559006211e-001
 4.36197377501725e-001    5.43478260869565e-001
 4.43725557855993e-001    6.08695652173913e-001
 4.29089026915114e-001    7.04968944099379e-001
 4.40343915343915e-001    7.82608695652174e-001
