Generated by GetData Graph Digitizer 2.22 on March 06 2022, 14:01
from file 'C:\Users\Li Hang\Desktop\137-081-th.jpg'

Line #1
 4.96336553945250e-001   -9.81366459627329e-001
 4.96411318150449e-001   -9.40993788819876e-001
 4.89044168391994e-001   -9.19254658385093e-001
 4.85392224522659e-001   -8.91304347826087e-001
 4.81774787209570e-001   -8.44720496894410e-001
 4.92989417989418e-001   -7.88819875776398e-001
 4.96796641361859e-001   -7.32919254658385e-001
 4.93236714975845e-001   -6.55279503105590e-001
 4.97020933977456e-001   -6.11801242236025e-001
 5.11991028295376e-001   -5.27950310559006e-001
 5.12123303427651e-001   -4.56521739130435e-001
 5.12244076374511e-001   -3.91304347826087e-001
 5.12387853692202e-001   -3.13664596273292e-001
 5.01374511157120e-001   -2.60869565217391e-001
 4.79261559696342e-001   -2.01863354037267e-001
 4.68282723717506e-001   -1.30434782608696e-001
 4.72078444904532e-001   -8.07453416149069e-002
 4.79600874166092e-001   -1.86335403726708e-002
 4.75994939038417e-001    3.41614906832297e-002
 4.68725557855993e-001    1.08695652173913e-001
 4.61415919024615e-001    1.61490683229814e-001
 4.72682309638831e-001    2.45341614906832e-001
 4.80175983436853e-001    2.91925465838509e-001
 4.80268000920175e-001    3.41614906832298e-001
 4.80377271681620e-001    4.00621118012422e-001
 4.80480791350357e-001    4.56521739130435e-001
 4.80578559926386e-001    5.09316770186335e-001
 4.88066482631700e-001    5.52795031055901e-001
 4.88152749022314e-001    5.99378881987578e-001
 4.91982976765585e-001    6.67701863354037e-001
 4.95795951230734e-001    7.26708074534161e-001
 4.95905221992179e-001    7.85714285714286e-001
 4.99712445364619e-001    8.41614906832298e-001
 4.96112261329653e-001    8.97515527950311e-001
 4.92489072923856e-001    9.40993788819876e-001
 4.88837129054520e-001    9.68944099378882e-001
 4.81464228203359e-001    9.87577639751553e-001
 4.74102829537612e-001    1.01242236024845e+000
