Generated by GetData Graph Digitizer 2.22 on March 06 2022, 13:36
from file 'C:\Users\Li Hang\Desktop\137-081-vh.jpg'

Line #1
 9.31303442227582e-001   -9.66323174742381e-001
 9.31467879850910e-001   -9.20938390703793e-001
 9.31665204998904e-001   -8.66476649857487e-001
 9.06533654900241e-001   -8.02784477088358e-001
 8.92205656654242e-001   -7.57311992983995e-001
 8.81555579916685e-001   -6.96733172549879e-001
 8.63604472703355e-001   -6.51238763429073e-001
 8.42085069063802e-001   -5.90594167945626e-001
 8.02439158079369e-001   -5.32865599649200e-001
 7.70050427537821e-001   -4.72155229116422e-001
 7.30404516553387e-001   -4.14426660819996e-001
 7.01595044946284e-001   -3.65840824380618e-001
 6.72862310896733e-001   -2.96075422056567e-001
 6.44107651830739e-001   -2.32361324270993e-001
 6.22588248191186e-001   -1.71716728787547e-001
 5.97467660600745e-001   -1.04998903749178e-001
 5.90429730322298e-001   -4.74676606007455e-002
 6.08775487831616e-001    1.59614119710589e-002
 6.05536066652050e-001    1.21881166410875e-001
 6.02165095373822e-001    1.91493093619820e-001
 6.24090111817584e-001    2.42797632098224e-001
 6.42424906818680e-001    3.03201052400789e-001
 6.82531243148432e-001    3.72549879412410e-001
 7.26381276035957e-001    4.75158956369217e-001
 7.62853540890156e-001    5.41504056128042e-001
 7.84811444858584e-001    6.01885551414164e-001
 8.39421179565885e-001    6.74172330629248e-001
 8.72204560403420e-001    7.22385441789081e-001
 9.12299934224951e-001    7.88708616531462e-001
 9.23333698750274e-001    8.34027625520719e-001
 9.34367463275598e-001    8.79346634509976e-001
 9.34586713440035e-001    9.39859679894760e-001
