Generated by GetData Graph Digitizer 2.22 on March 06 2022, 13:40
from file 'C:\Users\Li Hang\Desktop\137-081-vh.jpg'

Line #1
 8.95355124109118e-001   -1.02596324513257e+000
 8.95486196444663e-001   -9.89656208186560e-001
 8.99281832828159e-001   -9.38264929958221e-001
 8.99478441331476e-001   -8.83804374539199e-001
 8.96032331176101e-001   -8.38376887578166e-001
 8.88998115835177e-001   -7.86854537014281e-001
 8.74711231260752e-001   -7.44321564129871e-001
 8.67655170530570e-001   -6.98850386390322e-001
 8.53411976734660e-001   -6.44215067857240e-001
 8.32003495262281e-001   -5.74364435706289e-001
 8.21501324376724e-001   -4.83465771005707e-001
 8.14521722508943e-001   -4.16815488380984e-001
 8.14696485623003e-001   -3.68406105786298e-001
 8.22178531443707e-001   -2.95879413451298e-001
 8.22386062641654e-001   -2.38393271620109e-001
 8.08153791540373e-001   -1.80732366674859e-001
 8.04795062942028e-001   -1.11100188416482e-001
 7.97749924906474e-001   -6.26034242647662e-002
 7.90726632260179e-001   -8.05548728871408e-003
 7.94500423254417e-001    3.72846181152890e-002
 8.05625187733814e-001    1.18844378908277e-001
 8.09453592201196e-001    1.79312416373119e-001
 8.16946560716529e-001    2.54864695120286e-001
 8.24319379590945e-001    2.97135523333606e-001
 8.24515988094263e-001    3.51596078752628e-001
 8.39185166980694e-001    4.14958630294094e-001
 8.46732748969171e-001    5.05638841102100e-001
 8.50473771879523e-001    5.41902187269599e-001
 8.57912126921712e-001    6.02326533955927e-001
 8.61762376778351e-001    6.68845744245105e-001
 8.61980830670927e-001    7.29357472488463e-001
 8.65732776275907e-001    7.68646405068130e-001
 8.76660932251987e-001    7.95745610442096e-001
 8.87600010922695e-001    8.25870402228230e-001
 9.02181808252096e-001    8.65028262472352e-001
 9.02312880587641e-001    9.01335299418367e-001
