 2.42648495361463e-001    1.71096020981464e-002
 2.64713369762774e-001    2.12241949902611e-002
 2.94143069427095e-001    3.34199667280402e-002
 3.19884436182368e-001    3.75493603140115e-002
 3.41967071416308e-001    5.37413193930531e-002
 3.53037990420991e-001    8.19662425774520e-002
 3.45744208488494e-001    1.22194528479495e-001
 3.45791570708835e-001    1.54400838311300e-001
 3.49533186115765e-001    1.98699315023888e-001
 3.49610149723819e-001    2.51034568500571e-001
 3.53357685408292e-001    2.99358833942135e-001
 3.57087460260137e-001    3.35605733196772e-001
 3.68229422595331e-001    4.12140121128879e-001
 3.68288625370757e-001    4.52398008418635e-001
 3.60977082605633e-001    4.80548928133751e-001
 3.61065886768772e-001    5.40935759068385e-001
 3.68495835084749e-001    5.93300613932781e-001
 3.75949464510896e-001    6.61768623713080e-001
 3.75996826731237e-001    6.93974933544885e-001
 3.94474012941727e-001    7.58461556677777e-001
 4.01898040980161e-001    8.06800622813197e-001
 4.09322069018596e-001    8.55139688948618e-001
 3.98399156952478e-001    9.27559483988609e-001
 3.98452439450361e-001    9.63791582549390e-001
 4.13229452196719e-001    1.01216025007252e+000
 4.24312211756487e-001    1.04843675071487e+000
 4.28065667718503e-001    1.10078680488541e+000
 4.35489695756937e-001    1.14912587102083e+000
 4.50248947670667e-001    1.18541717235704e+000
 4.76043596923824e-001    1.22577866450379e+000
 4.90791008282468e-001    1.25401838838205e+000
 5.05585781861454e-001    1.31446442209211e+000
 5.13009809899888e-001    1.36280348822753e+000
 5.09404360876438e-001    1.41109815228138e+000
 4.83734037451676e-001    1.45527822344312e+000
 4.65404858179751e-001    1.49143631853461e+000
 4.39734534754989e-001    1.53561638969635e+000
 4.17722942851561e-001    1.56773389536501e+000
 3.95729111780760e-001    1.61192876722061e+000
 3.66382296002037e-001    1.65609403768849e+000
 3.44382544653693e-001    1.69626312081510e+000
 3.18706300951389e-001    1.73641740324786e+000
 3.00388962234550e-001    1.78062707579731e+000
 2.49024634274855e-001    1.85288406320488e+000
 2.34377867634435e-001    1.89308274771921e+000
 2.23407593347976e-001    1.93329623292740e+000
 2.16107891137937e-001    1.96949873010047e+000
 2.08790428095269e-001    1.99362386108661e+000
 2.01490725885230e-001    2.02982635825968e+000
 1.94238385895531e-001    2.09823516526455e+000
 1.79644901752994e-001    2.17466594833966e+000
 1.79704104528420e-001    2.21492383562941e+000
 1.76063133839714e-001    2.23906376730941e+000
 1.76086814949885e-001    2.25516692222531e+000
 1.72445844261179e-001    2.27930685390531e+000
 1.68822634405101e-001    2.31552415177224e+000
 1.68852235792814e-001    2.33565309541711e+000
 1.72576090367116e-001    2.36787420594277e+000
 1.76288104386334e-001    2.39204373901048e+000
 1.79994198128008e-001    2.41218748334922e+000
 1.80029719793264e-001    2.43634221572307e+000
 1.76394669382101e-001    2.46450793613205e+000
 1.76424270769814e-001    2.48463687977692e+000
