 2.47242887362441e-001    7.02647778860552e-003
 2.65710788391605e-001    1.90294250469422e-002
 2.91546835262520e-001    2.29511800917453e-002
 3.10002852185487e-001    2.69026454020393e-002
 3.21078839160507e-001    3.08838209778243e-002
 3.46908943978323e-001    3.07798350486060e-002
 3.65359018848192e-001    3.07055593848787e-002
 3.83826919877356e-001    4.27085066432154e-002
 3.69120338459345e-001    7.89995959403893e-002
 3.65460033750862e-001    9.91431559432415e-002
 3.65507570175647e-001    1.31349083735412e-001
 3.76642977681649e-001    1.75587669051411e-001
 3.76696456159532e-001    2.11819337817603e-001
 3.87825921612436e-001    2.52032182159580e-001
 3.91593183276686e-001    3.04351959689112e-001
 3.91640719701471e-001    3.36557887481283e-001
 3.95396097259525e-001    3.80826183062772e-001
 3.95473343949802e-001    4.33160815725049e-001
 3.95532764480783e-001    4.73418225465263e-001
 3.99311910251230e-001    5.33789484942838e-001
 3.88271575594800e-001    5.53962755211181e-001
 3.73576878282984e-001    5.98305326456397e-001
 3.66268152972215e-001    6.46643928410144e-001
 3.66309747343902e-001    6.74824115228294e-001
 3.73725429610439e-001    6.98948850806931e-001
 3.88562736196611e-001    7.51224062938226e-001
 3.81236184726547e-001    7.87485441969909e-001
 3.84991562284601e-001    8.31753737551399e-001
 3.85080693081073e-001    8.92139852161719e-001
 3.96239868799468e-001    9.52481401373803e-001
 4.07345566039978e-001    9.76591281819694e-001
 4.25855061440829e-001    1.01677441589618e+000
 4.40692368027001e-001    1.06904962802748e+000
 4.55499964347681e-001    1.10119613528867e+000
 4.73991633589238e-001    1.12930204644309e+000
 4.99887100991134e-001    1.17348121122810e+000
 5.22080669312861e-001    1.20962374919782e+000
 5.44292063793882e-001    1.25784351008961e+000
 5.22211394481021e-001    1.29819005062629e+000
 5.11206712143180e-001    1.34251776673876e+000
 5.07564233593991e-001    1.37473854966368e+000
 4.96541725096855e-001    1.40698904285409e+000
 4.78157012811066e-001    1.45134646923205e+000
 4.41322225655408e-001    1.49577817127374e+000
 3.82377058921399e-001    1.56042770898201e+000
 3.52922301713688e-001    1.60482970075821e+000
 3.27133791267559e-001    1.63311387350557e+000
 2.90293062058803e-001    1.67351983457324e+000
 2.75574596534595e-001    1.70175944192237e+000
 2.53493927221734e-001    1.74210598245906e+000
 2.38787345803722e-001    1.77839707175623e+000
 2.20390749411737e-001    1.81470301618615e+000
 2.05707936206118e-001    1.86709706937941e+000
 1.94703253868277e-001    1.91142478549188e+000
 1.87376702398213e-001    1.94768616452357e+000
 1.87424238822998e-001    1.97989209231574e+000
 1.83799586433104e-001    2.02419009816272e+000
 1.76496803175433e-001    2.07655444109049e+000
 1.69176193758467e-001    2.11684156109619e+000
 1.69277208661137e-001    2.18527915765455e+000
 1.73026644166092e-001    2.22552171226202e+000
 1.69396049723100e-001    2.26579397713498e+000
 1.62075440306135e-001    2.30608109714068e+000
 1.62146744943313e-001    2.35438998882894e+000
 1.65872412235876e-001    2.37852957954032e+000
 1.65919948660661e-001    2.41073550733249e+000
 1.65943716873054e-001    2.42683847122858e+000
 1.58617165402990e-001    2.46309985026026e+000
