 2.49982124556093e-001    1.43003551254856e-002
 2.83033820339872e-001    2.67237886407512e-002
 3.19797649974974e-001    2.70217127058655e-002
 3.67578711538003e-001    3.14607812760684e-002
 3.96977858283481e-001    3.57508878137140e-002
 4.26353171103749e-001    4.81445289224682e-002
 4.37298901256048e-001    7.65962771408823e-002
 4.26210167552494e-001    9.67657363491193e-002
 3.93003551254856e-001    1.37015277546059e-001
 3.56132468956312e-001    1.73183259050933e-001
 3.33919250661391e-001    2.25677479324070e-001
 3.19058798293491e-001    2.78231284410230e-001
 3.26316228519675e-001    3.10705007507686e-001
 3.51848320899969e-001    3.79793598207689e-001
 3.73775532092380e-001    4.24541792787854e-001
 3.99402960173511e-001    4.61216245203423e-001
 4.17677622327621e-001    4.97831112805968e-001
 4.24875467740782e-001    5.50563672331196e-001
 4.24756298114737e-001    5.91081345186739e-001
 4.28242009676574e-001    6.55939414162118e-001
 4.28039421312296e-001    7.24819458016541e-001
 4.27860666873227e-001    7.85595967299855e-001
 4.27693829396763e-001    8.42320709297614e-001
 4.27598493695927e-001    8.74734847582048e-001
 4.27467407107276e-001    9.19304287723145e-001
 4.27240984817790e-001    9.96287866148676e-001
 4.41839264008390e-001    1.03287294134471e+000
 4.60113926162500e-001    1.06948780894726e+000
 5.00339633434230e-001    1.14274733655886e+000
 5.29631527516267e-001    1.18350334866649e+000
 5.40541506780752e-001    1.22411039874157e+000
 5.55068284195724e-001    1.28500607765093e+000
 5.54984865457492e-001    1.31336844864981e+000
 5.29083347236456e-001    1.36988464380199e+000
 5.03217579903234e-001    1.41424553709750e+000
 4.73663512643897e-001    1.46262840527206e+000
 4.44121362347165e-001    1.50695950616107e+000
 3.77708129751889e-001    1.58745858855495e+000
 3.51901947231690e-001    1.61156064542269e+000
 3.00289582191291e-001    1.65976475915819e+000
 2.70759348857163e-001    1.70004409276164e+000
 2.52294015301380e-001    1.72825750172796e+000
 2.37445479896084e-001    1.77675953952856e+000
 2.18813308863837e-001    1.86169769049265e+000
 2.07629239459447e-001    1.91428128798532e+000
 1.96457087017661e-001    1.96281311819244e+000
 1.77801082060205e-001    2.05585480372763e+000
 1.70293395619325e-001    2.10846819362681e+000
 1.73791024143766e-001    2.16927449531663e+000
 1.66199918964654e-001    2.25025025621470e+000
 1.55015849560264e-001    2.30283385370737e+000
 1.51267964821126e-001    2.32711466501418e+000
 1.51160712157685e-001    2.36358057058417e+000
 1.51017708606430e-001    2.41220177801082e+000
 1.50934289868198e-001    2.44056414900970e+000
 1.54467669280454e-001    2.48921514884286e+000
