Generated by GetData Graph Digitizer 2.22 on March 06 2022, 13:54
from file 'C:\Users\Li Hang\Desktop\137-037-th.jpg'

Line #1
 3.76968020239894e-001   -1.00140757054537e+000
 3.88416665149888e-001   -9.55916346626381e-001
 3.88871698731366e-001   -8.74617013402256e-001
 3.85468047541909e-001   -8.16069359252046e-001
 3.82082597695710e-001   -7.54269731772871e-001
 3.82537631277188e-001   -6.72970398548746e-001
 3.86651134853752e-001   -6.04691092869320e-001
 3.98172585136783e-001   -5.46191975634468e-001
 4.02195081997051e-001   -4.94172536599868e-001
 4.02413498116161e-001   -4.55148856652288e-001
 3.95314974245099e-001   -3.90085121615309e-001
 3.95642598423764e-001   -3.31549601693938e-001
 3.88544074552702e-001   -2.66485866656959e-001
 3.96461658870425e-001   -1.85210801890513e-001
 4.15682277352069e-001   -8.44602998367946e-002
 4.12551646311498e-001    2.28669542478901e-002
 4.09311807211372e-001    1.10682368358785e-001
 4.05817149305619e-001    1.52970155864169e-001
 4.06144773484283e-001    2.11505675785540e-001
 4.06363189603393e-001    2.50529355733120e-001
 4.06690813782057e-001    3.09064875654490e-001
 4.10658706612548e-001    3.51328394702196e-001
 4.22234760925356e-001    4.19583431923943e-001
 4.48717715367394e-001    4.84537958901367e-001
 4.45350466864455e-001    5.49589559709507e-001
 4.45732695072896e-001    6.17880999617772e-001
 4.38688775231612e-001    6.92700654641646e-001
 4.38888990007463e-001    7.28472361260261e-001
 4.42966090897508e-001    7.90247720281757e-001
 4.46915782384740e-001    8.29259266000498e-001
 4.50847272528713e-001    8.65018838390273e-001
 4.43603137911578e-001    9.04066786795532e-001
 4.43803352687428e-001    9.39838493414147e-001
