Generated by GetData Graph Digitizer 2.22 on March 06 2022, 13:28
from file 'C:\Users\Li Hang\Desktop\137-037-vh.jpg'

Line #1
 9.40763709445880e-001   -9.96899224806202e-001
 9.44662647143267e-001   -9.44186046511628e-001
 9.44846396784381e-001   -8.94573643410853e-001
 9.45053115130635e-001   -8.38759689922481e-001
 9.41590582830893e-001   -7.73643410852713e-001
 9.34447315532587e-001   -7.02325581395349e-001
 9.16204421475739e-001   -6.27906976744186e-001
 8.90531151306345e-001   -5.59689922480620e-001
 8.61119724375538e-001   -5.00775193798450e-001
 8.39138673557278e-001   -4.35658914728682e-001
 8.13465403387884e-001   -3.67441860465116e-001
 8.06345104794717e-001   -2.89922480620155e-001
 7.95475165087568e-001   -2.24806201550388e-001
 7.69870801033592e-001   -1.37984496124031e-001
 7.47866781510192e-001   -7.90697674418605e-002
 7.37042779213322e-001   -1.55038759689918e-003
 7.37238013207005e-001    5.11627906976744e-002
 7.44794717197818e-001    9.14728682170542e-002
 7.48728107952914e-001    1.53488372093023e-001
 7.56330749354005e-001    2.06201550387597e-001
 7.64002296870514e-001    2.77519379844961e-001
 7.82750502440425e-001    3.39534883720930e-001
 8.12655756531726e-001    4.13953488372093e-001
 8.31438415159345e-001    4.85271317829457e-001
 8.38937697387310e-001    5.10077519379845e-001
 8.65001435544071e-001    5.47286821705426e-001
 8.91053689348263e-001    5.81395348837209e-001
 9.32024117140396e-001    6.43410852713178e-001
 9.39672695951766e-001    7.08527131782946e-001
 9.54809072638530e-001    7.95348837209302e-001
 9.58662072925639e-001    8.35658914728682e-001
 9.69991386735573e-001    8.94573643410853e-001
 9.73878840080391e-001    9.44186046511628e-001
 9.70267011197244e-001    9.68992248062015e-001
