Generated by GetData Graph Digitizer 2.22 on March 26 2022, 12:50
from file 'C:\Users\Li Hang\Desktop\Lin\figs\turb_30_10d.jpg'

Line #1
 8.36088609857364e-002   -9.36022253129346e-001
 8.70123653605553e-002   -8.52573018080668e-001
 8.82012396176373e-002   -7.55215577190542e-001
 8.62873718832368e-002   -6.68984700973574e-001
 8.88052296497474e-002   -5.77190542420028e-001
 9.47200177499112e-002   -4.90959666203060e-001
 9.42834603287432e-002   -4.01947148817802e-001
 9.87211435544608e-002   -3.15716272600834e-001
 1.01977759196981e-001   -2.21140472878999e-001
 1.03017895772686e-001   -1.37691237830320e-001
 1.01990701840526e-001   -4.58970792767733e-002
 1.03474586194924e-001    4.58970792767732e-002
 9.83106768591697e-002    1.26564673157163e-001
 9.97943557747816e-002    2.15577190542420e-001
 9.10866273730748e-002    3.12934631432545e-001
 8.85819176888958e-002    3.99165507649513e-001
 8.43048875941680e-002    4.88178025034770e-001
 9.30263803945657e-002    5.77190542420028e-001
 9.49536016500843e-002    6.71766342141864e-001
 9.61412432744477e-002    7.52433936022253e-001
 9.91020270645057e-002    8.41446453407510e-001
 9.46774919211197e-002    9.33240611961057e-001
 8.90710674393904e-002    1.02225312934631e+000
 8.74528261186656e-002    1.11126564673157e+000
 8.00734649100281e-002    1.19471488178025e+000
 8.12619282895372e-002    1.28650904033380e+000
 7.81669929719391e-002    1.38108484005563e+000
