Generated by GetData Graph Digitizer 2.22 on December 16 2023, 17:31
from file 'C:\Users\31425\Desktop\2015-Krogstad-Blind Test 3\Fig_14\Fig_14a.jpg'

Line #1
-2.70531206761153e+000    1.26898395721925e+000
-2.58978721812946e+000    1.25026737967914e+000
-2.47437455592536e+000    1.24652406417112e+000
-2.36950749784974e+000    1.25026737967914e+000
-2.25409483564564e+000    1.24652406417112e+000
-2.13865412662204e+000    1.23903743315508e+000
-2.03367488126846e+000    1.22780748663102e+000
-1.90754833401892e+000    1.19411764705882e+000
-1.81258180322351e+000    1.11925133689840e+000
-1.69627164279571e+000    9.95721925133690e-001
-1.58018585692382e+000    9.02139037433155e-001
-1.53803148722935e+000    8.75935828877005e-001
-1.48535956022587e+000    8.45989304812834e-001
-1.42228226319135e+000    8.27272727272727e-001
-1.33825399199731e+000    8.12299465240642e-001
-1.26485546539022e+000    8.16042780748663e-001
-1.19142889196365e+000    8.16042780748663e-001
-1.11797427171759e+000    8.12299465240642e-001
-1.00258965633297e+000    8.12299465240642e-001
-9.18673572416888e-001    8.12299465240642e-001
-8.55680415840844e-001    8.04812834224599e-001
-7.71736285105269e-001    8.01069518716577e-001
-7.08827268987697e-001    8.04812834224599e-001
-6.45946299689615e-001    8.12299465240642e-001
-5.93526794061553e-001    8.16042780748663e-001
-5.41135335252982e-001    8.23529411764706e-001
-4.99037059197487e-001    8.04812834224599e-001
-4.56798549044538e-001    7.67379679144385e-001
-4.14335664335664e-001    7.00000000000000e-001
-3.82502524213754e-001    6.51336898395722e-001
-3.29914737668748e-001    6.32620320855615e-001
-2.35453049624172e-001    6.25133689839572e-001
-1.19956246961594e-001    6.10160427807487e-001
-1.46965334131108e-002    5.61497326203208e-001
 1.00996596985902e-001    5.20320855614973e-001
 2.16465352828989e-001    5.09090909090909e-001
 3.00353389925582e-001    5.12834224598930e-001
 3.84269473841667e-001    5.12834224598930e-001
 4.47234583598220e-001    5.09090909090909e-001
 5.31206761153285e-001    5.01604278074866e-001
 5.83626266781347e-001    5.05347593582888e-001
 6.56996746568939e-001    5.12834224598930e-001
 7.82646497887140e-001    5.42780748663102e-001
 8.76378968624958e-001    6.32620320855615e-001
 9.90473430313002e-001    8.04812834224599e-001
 1.11528177704648e+000    9.47058823529412e-001
 1.14635765304214e+000    9.99465240641711e-001
 1.17760180995475e+000    1.02941176470588e+000
 1.24034254515538e+000    1.05561497326203e+000
 1.27169888934595e+000    1.07058823529412e+000
 1.33460790546352e+000    1.07433155080214e+000
 1.41849594256011e+000    1.07807486631016e+000
 1.46011742268427e+000    1.12299465240642e+000
 1.49105306458248e+000    1.19411764705882e+000
 1.54327624247410e+000    1.22406417112299e+000
 1.61664672226170e+000    1.23155080213904e+000
 1.70053475935829e+000    1.23529411764706e+000
 1.78447889009386e+000    1.23155080213904e+000
 1.88937399498897e+000    1.23155080213904e+000
 1.99426909988407e+000    1.23155080213904e+000
 2.12011517893871e+000    1.23529411764706e+000
 2.22498223701432e+000    1.23903743315508e+000
 2.32979320145096e+000    1.25026737967914e+000
 2.44517781683557e+000    1.25026737967914e+000
 2.56050633858121e+000    1.25775401069519e+000
 2.67580681350735e+000    1.26898395721925e+000
