Generated by GetData Graph Digitizer 2.22 on December 16 2023, 17:35
from file 'C:\Users\31425\Desktop\2015-Krogstad-Blind Test 3\Fig_14\Fig_14b.jpg'

Line #1
-2.68531468531469e+000    1.24657534246575e+000
-2.56993006993007e+000    1.21972602739726e+000
-2.46503496503497e+000    1.20054794520548e+000
-2.33916083916084e+000    1.16986301369863e+000
-2.23426573426573e+000    1.15452054794521e+000
-2.12937062937063e+000    1.13150684931507e+000
-2.00349650349650e+000    1.10465753424658e+000
-1.89860139860140e+000    1.06630136986301e+000
-1.78321678321678e+000    1.00876712328767e+000
-1.68881118881119e+000    9.51232876712329e-001
-1.56293706293706e+000    9.01369863013699e-001
-1.52097902097902e+000    8.78356164383562e-001
-1.46853146853147e+000    8.59178082191781e-001
-1.40559440559441e+000    8.36164383561644e-001
-1.36363636363636e+000    8.20821917808219e-001
-1.27972027972028e+000    8.09315068493151e-001
-1.19580419580420e+000    8.01643835616438e-001
-1.13286713286713e+000    8.05479452054794e-001
-1.04895104895105e+000    8.13150684931507e-001
-9.54545454545455e-001    8.16986301369863e-001
-8.49650349650350e-001    8.20821917808219e-001
-7.44755244755245e-001    8.09315068493151e-001
-7.02797202797203e-001    7.93972602739726e-001
-6.81818181818182e-001    7.63287671232877e-001
-6.39860139860140e-001    7.21095890410959e-001
-5.76923076923077e-001    6.86575342465753e-001
-5.34965034965035e-001    6.44383561643836e-001
-4.93006993006993e-001    6.09863013698630e-001
-4.30069930069930e-001    5.86849315068493e-001
-3.67132867132867e-001    5.67671232876712e-001
-2.83216783216783e-001    5.48493150684931e-001
-2.30769230769231e-001    5.40821917808219e-001
-1.15384615384615e-001    5.36986301369863e-001
 0.00000000000000e+000    5.33150684931507e-001
 1.04895104895105e-001    5.25479452054795e-001
 2.09790209790210e-001    5.44657534246575e-001
 2.83216783216783e-001    5.60000000000000e-001
 3.56643356643357e-001    5.71506849315068e-001
 4.40559440559441e-001    5.75342465753425e-001
 5.13986013986014e-001    5.60000000000000e-001
 5.66433566433566e-001    5.44657534246575e-001
 6.18881118881119e-001    5.29315068493151e-001
 6.71328671328671e-001    5.29315068493151e-001
 7.86713286713287e-001    5.71506849315068e-001
 8.91608391608392e-001    6.44383561643836e-001
 1.00699300699301e+000    7.47945205479452e-001
 1.12237762237762e+000    8.40000000000000e-001
 1.15384615384615e+000    8.59178082191781e-001
 1.17482517482518e+000    9.01369863013699e-001
 1.22727272727273e+000    9.28219178082192e-001
 1.26923076923077e+000    9.47397260273973e-001
 1.34265734265734e+000    9.66575342465753e-001
 1.39510489510490e+000    9.85753424657534e-001
 1.42657342657343e+000    1.02794520547945e+000
 1.46853146853147e+000    1.08547945205479e+000
 1.50000000000000e+000    1.13150684931507e+000
 1.58391608391608e+000    1.16219178082192e+000
 1.65734265734266e+000    1.16986301369863e+000
 1.74125874125874e+000    1.15835616438356e+000
 1.82517482517483e+000    1.15835616438356e+000
 1.87762237762238e+000    1.15452054794521e+000
 1.99300699300699e+000    1.15452054794521e+000
 2.11888111888112e+000    1.15835616438356e+000
 2.23426573426573e+000    1.16986301369863e+000
 2.36013986013986e+000    1.18904109589041e+000
