Generated by GetData Graph Digitizer 2.22 on December 16 2023, 17:33
from file 'C:\Users\31425\Desktop\2015-Krogstad-Blind Test 3\Fig_14\Fig_14a.jpg'

Line #1
-2.66680378445084e+000    1.72941176470588e+000
-2.85098724804607e+000    1.11176470588235e+000
-2.76707116412999e+000    1.11176470588235e+000
-2.69364459070341e+000    1.11176470588235e+000
-2.60972850678733e+000    1.11176470588235e+000
-2.52581242287125e+000    1.11176470588235e+000
-2.43140682846565e+000    1.11176470588235e+000
-2.35798025503908e+000    1.11176470588235e+000
-2.24262368647395e+000    1.11550802139037e+000
-2.14819004524887e+000    1.11176470588235e+000
-2.03280542986425e+000    1.11176470588235e+000
-1.92791032496915e+000    1.11176470588235e+000
-1.85434351744512e+000    1.09304812834225e+000
-1.78072061628211e+000    1.06684491978610e+000
-1.69652406417112e+000    1.02941176470588e+000
-1.66477506450768e+000    9.91978609625668e-001
-1.63308215848323e+000    9.62032085561497e-001
-1.60130511200030e+000    9.20855614973262e-001
-1.54854904453835e+000    8.79679144385027e-001
-1.50631053438540e+000    8.42245989304813e-001
-1.48507909203096e+000    8.08556149732620e-001
-1.46390374331551e+000    7.82352941176471e-001
-1.44272839460005e+000    7.56149732620321e-001
-1.41106353539509e+000    7.29946524064171e-001
-1.35839160839161e+000    7.00000000000000e-001
-1.32675479600613e+000    6.77540106951872e-001
-1.29514603044015e+000    6.58823529411765e-001
-1.25299166074567e+000    6.32620320855615e-001
-1.21092143150967e+000    6.17647058823529e-001
-1.15841778542313e+000    6.10160427807487e-001
-1.07455779514603e+000    6.17647058823529e-001
-1.03276803410493e+000    6.40106951871658e-001
-1.00141168991436e+000    6.55080213903743e-001
-9.70083392543286e-001    6.73796791443850e-001
-9.17748027373696e-001    6.88770053475936e-001
-8.76014359971579e-001    7.18716577540107e-001
-8.44658015781011e-001    7.33689839572192e-001
-8.13329718409932e-001    7.52406417112300e-001
-7.71483863729853e-001    7.67379679144385e-001
-7.19092404921282e-001    7.74866310160428e-001
-6.77078269324259e-001    7.67379679144385e-001
-6.56015107886766e-001    7.56149732620321e-001
-6.34895852810291e-001    7.37433155080214e-001
-6.03174899966344e-001    7.03743315508021e-001
-5.71510040761378e-001    6.77540106951872e-001
-5.50306645226431e-001    6.47593582887701e-001
-5.39676900639467e-001    6.28877005347594e-001
-4.87061067274971e-001    6.06417112299465e-001
-4.34445233910474e-001    5.83957219251337e-001
-3.81885494184959e-001    5.68983957219251e-001
-3.29325754459445e-001    5.54010695187166e-001
-2.76794061553420e-001    5.42780748663102e-001
-2.24262368647395e-001    5.31550802139037e-001
-1.50723607942859e-001    5.16577540106952e-001
-6.67794772072847e-002    5.12834224598930e-001
 2.76541640178003e-002    5.09090909090909e-001
 1.11570247933884e-001    5.09090909090909e-001
 1.53584383530908e-001    5.01604278074866e-001
 1.95598519127931e-001    4.94117647058824e-001
 2.79598743502487e-001    4.82887700534759e-001
 3.63486780599080e-001    4.86631016042781e-001
 4.05332635279159e-001    5.01604278074866e-001
 4.57668000448749e-001    5.16577540106952e-001
 5.20464829288359e-001    5.35294117647059e-001
 5.62254590329457e-001    5.57754010695187e-001
 6.14533861860065e-001    5.80213903743316e-001
 6.56323622901163e-001    6.02673796791444e-001
 6.66672899293220e-001    6.21390374331551e-001
 6.97889009386336e-001    6.55080213903743e-001
 7.29133166298942e-001    6.85026737967914e-001
 7.49943906361019e-001    7.07486631016043e-001
 7.91705620582626e-001    7.33689839572192e-001
 8.23005871134213e-001    7.56149732620321e-001
 8.43816611196290e-001    7.78609625668449e-001
 8.64655398077858e-001    7.97326203208556e-001
 8.95927601809955e-001    8.23529411764706e-001
 9.27227852361542e-001    8.45989304812834e-001
 9.69045660222131e-001    8.64705882352941e-001
 1.01094760854119e+000    8.72192513368984e-001
 1.07388467147825e+000    8.72192513368984e-001
 1.13687782805430e+000    8.64705882352941e-001
 1.21036049511985e+000    8.57219251336898e-001
 1.25226244343891e+000    8.64705882352941e-001
 1.28367488126846e+000    8.72192513368984e-001
 1.31497513182005e+000    8.94652406417112e-001
 1.33578587188213e+000    9.17112299465241e-001
 1.35659661194421e+000    9.39572192513369e-001
 1.37729516472832e+000    9.77005347593583e-001
 1.38744811338394e+000    1.02192513368984e+000
 1.38727983246700e+000    1.04438502673797e+000
 1.40797838525111e+000    1.08181818181818e+000
 1.41829961482368e+000    1.10427807486631e+000
 1.47066302681276e+000    1.11550802139037e+000
 1.58601959537788e+000    1.11925133689840e+000
 1.64895665831495e+000    1.11925133689840e+000
 1.74336225272054e+000    1.11925133689840e+000
 1.82727833663663e+000    1.11925133689840e+000
 1.93217344153173e+000    1.11925133689840e+000
 2.00562806177779e+000    1.11550802139037e+000
 2.07902658838488e+000    1.11925133689840e+000
 2.16294267230096e+000    1.11925133689840e+000
 2.25734826670656e+000    1.11925133689840e+000
 2.39373994988968e+000    1.11550802139037e+000
 2.49863505478479e+000    1.11550802139037e+000
 2.59306869600987e+000    1.11176470588235e+000
 2.69796380090498e+000    1.11176470588235e+000
 2.77139037433155e+000    1.11176470588235e+000
 2.89726450020568e+000    1.11176470588235e+000
