Generated by GetData Graph Digitizer 2.22 on December 16 2023, 17:37
from file 'C:\Users\31425\Desktop\2015-Krogstad-Blind Test 3\Fig_14\Fig_14b.jpg'

Line #1
-2.85314685314685e+000    1.10849315068493e+000
-2.73776223776224e+000    1.11232876712329e+000
-2.62237762237762e+000    1.11232876712329e+000
-2.47552447552448e+000    1.10849315068493e+000
-2.33916083916084e+000    1.11232876712329e+000
-2.20279720279720e+000    1.11232876712329e+000
-2.06643356643357e+000    1.11232876712329e+000
-1.94055944055944e+000    1.09698630136986e+000
-1.82517482517483e+000    1.07013698630137e+000
-1.74125874125874e+000    1.03178082191781e+000
-1.70979020979021e+000    9.85753424657534e-001
-1.60489510489510e+000    9.28219178082192e-001
-1.54195804195804e+000    8.70684931506849e-001
-1.48951048951049e+000    8.28493150684931e-001
-1.39510489510490e+000    7.74794520547945e-001
-1.35314685314685e+000    7.59452054794520e-001
-1.32167832167832e+000    7.36438356164383e-001
-1.25874125874126e+000    7.05753424657534e-001
-1.16433566433566e+000    6.78904109589041e-001
-1.08041958041958e+000    6.63561643835616e-001
-1.00699300699301e+000    6.78904109589041e-001
-9.44055944055944e-001    6.94246575342466e-001
-8.81118881118881e-001    7.21095890410959e-001
-7.97202797202797e-001    7.51780821917808e-001
-7.23776223776224e-001    7.67123287671233e-001
-6.81818181818182e-001    7.24931506849315e-001
-6.29370629370629e-001    6.90410958904110e-001
-5.76923076923077e-001    6.44383561643836e-001
-5.45454545454545e-001    5.86849315068493e-001
-4.51048951048951e-001    5.40821917808219e-001
-3.46153846153846e-001    5.21643835616438e-001
-1.99300699300699e-001    5.02465753424657e-001
-8.39160839160842e-002    5.10136986301370e-001
 2.09790209790213e-002    5.21643835616438e-001
 1.36363636363636e-001    5.40821917808219e-001
 2.41258741258741e-001    5.33150684931507e-001
 3.56643356643357e-001    5.21643835616438e-001
 4.93006993006993e-001    5.33150684931507e-001
 5.97902097902098e-001    5.56164383561644e-001
 6.50349650349651e-001    5.79178082191781e-001
 7.02797202797202e-001    6.17534246575343e-001
 7.65734265734266e-001    6.52054794520548e-001
 8.07692307692307e-001    6.98082191780822e-001
 8.60139860139860e-001    7.36438356164383e-001
 9.02097902097902e-001    7.74794520547945e-001
 9.65034965034965e-001    8.20821917808219e-001
 1.04895104895105e+000    8.36164383561644e-001
 1.13286713286713e+000    8.51506849315068e-001
 1.24825174825175e+000    8.66849315068493e-001
 1.31118881118881e+000    8.97534246575342e-001
 1.36363636363636e+000    9.35890410958904e-001
 1.38461538461538e+000    9.74246575342466e-001
 1.39510489510490e+000    1.01643835616438e+000
 1.42657342657343e+000    1.06246575342466e+000
 1.44755244755245e+000    1.11232876712329e+000
 1.53146853146853e+000    1.12767123287671e+000
 1.66783216783217e+000    1.12000000000000e+000
 1.80419580419580e+000    1.12000000000000e+000
 1.88811188811189e+000    1.12000000000000e+000
 2.97902097902098e+000    1.08164383561644e+000
 1.97202797202797e+000    1.11616438356164e+000
 2.05594405594406e+000    1.11232876712329e+000
 2.13986013986014e+000    1.11232876712329e+000
 2.23426573426573e+000    1.11232876712329e+000
 2.33916083916084e+000    1.10849315068493e+000
 2.43356643356643e+000    1.11232876712329e+000
 2.53846153846154e+000    1.10849315068493e+000
 2.66433566433566e+000    1.10849315068493e+000
 2.84265734265734e+000    1.10465753424658e+000
 2.90559440559441e+000    1.10465753424658e+000
