nodenumber,    x-coordinate,    y-coordinate,    z-coordinate,      x-velocity
         1, 1.500000114E-01,-3.600000143E-01, 1.249999982E-01, 2.358424392E+00
         2, 3.000000067E-01,-3.600000143E-01, 1.249999982E-01, 2.371056305E+00
         3, 4.499999892E-01,-3.600000250E-01, 1.250000019E-01, 2.369668441E+00
         4, 7.499999652E-01,-3.600000036E-01, 1.249999945E-01, 2.356648133E+00
         5, 1.499999992E+00,-3.600000143E-01, 1.249999982E-01, 2.342414803E+00
         6, 2.249999948E+00,-3.600000143E-01, 1.249999982E-01, 2.340021745E+00
         7, 3.000000024E+00,-3.600000143E-01, 1.249999982E-01, 2.336211239E+00
         8, 1.500000114E-01,-3.327360609E-01, 1.249999982E-01, 2.358807360E+00
         9, 3.000000067E-01,-3.327360609E-01, 1.249999982E-01, 2.371305180E+00
        10, 4.499999892E-01,-3.327360708E-01, 1.250000019E-01, 2.369740761E+00
        11, 7.499999652E-01,-3.327360510E-01, 1.249999945E-01, 2.356610250E+00
        12, 1.499999992E+00,-3.327360609E-01, 1.249999982E-01, 2.342488335E+00
        13, 2.249999948E+00,-3.327360609E-01, 1.249999982E-01, 2.339494495E+00
        14, 3.000000024E+00,-3.327360609E-01, 1.249999982E-01, 2.333277952E+00
        15, 1.500000114E-01,-3.069492589E-01, 1.249999982E-01, 2.359925342E+00
        16, 3.000000067E-01,-3.069492589E-01, 1.249999982E-01, 2.372007542E+00
        17, 4.499999892E-01,-3.069492680E-01, 1.250000019E-01, 2.369946770E+00
        18, 7.499999652E-01,-3.069492497E-01, 1.249999945E-01, 2.356515402E+00
        19, 1.499999992E+00,-3.069492589E-01, 1.249999982E-01, 2.342581828E+00
        20, 2.249999948E+00,-3.069492589E-01, 1.249999982E-01, 2.336935141E+00
        21, 3.000000024E+00,-3.069492589E-01, 1.249999982E-01, 2.324048770E+00
        22, 1.500000114E-01,-2.825595767E-01, 1.249999982E-01, 2.361747027E+00
        23, 3.000000067E-01,-2.825595767E-01, 1.249999982E-01, 2.373115070E+00
        24, 4.499999892E-01,-2.825595851E-01, 1.250000019E-01, 2.370279019E+00
        25, 7.499999652E-01,-2.825595683E-01, 1.249999945E-01, 2.356387626E+00
        26, 1.499999992E+00,-2.825595767E-01, 1.249999982E-01, 2.342101264E+00
        27, 2.249999948E+00,-2.825595767E-01, 1.249999982E-01, 2.329710364E+00
        28, 3.000000024E+00,-2.825595767E-01, 1.249999982E-01, 2.307483367E+00
        29, 1.500000114E-01,-2.594913188E-01, 1.249999982E-01, 2.364292481E+00
        30, 3.000000067E-01,-2.594913188E-01, 1.249999982E-01, 2.374594036E+00
        31, 4.499999892E-01,-2.594913266E-01, 1.250000019E-01, 2.370735703E+00
        32, 7.499999652E-01,-2.594913111E-01, 1.249999945E-01, 2.356183069E+00
        33, 1.499999992E+00,-2.594913188E-01, 1.249999982E-01, 2.339353763E+00
        34, 2.249999948E+00,-2.594913188E-01, 1.249999982E-01, 2.314820849E+00
        35, 3.000000024E+00,-2.594913188E-01, 1.249999982E-01, 2.283855020E+00
        36, 1.500000114E-01,-2.376728910E-01, 1.249999982E-01, 2.367610934E+00
        37, 3.000000067E-01,-2.376728910E-01, 1.249999982E-01, 2.376404889E+00
        38, 4.499999892E-01,-2.376728981E-01, 1.250000019E-01, 2.371242360E+00
        39, 7.499999652E-01,-2.376728840E-01, 1.249999945E-01, 2.355691905E+00
        40, 1.499999992E+00,-2.376728910E-01, 1.249999982E-01, 2.331126637E+00
        41, 2.249999948E+00,-2.376728910E-01, 1.249999982E-01, 2.290694225E+00
        42, 3.000000024E+00,-2.376728910E-01, 1.249999982E-01, 2.255332416E+00
        43, 1.500000114E-01,-2.170365780E-01, 1.249999982E-01, 2.371760152E+00
        44, 3.000000067E-01,-2.170365780E-01, 1.249999982E-01, 2.378400764E+00
        45, 4.499999892E-01,-2.170365844E-01, 1.250000019E-01, 2.371616646E+00
        46, 7.499999652E-01,-2.170365715E-01, 1.249999945E-01, 2.354394678E+00
        47, 1.499999992E+00,-2.170365780E-01, 1.249999982E-01, 2.313637815E+00
        48, 2.249999948E+00,-2.170365780E-01, 1.249999982E-01, 2.258422901E+00
        49, 3.000000024E+00,-2.170365780E-01, 1.249999982E-01, 2.225180337E+00
        50, 1.500000114E-01,-1.975183330E-01, 1.249999982E-01, 2.376693588E+00
        51, 3.000000067E-01,-1.975183330E-01, 1.249999982E-01, 2.380450183E+00
        52, 4.499999892E-01,-1.975183389E-01, 1.250000019E-01, 2.371922092E+00
        53, 7.499999652E-01,-1.975183272E-01, 1.249999945E-01, 2.350925353E+00
        54, 1.499999992E+00,-1.975183330E-01, 1.249999982E-01, 2.284520332E+00
        55, 2.249999948E+00,-1.975183330E-01, 1.249999982E-01, 2.221628938E+00
        56, 3.000000024E+00,-1.975183330E-01, 1.249999982E-01, 2.196564068E+00
        57, 1.500000114E-01,-1.790575797E-01, 1.249999982E-01, 2.382403945E+00
        58, 3.000000067E-01,-1.790575797E-01, 1.249999982E-01, 2.383389789E+00
        59, 4.499999892E-01,-1.790575851E-01, 1.250000019E-01, 2.372507701E+00
        60, 7.499999652E-01,-1.790575744E-01, 1.249999945E-01, 2.342117059E+00
        61, 1.499999992E+00,-1.790575797E-01, 1.249999982E-01, 2.244233640E+00
        62, 2.249999948E+00,-1.790575797E-01, 1.249999982E-01, 2.184629774E+00
        63, 3.000000024E+00,-1.790575797E-01, 1.249999982E-01, 2.171509507E+00
        64, 1.500000114E-01,-1.615970235E-01, 1.249999982E-01, 2.390555974E+00
        65, 3.000000067E-01,-1.615970235E-01, 1.249999982E-01, 2.388303719E+00
        66, 4.499999892E-01,-1.615970283E-01, 1.250000019E-01, 2.371139409E+00
        67, 7.499999652E-01,-1.615970187E-01, 1.249999945E-01, 2.322253340E+00
        68, 1.499999992E+00,-1.615970235E-01, 1.249999982E-01, 2.196195974E+00
        69, 2.249999948E+00,-1.615970235E-01, 1.249999982E-01, 2.150628223E+00
        70, 3.000000024E+00,-1.615970235E-01, 1.249999982E-01, 2.150779042E+00
        71, 1.500000114E-01,-1.450824740E-01, 1.249999982E-01, 2.403340451E+00
        72, 3.000000067E-01,-1.450824740E-01, 1.249999982E-01, 2.389897931E+00
        73, 4.499999892E-01,-1.450824784E-01, 1.250000019E-01, 2.359338248E+00
        74, 7.499999652E-01,-1.450824697E-01, 1.249999945E-01, 2.282151525E+00
        75, 1.499999992E+00,-1.450824740E-01, 1.249999982E-01, 2.145006166E+00
        76, 2.249999948E+00,-1.450824740E-01, 1.249999982E-01, 2.121233840E+00
        77, 3.000000024E+00,-1.450824740E-01, 1.249999982E-01, 2.134311977E+00
        78, 1.500000114E-01,-1.294626770E-01, 1.249999982E-01, 2.410759050E+00
        79, 3.000000067E-01,-1.294626770E-01, 1.249999982E-01, 2.368632640E+00
        80, 4.499999892E-01,-1.294626809E-01, 1.250000019E-01, 2.313778463E+00
        81, 7.499999652E-01,-1.294626732E-01, 1.249999945E-01, 2.211088533E+00
        82, 1.499999992E+00,-1.294626770E-01, 1.249999982E-01, 2.094353008E+00
        83, 2.249999948E+00,-1.294626770E-01, 1.249999982E-01, 2.096773547E+00
        84, 3.000000024E+00,-1.294626770E-01, 1.249999982E-01, 2.121623332E+00
        85, 1.500000114E-01,-1.146891551E-01, 1.249999982E-01, 2.364951736E+00
        86, 3.000000067E-01,-1.146891551E-01, 1.249999982E-01, 2.266388493E+00
        87, 4.499999892E-01,-1.146891585E-01, 1.250000019E-01, 2.196944289E+00
        88, 7.499999865E-01,-1.146891551E-01, 1.249999982E-01, 2.105688885E+00
        89, 1.499999992E+00,-1.146891551E-01, 1.249999982E-01, 2.046509041E+00
        90, 2.249999948E+00,-1.146891551E-01, 1.249999982E-01, 2.076868386E+00
        91, 3.000000024E+00,-1.146891551E-01, 1.249999982E-01, 2.112021102E+00
        92, 1.500000114E-01,-1.007160574E-01, 1.249999982E-01, 2.150041993E+00
        93, 3.000000067E-01,-1.007160574E-01, 1.249999982E-01, 2.035555235E+00
        94, 4.499999892E-01,-1.007160604E-01, 1.250000019E-01, 1.999318606E+00
        95, 7.499999865E-01,-1.007160574E-01, 1.249999982E-01, 1.974458255E+00
        96, 1.499999992E+00,-1.007160574E-01, 1.249999982E-01, 2.002678237E+00
        97, 2.249999948E+00,-1.007160574E-01, 1.249999982E-01, 2.060842754E+00
        98, 3.000000024E+00,-1.007160574E-01, 1.249999982E-01, 2.104836074E+00
        99, 1.500000114E-01,-8.750001713E-02, 1.249999982E-01, 1.764986418E+00
       100, 3.000000067E-01,-8.750001713E-02, 1.249999982E-01, 1.727676430E+00
       101, 4.499999892E-01,-8.750001974E-02, 1.250000019E-01, 1.758332682E+00
       102, 7.499999865E-01,-8.750001713E-02, 1.249999982E-01, 1.832081366E+00
       103, 1.499999992E+00,-8.750001713E-02, 1.249999982E-01, 1.963475346E+00
       104, 2.249999948E+00,-8.750001713E-02, 1.249999982E-01, 2.048006753E+00
       105, 3.000000024E+00,-8.750001713E-02, 1.249999982E-01, 2.099517096E+00
       106, 1.500000114E-01,-7.500001729E-02, 1.249999982E-01, 1.408412441E+00
       107, 3.000000109E-01,-7.500001841E-02, 1.250000000E-01, 1.440831308E+00
       108, 4.499999767E-01,-7.500001729E-02, 1.249999982E-01, 1.522071120E+00
       109, 7.499999865E-01,-7.500001729E-02, 1.249999982E-01, 1.693064379E+00
       110, 1.499999992E+00,-7.500001729E-02, 1.249999982E-01, 1.929302435E+00
       111, 2.249999948E+00,-7.500001729E-02, 1.249999982E-01, 2.037802022E+00
       112, 3.000000024E+00,-7.500001729E-02, 1.249999982E-01, 2.095640234E+00
       113, 1.500000114E-01,-6.250001832E-02, 1.249999982E-01, 1.195290405E+00
       114, 3.000000109E-01,-6.250001925E-02, 1.250000000E-01, 1.212036832E+00
       115, 4.499999767E-01,-6.250001832E-02, 1.249999982E-01, 1.309307064E+00
       116, 7.499999865E-01,-6.250001832E-02, 1.249999982E-01, 1.561595298E+00
       117, 1.499999992E+00,-6.250001832E-02, 1.249999982E-01, 1.898953298E+00
       118, 2.249999948E+00,-6.250001832E-02, 1.249999982E-01, 2.029414634E+00
       119, 3.000000024E+00,-6.250001832E-02, 1.249999982E-01, 2.092783011E+00
       120, 1.500000114E-01,-5.000001935E-02, 1.249999982E-01, 1.079043743E+00
       121, 3.000000109E-01,-5.000002009E-02, 1.250000000E-01, 1.037893426E+00
       122, 4.499999767E-01,-5.000001935E-02, 1.249999982E-01, 1.133570501E+00
       123, 7.499999865E-01,-5.000001935E-02, 1.249999982E-01, 1.447119803E+00
       124, 1.499999992E+00,-5.000001935E-02, 1.249999982E-01, 1.873450581E+00
       125, 2.249999948E+00,-5.000001935E-02, 1.249999982E-01, 2.022870112E+00
       126, 3.000000024E+00,-5.000001935E-02, 1.249999982E-01, 2.090904029E+00
       127, 1.500000114E-01,-3.750002038E-02, 1.249999982E-01, 9.462201909E-01
       128, 3.000000109E-01,-3.750002094E-02, 1.250000000E-01, 8.903758310E-01
       129, 4.499999767E-01,-3.750002038E-02, 1.249999982E-01, 9.957997762E-01
       130, 7.499999865E-01,-3.750002038E-02, 1.249999982E-01, 1.355700372E+00
       131, 1.499999992E+00,-3.750002038E-02, 1.249999982E-01, 1.853660804E+00
       132, 2.249999948E+00,-3.750002038E-02, 1.249999982E-01, 2.018237876E+00
       133, 3.000000024E+00,-3.750002038E-02, 1.249999982E-01, 2.089985568E+00
       134, 1.500000119E-01,-2.500002150E-02, 1.249999987E-01, 7.562130843E-01
       135, 3.000000109E-01,-2.500002178E-02, 1.250000000E-01, 7.604868016E-01
       136, 4.499999767E-01,-2.500002141E-02, 1.249999982E-01, 8.941957292E-01
       137, 7.499999865E-01,-2.500002141E-02, 1.249999982E-01, 1.289624054E+00
       138, 1.499999992E+00,-2.500002141E-02, 1.249999982E-01, 1.840160365E+00
       139, 2.249999948E+00,-2.500002141E-02, 1.249999982E-01, 2.015605020E+00
       140, 3.000000024E+00,-2.500002141E-02, 1.249999982E-01, 2.090024208E+00
       141, 1.500000119E-01,-1.250002248E-02, 1.249999987E-01, 5.909559112E-01
       142, 3.000000109E-01,-1.250002262E-02, 1.250000000E-01, 6.679463710E-01
       143, 4.499999767E-01,-1.250002244E-02, 1.249999982E-01, 8.285643820E-01
       144, 7.499999865E-01,-1.250002244E-02, 1.249999982E-01, 1.249401391E+00
       145, 1.499999992E+00,-1.250002244E-02, 1.249999982E-01, 1.833284464E+00
       146, 2.249999948E+00,-1.250002244E-02, 1.249999982E-01, 2.015050136E+00
       147, 3.000000024E+00,-1.250002244E-02, 1.249999982E-01, 2.091021820E+00
       148, 1.500000119E-01,-2.346500009E-08, 1.249999987E-01, 5.270341459E-01
       149, 3.000000109E-01,-2.346500036E-08, 1.250000000E-01, 6.310520689E-01
       150, 4.499999767E-01,-2.346500000E-08, 1.249999982E-01, 8.014350879E-01
       151, 7.499999865E-01,-2.346500000E-08, 1.249999982E-01, 1.235861899E+00
       152, 1.499999992E+00,-2.346499981E-08, 1.249999982E-01, 1.833208528E+00
       153, 2.249999948E+00,-2.346499979E-08, 1.249999982E-01, 2.016618279E+00
       154, 3.000000024E+00,-2.346500004E-08, 1.249999982E-01, 2.092978483E+00
       155, 1.500000119E-01, 1.249997555E-02, 1.249999987E-01, 5.709913585E-01
       156, 3.000000109E-01, 1.249997569E-02, 1.250000000E-01, 6.511011826E-01
       157, 4.499999767E-01, 1.249997551E-02, 1.249999982E-01, 8.147351246E-01
       158, 7.499999865E-01, 1.249997551E-02, 1.249999982E-01, 1.249499435E+00
       159, 1.499999992E+00, 1.249997551E-02, 1.249999982E-01, 1.839867850E+00
       160, 2.249999948E+00, 1.249997551E-02, 1.249999982E-01, 2.020304319E+00
       161, 3.000000024E+00, 1.249997551E-02, 1.249999982E-01, 2.095886674E+00
       162, 1.500000119E-01, 2.499997457E-02, 1.249999987E-01, 7.214145533E-01
       163, 3.000000109E-01, 2.499997485E-02, 1.250000000E-01, 7.211103779E-01
       164, 4.499999767E-01, 2.499997448E-02, 1.249999982E-01, 8.665278111E-01
       165, 7.499999865E-01, 2.499997448E-02, 1.249999982E-01, 1.289779075E+00
       166, 1.499999992E+00, 2.499997448E-02, 1.249999982E-01, 1.852963436E+00
       167, 2.249999948E+00, 2.499997448E-02, 1.249999982E-01, 2.026050674E+00
       168, 3.000000024E+00, 2.499997448E-02, 1.249999982E-01, 2.099724815E+00
       169, 1.500000119E-01, 3.749997359E-02, 1.249999987E-01, 9.174522933E-01
       170, 3.000000109E-01, 3.749997401E-02, 1.250000000E-01, 8.327139862E-01
       171, 4.499999767E-01, 3.749997345E-02, 1.249999982E-01, 9.581339500E-01
       172, 7.499999865E-01, 3.749997345E-02, 1.249999982E-01, 1.356143340E+00
       173, 1.499999992E+00, 3.749997345E-02, 1.249999982E-01, 1.872071456E+00
       174, 2.249999948E+00, 3.749997345E-02, 1.249999982E-01, 2.033755078E+00
       175, 3.000000024E+00, 3.749997345E-02, 1.249999982E-01, 2.104452403E+00
       176, 1.500000119E-01, 4.999997260E-02, 1.249999987E-01, 1.077704432E+00
       177, 3.000000109E-01, 4.999997316E-02, 1.250000000E-01, 9.837342497E-01
       178, 4.499999767E-01, 4.999997242E-02, 1.249999982E-01, 1.095363706E+00
       179, 7.499999865E-01, 4.999997242E-02, 1.249999982E-01, 1.448682956E+00
       180, 1.499999992E+00, 4.999997242E-02, 1.249999982E-01, 1.896743926E+00
       181, 2.249999948E+00, 4.999997242E-02, 1.249999982E-01, 2.043279272E+00
       182, 3.000000024E+00, 4.999997242E-02, 1.249999982E-01, 2.110010067E+00
       183, 1.500000119E-01, 6.249997162E-02, 1.249999987E-01, 1.220359877E+00
       184, 3.000000109E-01, 6.249997232E-02, 1.250000000E-01, 1.182186307E+00
       185, 4.499999767E-01, 6.249997139E-02, 1.249999982E-01, 1.281197914E+00
       186, 7.499999865E-01, 6.249997139E-02, 1.249999982E-01, 1.565510304E+00
       187, 1.499999992E+00, 6.249997139E-02, 1.249999982E-01, 1.926376505E+00
       188, 2.249999948E+00, 6.249997139E-02, 1.249999982E-01, 2.054452976E+00
       189, 3.000000024E+00, 6.249997139E-02, 1.249999982E-01, 2.116323649E+00
       190, 1.500000119E-01, 7.499997064E-02, 1.249999987E-01, 1.437220040E+00
       191, 3.000000109E-01, 7.499997148E-02, 1.250000000E-01, 1.436915519E+00
       192, 4.499999767E-01, 7.499997036E-02, 1.249999982E-01, 1.508896307E+00
       193, 7.499999865E-01, 7.499997036E-02, 1.249999982E-01, 1.700103562E+00
       194, 1.499999992E+00, 7.499997036E-02, 1.249999982E-01, 1.960002639E+00
       195, 2.249999948E+00, 7.499997036E-02, 1.249999982E-01, 2.067075554E+00
       196, 3.000000024E+00, 7.499997036E-02, 1.249999982E-01, 2.123310107E+00
       197, 1.500000119E-01, 8.749997314E-02, 1.249999987E-01, 1.775371067E+00
       198, 3.000000109E-01, 8.749997412E-02, 1.250000000E-01, 1.734223623E+00
       199, 4.499999767E-01, 8.749997282E-02, 1.249999982E-01, 1.756689499E+00
       200, 7.499999865E-01, 8.749997282E-02, 1.249999982E-01, 1.841660807E+00
       201, 1.499999992E+00, 8.749997282E-02, 1.249999982E-01, 1.996364520E+00
       202, 2.249999948E+00, 8.749997282E-02, 1.249999982E-01, 2.080922742E+00
       203, 3.000000024E+00, 8.749997282E-02, 1.249999982E-01, 2.130884758E+00
       204, 1.500000119E-01, 1.007160161E-01, 1.249999987E-01, 2.144772134E+00
       205, 3.000000109E-01, 1.007160172E-01, 1.250000000E-01, 2.038601664E+00
       206, 4.499999767E-01, 1.007160157E-01, 1.249999982E-01, 2.001970059E+00
       207, 7.499999865E-01, 1.007160157E-01, 1.249999982E-01, 1.984515353E+00
       208, 1.499999992E+00, 1.007160157E-01, 1.249999982E-01, 2.036283639E+00
       209, 2.249999948E+00, 1.007160157E-01, 1.249999982E-01, 2.096671189E+00
       210, 3.000000024E+00, 1.007160157E-01, 1.249999982E-01, 2.139471069E+00
       211, 1.500000119E-01, 1.146891167E-01, 1.249999987E-01, 2.359603562E+00
       212, 3.000000109E-01, 1.146891179E-01, 1.250000000E-01, 2.265287766E+00
       213, 4.499999767E-01, 1.146891162E-01, 1.249999982E-01, 2.198508994E+00
       214, 7.499999865E-01, 1.146891162E-01, 1.249999982E-01, 2.113337682E+00
       215, 1.499999992E+00, 1.146891162E-01, 1.249999982E-01, 2.078647191E+00
       216, 2.249999948E+00, 1.146891162E-01, 1.249999982E-01, 2.114386366E+00
       217, 3.000000024E+00, 1.146891162E-01, 1.249999982E-01, 2.149181077E+00
       218, 1.500000119E-01, 1.294626415E-01, 1.249999987E-01, 2.408313915E+00
       219, 3.000000109E-01, 1.294626429E-01, 1.250000000E-01, 2.367804290E+00
       220, 4.499999767E-01, 1.294626410E-01, 1.249999982E-01, 2.313665213E+00
       221, 7.499999865E-01, 1.294626410E-01, 1.249999982E-01, 2.214429263E+00
       222, 1.499999992E+00, 1.294626410E-01, 1.249999982E-01, 2.122328627E+00
       223, 2.249999948E+00, 1.294626410E-01, 1.249999982E-01, 2.134195309E+00
       224, 3.000000024E+00, 1.294626410E-01, 1.249999982E-01, 2.160193855E+00
       225, 1.500000119E-01, 1.450824415E-01, 1.249999987E-01, 2.401394954E+00
       226, 3.000000109E-01, 1.450824431E-01, 1.250000000E-01, 2.389686122E+00
       227, 4.499999767E-01, 1.450824409E-01, 1.249999982E-01, 2.358741731E+00
       228, 7.499999865E-01, 1.450824409E-01, 1.249999982E-01, 2.281649692E+00
       229, 1.499999992E+00, 1.450824409E-01, 1.249999982E-01, 2.166271805E+00
       230, 2.249999948E+00, 1.450824409E-01, 1.249999982E-01, 2.156308799E+00
       231, 3.000000024E+00, 1.450824409E-01, 1.249999982E-01, 2.172782842E+00
       232, 1.500000119E-01, 1.615969940E-01, 1.249999987E-01, 2.388845369E+00
       233, 3.000000109E-01, 1.615969958E-01, 1.250000000E-01, 2.388127439E+00
       234, 4.499999767E-01, 1.615969934E-01, 1.249999982E-01, 2.370516638E+00
       235, 7.499999865E-01, 1.615969934E-01, 1.249999982E-01, 2.319990458E+00
       236, 1.499999992E+00, 1.615969934E-01, 1.249999982E-01, 2.209309842E+00
       237, 2.249999948E+00, 1.615969934E-01, 1.249999982E-01, 2.180964480E+00
       238, 3.000000024E+00, 1.615969934E-01, 1.249999982E-01, 2.187305237E+00
       239, 1.500000119E-01, 1.790575534E-01, 1.249999987E-01, 2.380739581E+00
       240, 3.000000109E-01, 1.790575554E-01, 1.250000000E-01, 2.383110175E+00
       241, 4.499999767E-01, 1.790575527E-01, 1.249999982E-01, 2.371938617E+00
       242, 7.499999865E-01, 1.790575527E-01, 1.249999982E-01, 2.339853019E+00
       243, 1.499999992E+00, 1.790575527E-01, 1.249999982E-01, 2.249635481E+00
       244, 2.249999948E+00, 1.790575527E-01, 1.249999982E-01, 2.208168699E+00
       245, 3.000000024E+00, 1.790575527E-01, 1.249999982E-01, 2.204130482E+00
       246, 1.500000119E-01, 1.975183099E-01, 1.249999987E-01, 2.375089766E+00
       247, 3.000000109E-01, 1.975183121E-01, 1.250000000E-01, 2.380040826E+00
       248, 4.499999767E-01, 1.975183092E-01, 1.249999982E-01, 2.371423329E+00
       249, 7.499999865E-01, 1.975183092E-01, 1.249999982E-01, 2.349256027E+00
       250, 1.499999992E+00, 1.975183092E-01, 1.249999982E-01, 2.284438281E+00
       251, 2.249999948E+00, 1.975183092E-01, 1.249999982E-01, 2.237222880E+00
       252, 3.000000024E+00, 1.975183092E-01, 1.249999982E-01, 2.223428722E+00
       253, 1.500000119E-01, 2.170365581E-01, 1.249999987E-01, 2.370238881E+00
       254, 3.000000109E-01, 2.170365605E-01, 1.250000000E-01, 2.377906668E+00
       255, 4.499999767E-01, 2.170365573E-01, 1.249999982E-01, 2.371171068E+00
       256, 7.499999865E-01, 2.170365573E-01, 1.249999982E-01, 2.353205149E+00
       257, 1.499999992E+00, 2.170365573E-01, 1.249999982E-01, 2.310879099E+00
       258, 2.249999948E+00, 2.170365573E-01, 1.249999982E-01, 2.266274466E+00
       259, 3.000000024E+00, 2.170365573E-01, 1.249999982E-01, 2.244852431E+00
       260, 1.500000119E-01, 2.376728746E-01, 1.249999987E-01, 2.366170760E+00
       261, 3.000000109E-01, 2.376728772E-01, 1.250000000E-01, 2.375867319E+00
       262, 4.499999767E-01, 2.376728737E-01, 1.249999982E-01, 2.370839744E+00
       263, 7.499999865E-01, 2.376728737E-01, 1.249999982E-01, 2.354779763E+00
       264, 1.499999992E+00, 2.376728737E-01, 1.249999982E-01, 2.327728683E+00
       265, 2.249999948E+00, 2.376728737E-01, 1.249999982E-01, 2.292397113E+00
       266, 3.000000024E+00, 2.376728737E-01, 1.249999982E-01, 2.267237281E+00
       267, 1.500000119E-01, 2.594913058E-01, 1.249999987E-01, 2.362923425E+00
       268, 3.000000109E-01, 2.594913087E-01, 1.250000000E-01, 2.374029044E+00
       269, 4.499999767E-01, 2.594913048E-01, 1.249999982E-01, 2.370369055E+00
       270, 7.499999865E-01, 2.594913048E-01, 1.249999982E-01, 2.355435145E+00
       271, 1.499999992E+00, 2.594913048E-01, 1.249999982E-01, 2.336197831E+00
       272, 2.249999948E+00, 2.594913048E-01, 1.249999982E-01, 2.312541181E+00
       273, 3.000000024E+00, 2.594913048E-01, 1.249999982E-01, 2.288554877E+00
       274, 1.500000119E-01, 2.825595671E-01, 1.249999987E-01, 2.360438625E+00
       275, 3.000000109E-01, 2.825595703E-01, 1.250000000E-01, 2.372530545E+00
       276, 4.499999767E-01, 2.825595661E-01, 1.249999982E-01, 2.369937468E+00
       277, 7.499999865E-01, 2.825595661E-01, 1.249999982E-01, 2.355751878E+00
       278, 1.499999992E+00, 2.825595661E-01, 1.249999982E-01, 2.339337098E+00
       279, 2.249999948E+00, 2.825595661E-01, 1.249999982E-01, 2.325365612E+00
       280, 3.000000024E+00, 2.825595661E-01, 1.249999982E-01, 2.306313128E+00
       281, 1.500000119E-01, 3.069492529E-01, 1.249999987E-01, 2.358663571E+00
       282, 3.000000109E-01, 3.069492563E-01, 1.250000000E-01, 2.371411676E+00
       283, 4.499999767E-01, 3.069492518E-01, 1.249999982E-01, 2.369621518E+00
       284, 7.499999865E-01, 3.069492518E-01, 1.249999982E-01, 2.355959300E+00
       285, 1.499999992E+00, 3.069492518E-01, 1.249999982E-01, 2.340109594E+00
       286, 2.249999948E+00, 3.069492518E-01, 1.249999982E-01, 2.331877968E+00
       287, 3.000000024E+00, 3.069492518E-01, 1.249999982E-01, 2.318822016E+00
       288, 1.500000119E-01, 3.327360586E-01, 1.249999987E-01, 2.357575631E+00
       289, 3.000000109E-01, 3.327360623E-01, 1.250000000E-01, 2.370703215E+00
       290, 4.499999767E-01, 3.327360573E-01, 1.249999982E-01, 2.369424800E+00
       291, 7.499999865E-01, 3.327360573E-01, 1.249999982E-01, 2.356101837E+00
       292, 1.499999992E+00, 3.327360573E-01, 1.249999982E-01, 2.340180314E+00
       293, 2.249999948E+00, 3.327360573E-01, 1.249999982E-01, 2.334336053E+00
       294, 3.000000024E+00, 3.327360573E-01, 1.249999982E-01, 2.325896296E+00
       295, 1.500000119E-01, 3.600000156E-01, 1.249999987E-01, 2.357203640E+00
       296, 3.000000109E-01, 3.600000197E-01, 1.250000000E-01, 2.370452395E+00
       297, 4.499999767E-01, 3.600000143E-01, 1.249999982E-01, 2.369355645E+00
       298, 7.499999865E-01, 3.600000143E-01, 1.249999982E-01, 2.356156339E+00
       299, 1.499999992E+00, 3.600000143E-01, 1.249999982E-01, 2.340161459E+00
       300, 2.249999948E+00, 3.600000143E-01, 1.249999982E-01, 2.334882493E+00
       301, 3.000000046E+00, 3.600000170E-01, 1.249999991E-01, 2.328153749E+00
