nodenumber,    x-coordinate,    y-coordinate,    z-coordinate,      x-velocity
         1,-1.500000037E-01,-2.346499996E-08, 0.000000000E+00, 5.433946159E-01
         2, 3.000000109E-01,-2.346500038E-08, 0.000000000E+00, 1.037135386E+00
         3, 4.499999767E-01,-2.346500000E-08, 0.000000000E+00, 8.826050195E-01
         4, 7.499999865E-01,-2.346500000E-08, 0.000000000E+00, 6.200362339E-01
         5, 1.049999957E+00,-2.346499757E-08, 0.000000000E+00, 5.299488357E-01
         6, 1.499999992E+00,-2.346499963E-08, 0.000000000E+00, 5.041286692E-01
         7, 2.099999885E+00,-2.346499957E-08, 0.000000000E+00, 4.970798582E-01
         8, 3.000000046E+00,-2.346500025E-08, 0.000000000E+00, 5.008756730E-01
         9,-1.500000022E-01,-2.346499995E-08, 5.000000080E-04, 7.583248146E-01
        10, 3.000000109E-01,-2.346500038E-08, 5.000000149E-04, 1.256552248E+00
        11, 4.499999767E-01,-2.346500001E-08, 5.000000075E-04, 1.102961202E+00
        12, 7.499999865E-01,-2.346500001E-08, 5.000000075E-04, 8.350242952E-01
        13, 1.049999957E+00,-2.346499757E-08, 5.000000075E-04, 7.423390942E-01
        14, 1.499999992E+00,-2.346499963E-08, 5.000000075E-04, 7.167967807E-01
        15, 2.099999885E+00,-2.346499959E-08, 5.000000075E-04, 7.100786956E-01
        16, 3.000000046E+00,-2.346500026E-08, 5.000000112E-04, 7.138278429E-01
        17,-1.500000022E-01,-2.346499995E-08, 1.073981263E-03, 9.007435981E-01
        18, 3.000000109E-01,-2.346500038E-08, 1.073981278E-03, 1.404902305E+00
        19, 4.499999767E-01,-2.346500000E-08, 1.073981262E-03, 1.255051817E+00
        20, 7.499999865E-01,-2.346500000E-08, 1.073981262E-03, 9.776254899E-01
        21, 1.049999957E+00,-2.346499757E-08, 1.073981262E-03, 8.791359464E-01
        22, 1.499999992E+00,-2.346499961E-08, 1.073981262E-03, 8.537716709E-01
        23, 2.099999885E+00,-2.346499957E-08, 1.073981262E-03, 8.477536041E-01
        24, 3.000000046E+00,-2.346500025E-08, 1.073981270E-03, 8.514459469E-01
        25,-1.500000022E-01,-2.346499996E-08, 1.732890214E-03, 1.008785602E+00
        26, 3.000000109E-01,-2.346500038E-08, 1.732890238E-03, 1.514443108E+00
        27, 4.499999767E-01,-2.346500000E-08, 1.732890212E-03, 1.371185124E+00
        28, 7.499999865E-01,-2.346500000E-08, 1.732890212E-03, 1.086225023E+00
        29, 1.049999957E+00,-2.346499756E-08, 1.732890212E-03, 9.811129742E-01
        30, 1.499999992E+00,-2.346499963E-08, 1.732890212E-03, 9.553855585E-01
        31, 2.099999885E+00,-2.346499958E-08, 1.732890212E-03, 9.501546070E-01
        32, 3.000000046E+00,-2.346500026E-08, 1.732890225E-03, 9.538086674E-01
        33,-1.500000022E-01,-2.346499995E-08, 2.489292976E-03, 1.096449566E+00
        34, 3.000000109E-01,-2.346500035E-08, 2.489293010E-03, 1.598133375E+00
        35, 4.499999767E-01,-2.346499999E-08, 2.489292973E-03, 1.463578441E+00
        36, 7.499999865E-01,-2.346499999E-08, 2.489292973E-03, 1.174298377E+00
        37, 1.049999957E+00,-2.346499758E-08, 2.489292973E-03, 1.062382169E+00
        38, 1.499999992E+00,-2.346499962E-08, 2.489292973E-03, 1.035850972E+00
        39, 2.099999885E+00,-2.346499958E-08, 2.489292973E-03, 1.031517422E+00
        40, 3.000000046E+00,-2.346500025E-08, 2.489292992E-03, 1.035218409E+00
        41,-1.500000023E-01,-2.346499995E-08, 3.357614975E-03, 1.171386717E+00
        42, 3.000000109E-01,-2.346500036E-08, 3.357615021E-03, 1.663555927E+00
        43, 4.499999767E-01,-2.346500000E-08, 3.357614971E-03, 1.539098097E+00
        44, 7.499999865E-01,-2.346500000E-08, 3.357614971E-03, 1.249172978E+00
        45, 1.049999957E+00,-2.346499755E-08, 3.357614971E-03, 1.130539363E+00
        46, 1.499999992E+00,-2.346499961E-08, 3.357614971E-03, 1.102814688E+00
        47, 2.099999885E+00,-2.346499958E-08, 3.357614971E-03, 1.099510830E+00
        48, 3.000000046E+00,-2.346500026E-08, 3.357614996E-03, 1.103394131E+00
        49,-1.500000023E-01,-2.346499996E-08, 4.354416060E-03, 1.238198234E+00
        50, 3.000000109E-01,-2.346500038E-08, 4.354416120E-03, 1.715678202E+00
        51, 4.499999767E-01,-2.346500000E-08, 4.354416055E-03, 1.601832656E+00
        52, 7.499999865E-01,-2.346500000E-08, 4.354416055E-03, 1.315202120E+00
        53, 1.049999957E+00,-2.346499756E-08, 4.354416055E-03, 1.190158711E+00
        54, 1.499999992E+00,-2.346499963E-08, 4.354416055E-03, 1.160851394E+00
        55, 2.099999885E+00,-2.346499958E-08, 4.354416055E-03, 1.158733067E+00
        56, 3.000000046E+00,-2.346500026E-08, 4.354416087E-03, 1.162984282E+00
        57,-1.500000023E-01,-2.346499995E-08, 5.498706317E-03, 1.299765833E+00
        58, 3.000000109E-01,-2.346500038E-08, 5.498706393E-03, 1.758244260E+00
        59, 4.499999767E-01,-2.346500000E-08, 5.498706311E-03, 1.654469001E+00
        60, 7.499999865E-01,-2.346500000E-08, 5.498706311E-03, 1.375080284E+00
        61, 1.049999957E+00,-2.346499757E-08, 5.498706311E-03, 1.244181476E+00
        62, 1.499999992E+00,-2.346499963E-08, 5.498706311E-03, 1.212868209E+00
        63, 2.099999885E+00,-2.346499958E-08, 5.498706311E-03, 1.212096328E+00
        64, 3.000000046E+00,-2.346500026E-08, 5.498706352E-03, 1.216955034E+00
        65,-1.500000024E-01,-2.346499995E-08, 6.812308611E-03, 1.357900327E+00
        66, 3.000000109E-01,-2.346500038E-08, 6.812308705E-03, 1.794410080E+00
        67, 4.499999767E-01,-2.346500000E-08, 6.812308604E-03, 1.699035783E+00
        68, 7.499999865E-01,-2.346500000E-08, 6.812308604E-03, 1.430479293E+00
        69, 1.049999957E+00,-2.346499757E-08, 6.812308604E-03, 1.294571907E+00
        70, 1.499999992E+00,-2.346499963E-08, 6.812308604E-03, 1.260767967E+00
        71, 2.099999885E+00,-2.346499958E-08, 6.812308604E-03, 1.261486794E+00
        72, 3.000000046E+00,-2.346500026E-08, 6.812308654E-03, 1.267248965E+00
        73,-1.500000024E-01,-2.346499995E-08, 8.320274774E-03, 1.413708180E+00
        74, 3.000000109E-01,-2.346500038E-08, 8.320274889E-03, 1.826928761E+00
        75, 4.499999767E-01,-2.346500000E-08, 8.320274765E-03, 1.737240341E+00
        76, 7.499999865E-01,-2.346500000E-08, 8.320274765E-03, 1.482378636E+00
        77, 1.049999957E+00,-2.346499756E-08, 8.320274765E-03, 1.342669219E+00
        78, 1.499999992E+00,-2.346499963E-08, 8.320274765E-03, 1.305821547E+00
        79, 2.099999885E+00,-2.346499957E-08, 8.320274765E-03, 1.308134282E+00
        80, 3.000000046E+00,-2.346500026E-08, 8.320274827E-03, 1.315150558E+00
        81,-1.500000025E-01,-2.346499996E-08, 1.005136337E-02, 1.467825035E+00
        82, 3.000000109E-01,-2.346500038E-08, 1.005136351E-02, 1.857947705E+00
        83, 4.499999767E-01,-2.346500000E-08, 1.005136336E-02, 1.770446765E+00
        84, 7.499999865E-01,-2.346500000E-08, 1.005136336E-02, 1.531216916E+00
        85, 1.049999957E+00,-2.346499757E-08, 1.005136336E-02, 1.389378168E+00
        86, 1.499999992E+00,-2.346499963E-08, 1.005136336E-02, 1.348913972E+00
        87, 2.099999885E+00,-2.346499958E-08, 1.005136336E-02, 1.352842991E+00
        88, 3.000000046E+00,-2.346500026E-08, 1.005136343E-02, 1.361510133E+00
        89,-1.500000025E-01,-2.346499996E-08, 1.203858814E-02, 1.520576230E+00
        90, 3.000000109E-01,-2.346500038E-08, 1.203858831E-02, 1.888381497E+00
        91, 4.499999767E-01,-2.346500000E-08, 1.203858813E-02, 1.799361408E+00
        92, 7.499999865E-01,-2.346500000E-08, 1.203858813E-02, 1.576919920E+00
        93, 1.049999957E+00,-2.346499757E-08, 1.203858813E-02, 1.435250199E+00
        94, 1.499999992E+00,-2.346499963E-08, 1.203858813E-02, 1.390698072E+00
        95, 2.099999885E+00,-2.346499958E-08, 1.203858813E-02, 1.396145740E+00
        96, 3.000000046E+00,-2.346500026E-08, 1.203858822E-02, 1.406888977E+00
        97,-1.500000026E-01,-2.346499996E-08, 1.431984764E-02, 1.572093210E+00
        98, 3.000000109E-01,-2.346500038E-08, 1.431984784E-02, 1.916946194E+00
        99, 4.499999767E-01,-2.346500000E-08, 1.431984763E-02, 1.823618967E+00
       100, 7.499999865E-01,-2.346500000E-08, 1.431984763E-02, 1.618856309E+00
       101, 1.049999957E+00,-2.346499757E-08, 1.431984763E-02, 1.480479900E+00
       102, 1.499999992E+00,-2.346499963E-08, 1.431984763E-02, 1.431676009E+00
       103, 2.099999885E+00,-2.346499957E-08, 1.431984763E-02, 1.438410732E+00
       104, 3.000000046E+00,-2.346500026E-08, 1.431984774E-02, 1.451655911E+00
       105,-1.500000027E-01,-2.346499996E-08, 1.693864799E-02, 1.622401793E+00
       106, 3.000000109E-01,-2.346500038E-08, 1.693864822E-02, 1.939596476E+00
       107, 4.499999767E-01,-2.346500000E-08, 1.693864797E-02, 1.841362229E+00
       108, 7.499999865E-01,-2.346500000E-08, 1.693864797E-02, 1.655797116E+00
       109, 1.049999957E+00,-2.346499757E-08, 1.693864797E-02, 1.524841438E+00
       110, 1.499999992E+00,-2.346499964E-08, 1.693864797E-02, 1.472234658E+00
       111, 2.099999885E+00,-2.346499958E-08, 1.693864797E-02, 1.479915525E+00
       112, 3.000000046E+00,-2.346500026E-08, 1.693864809E-02, 1.496052441E+00
       113,-1.500000028E-01,-2.346499997E-08, 1.994493255E-02, 1.671490744E+00
       114, 3.000000109E-01,-2.346500038E-08, 1.994493283E-02, 1.949529554E+00
       115, 4.499999767E-01,-2.346500000E-08, 1.994493253E-02, 1.849078414E+00
       116, 7.499999865E-01,-2.346500000E-08, 1.994493253E-02, 1.686007144E+00
       117, 1.049999957E+00,-2.346499756E-08, 1.994493253E-02, 1.567605423E+00
       118, 1.499999992E+00,-2.346499964E-08, 1.994493253E-02, 1.512640236E+00
       119, 2.099999885E+00,-2.346499959E-08, 1.994493253E-02, 1.520894911E+00
       120, 3.000000046E+00,-2.346500026E-08, 1.994493268E-02, 1.540237214E+00
       121,-1.500000029E-01,-2.346499996E-08, 2.339603447E-02, 1.719364235E+00
       122, 3.000000109E-01,-2.346500038E-08, 2.339603480E-02, 1.938241555E+00
       123, 4.499999767E-01,-2.346500001E-08, 2.339603445E-02, 1.842226355E+00
       124, 7.499999865E-01,-2.346500000E-08, 2.339603445E-02, 1.707702754E+00
       125, 1.049999957E+00,-2.346499757E-08, 2.339603445E-02, 1.607498319E+00
       126, 1.499999992E+00,-2.346499962E-08, 2.339603445E-02, 1.552992539E+00
       127, 2.099999885E+00,-2.346499957E-08, 2.339603445E-02, 1.561564507E+00
       128, 3.000000046E+00,-2.346500025E-08, 2.339603462E-02, 1.584316828E+00
       129,-1.500000030E-01,-2.346499996E-08, 2.735777003E-02, 1.766078645E+00
       130, 3.000000109E-01,-2.346500038E-08, 2.735777041E-02, 1.895415050E+00
       131, 4.499999767E-01,-2.346500001E-08, 2.735777000E-02, 1.816035699E+00
       132, 7.499999865E-01,-2.346500000E-08, 2.735777000E-02, 1.719244497E+00
       133, 1.049999957E+00,-2.346499757E-08, 2.735777000E-02, 1.642778698E+00
       134, 1.499999992E+00,-2.346499962E-08, 2.735777000E-02, 1.593147545E+00
       135, 2.099999885E+00,-2.346499957E-08, 2.735777000E-02, 1.602119475E+00
       136, 3.000000046E+00,-2.346500025E-08, 2.735777021E-02, 1.628367683E+00
       137,-1.500000031E-01,-2.346499995E-08, 3.190569386E-02, 1.811760970E+00
       138, 3.000000109E-01,-2.346500037E-08, 3.190569430E-02, 1.810949228E+00
       139, 4.499999767E-01,-2.346500001E-08, 3.190569382E-02, 1.766172326E+00
       140, 7.499999865E-01,-2.346500001E-08, 3.190569382E-02, 1.718848262E+00
       141, 1.049999957E+00,-2.346499757E-08, 3.190569382E-02, 1.671495190E+00
       142, 1.499999992E+00,-2.346499962E-08, 3.190569382E-02, 1.632636122E+00
       143, 2.099999885E+00,-2.346499955E-08, 3.190569382E-02, 1.642708954E+00
       144, 3.000000046E+00,-2.346500024E-08, 3.190569406E-02, 1.672452266E+00
       145,-1.500000033E-01,-2.346499996E-08, 3.712653982E-02, 1.856606075E+00
       146, 3.000000109E-01,-2.346500039E-08, 3.712654033E-02, 1.685136270E+00
       147, 4.499999767E-01,-2.346500001E-08, 3.712653978E-02, 1.690784335E+00
       148, 7.499999865E-01,-2.346500001E-08, 3.712653978E-02, 1.704943730E+00
       149, 1.049999957E+00,-2.346499758E-08, 3.712653978E-02, 1.691961715E+00
       150, 1.499999992E+00,-2.346499962E-08, 3.712653978E-02, 1.670622275E+00
       151, 2.099999885E+00,-2.346499956E-08, 3.712653978E-02, 1.683392820E+00
       152, 3.000000046E+00,-2.346500025E-08, 3.712654005E-02, 1.716632961E+00
       153,-1.500000034E-01,-2.346499996E-08, 4.311987516E-02, 1.900855132E+00
       154, 3.000000109E-01,-2.346500038E-08, 4.311987575E-02, 1.533864221E+00
       155, 4.499999767E-01,-2.346500001E-08, 4.311987511E-02, 1.592874872E+00
       156, 7.499999865E-01,-2.346500001E-08, 4.311987511E-02, 1.676631401E+00
       157, 1.049999957E+00,-2.346499758E-08, 4.311987511E-02, 1.703228462E+00
       158, 1.499999992E+00,-2.346499963E-08, 4.311987511E-02, 1.705951967E+00
       159, 2.099999885E+00,-2.346499956E-08, 4.311987511E-02, 1.724097631E+00
       160, 3.000000046E+00,-2.346500025E-08, 4.311987543E-02, 1.760986693E+00
       161,-1.500000037E-01,-2.346499997E-08, 4.999999933E-02, 1.944770461E+00
       162, 3.000000109E-01,-2.346500038E-08, 5.000000002E-02, 1.380415547E+00
       163, 4.499999767E-01,-2.346500001E-08, 4.999999927E-02, 1.479454868E+00
       164, 7.499999865E-01,-2.346500001E-08, 4.999999927E-02, 1.633933339E+00
       165, 1.049999957E+00,-2.346499757E-08, 4.999999927E-02, 1.704866885E+00
       166, 1.499999992E+00,-2.346499963E-08, 4.999999927E-02, 1.737368132E+00
       167, 2.099999885E+00,-2.346499957E-08, 4.999999927E-02, 1.764609153E+00
       168, 3.000000046E+00,-2.346500025E-08, 4.999999964E-02, 1.805628525E+00
       169,-1.500000037E-01,-2.346499995E-08, 5.749999923E-02, 1.986472601E+00
       170, 3.000000109E-01,-2.346500035E-08, 5.750000002E-02, 1.248350697E+00
       171, 4.499999767E-01,-2.346499998E-08, 5.749999916E-02, 1.363893406E+00
       172, 7.499999865E-01,-2.346500000E-08, 5.749999916E-02, 1.581010490E+00
       173, 1.049999957E+00,-2.346499769E-08, 5.749999916E-02, 1.697060807E+00
       174, 1.499999992E+00,-2.346499965E-08, 5.749999916E-02, 1.762632562E+00
       175, 2.099999885E+00,-2.346499962E-08, 5.749999916E-02, 1.802650838E+00
       176, 3.000000046E+00,-2.346500029E-08, 5.749999959E-02, 1.848486374E+00
       177,-1.500000037E-01,-2.346499992E-08, 6.499999913E-02, 2.023201590E+00
       178, 3.000000109E-01,-2.346500037E-08, 6.500000002E-02, 1.145709291E+00
       179, 4.499999767E-01,-2.346500000E-08, 6.499999905E-02, 1.259779936E+00
       180, 7.499999865E-01,-2.346500001E-08, 6.499999905E-02, 1.525991394E+00
       181, 1.049999957E+00,-2.346499781E-08, 6.499999905E-02, 1.682364418E+00
       182, 1.499999992E+00,-2.346499966E-08, 6.499999905E-02, 1.780526407E+00
       183, 2.099999885E+00,-2.346499961E-08, 6.499999905E-02, 1.835281721E+00
       184, 3.000000046E+00,-2.346500026E-08, 6.499999954E-02, 1.886478622E+00
       185,-1.500000037E-01,-2.346499994E-08, 7.249999903E-02, 2.055934768E+00
       186, 3.000000109E-01,-2.346500038E-08, 7.250000002E-02, 1.058477140E+00
       187, 4.499999767E-01,-2.346500001E-08, 7.249999894E-02, 1.166355175E+00
       188, 7.499999865E-01,-2.346500001E-08, 7.249999894E-02, 1.471819920E+00
       189, 1.049999957E+00,-2.346499793E-08, 7.249999894E-02, 1.663434367E+00
       190, 1.499999992E+00,-2.346499968E-08, 7.249999894E-02, 1.792802305E+00
       191, 2.099999885E+00,-2.346499964E-08, 7.249999894E-02, 1.863244395E+00
       192, 3.000000046E+00,-2.346500025E-08, 7.249999948E-02, 1.920404756E+00
       193,-1.500000037E-01,-2.346499994E-08, 7.999999893E-02, 2.085402072E+00
       194, 3.000000067E-01,-2.346500003E-08, 7.999999884E-02, 9.749604564E-01
       195, 4.499999892E-01,-2.346500071E-08, 8.000000122E-02, 1.081756473E+00
       196, 7.499999865E-01,-2.346500001E-08, 7.999999884E-02, 1.420184190E+00
       197, 1.049999957E+00,-2.346499805E-08, 7.999999884E-02, 1.642576497E+00
       198, 1.499999992E+00,-2.346499971E-08, 7.999999884E-02, 1.800964938E+00
       199, 2.099999885E+00,-2.346499965E-08, 7.999999884E-02, 1.887293495E+00
       200, 3.000000046E+00,-2.346500024E-08, 7.999999943E-02, 1.950935483E+00
       201,-1.500000037E-01,-2.346499994E-08, 8.749999883E-02, 2.112170564E+00
       202, 3.000000109E-01,-2.346500038E-08, 8.750000003E-02, 8.903647574E-01
       203, 4.499999892E-01,-2.346500071E-08, 8.750000134E-02, 1.005228990E+00
       204, 7.499999865E-01,-2.346500001E-08, 8.749999873E-02, 1.372194971E+00
       205, 1.049999957E+00,-2.346499818E-08, 8.749999873E-02, 1.621584696E+00
       206, 1.499999992E+00,-2.346499971E-08, 8.749999873E-02, 1.806306912E+00
       207, 2.099999885E+00,-2.346499967E-08, 8.749999873E-02, 1.908207124E+00
       208, 3.000000046E+00,-2.346500024E-08, 8.749999938E-02, 1.978659053E+00
       209,-1.500000037E-01,-2.346499994E-08, 9.499999873E-02, 2.136695121E+00
       210, 3.000000109E-01,-2.346500037E-08, 9.500000003E-02, 8.073355037E-01
       211, 4.499999767E-01,-2.346500001E-08, 9.499999862E-02, 9.379526445E-01
       212, 7.499999865E-01,-2.346500001E-08, 9.499999862E-02, 1.328966334E+00
       213, 1.049999957E+00,-2.346499830E-08, 9.499999862E-02, 1.601884426E+00
       214, 1.499999992E+00,-2.346499975E-08, 9.499999862E-02, 1.810061608E+00
       215, 2.099999885E+00,-2.346499969E-08, 9.499999862E-02, 1.926776925E+00
       216, 3.000000046E+00,-2.346500024E-08, 9.499999933E-02, 2.004113674E+00
       217,-1.500000037E-01,-2.346499994E-08, 1.024999986E-01, 2.159349170E+00
       218, 3.000000109E-01,-2.346500037E-08, 1.025000000E-01, 7.335226887E-01
       219, 4.499999767E-01,-2.346500001E-08, 1.024999985E-01, 8.823098267E-01
       220, 7.499999865E-01,-2.346500001E-08, 1.024999985E-01, 1.291883259E+00
       221, 1.049999957E+00,-2.346499841E-08, 1.024999985E-01, 1.584803642E+00
       222, 1.499999992E+00,-2.346499976E-08, 1.024999985E-01, 1.813457448E+00
       223, 2.099999885E+00,-2.346499971E-08, 1.024999985E-01, 1.943791929E+00
       224, 3.000000046E+00,-2.346500021E-08, 1.024999993E-01, 2.027805988E+00
       225,-1.500000037E-01,-2.346499994E-08, 1.099999985E-01, 2.180443404E+00
       226, 3.000000109E-01,-2.346500037E-08, 1.100000000E-01, 6.773131700E-01
       227, 4.499999767E-01,-2.346500001E-08, 1.099999984E-01, 8.401436569E-01
       228, 7.499999652E-01,-2.346499931E-08, 1.099999951E-01, 1.262709391E+00
       229, 1.049999957E+00,-2.346499856E-08, 1.099999984E-01, 1.571752988E+00
       230, 1.499999992E+00,-2.346499978E-08, 1.099999984E-01, 1.817702358E+00
       231, 2.099999885E+00,-2.346499974E-08, 1.099999984E-01, 1.960023874E+00
       232, 3.000000046E+00,-2.346500023E-08, 1.099999992E-01, 2.050217928E+00
       233,-1.500000037E-01,-2.346499993E-08, 1.174999984E-01, 2.200241874E+00
       234, 3.000000109E-01,-2.346500037E-08, 1.175000000E-01, 6.433127074E-01
       235, 4.499999767E-01,-2.346500001E-08, 1.174999983E-01, 8.127220766E-01
       236, 7.499999652E-01,-2.346499931E-08, 1.174999948E-01, 1.243445600E+00
       237, 1.049999957E+00,-2.346499866E-08, 1.174999983E-01, 1.564264708E+00
       238, 1.499999992E+00,-2.346499979E-08, 1.174999983E-01, 1.823946017E+00
       239, 2.099999885E+00,-2.346499977E-08, 1.174999983E-01, 1.976213214E+00
       240, 3.000000046E+00,-2.346500021E-08, 1.174999992E-01, 2.071803772E+00
       241,-1.500000037E-01,-2.346499994E-08, 1.249999983E-01, 2.218967070E+00
       242, 3.000000109E-01,-2.346500036E-08, 1.250000000E-01, 6.310520689E-01
       243, 4.499999767E-01,-2.346500000E-08, 1.249999982E-01, 8.014350879E-01
       244, 7.499999865E-01,-2.346500000E-08, 1.249999982E-01, 1.235861899E+00
       245, 1.049999957E+00,-2.346499879E-08, 1.249999982E-01, 1.563846754E+00
       246, 1.499999992E+00,-2.346499981E-08, 1.249999982E-01, 1.833208528E+00
       247, 2.099999885E+00,-2.346499978E-08, 1.249999982E-01, 1.993050145E+00
       248, 3.000000046E+00,-2.346500021E-08, 1.249999991E-01, 2.092978499E+00
       249,-1.500000037E-01,-2.346499992E-08, 1.324999982E-01, 2.236803095E+00
       250, 3.000000109E-01,-2.346500036E-08, 1.325000001E-01, 6.384410041E-01
       251, 4.499999767E-01,-2.346500000E-08, 1.324999981E-01, 8.069942140E-01
       252, 7.499999865E-01,-2.346500000E-08, 1.324999981E-01, 1.241047772E+00
       253, 1.049999957E+00,-2.346499891E-08, 1.324999981E-01, 1.571703245E+00
       254, 1.499999992E+00,-2.346499982E-08, 1.324999981E-01, 1.846297389E+00
       255, 2.099999885E+00,-2.346499981E-08, 1.324999981E-01, 2.011147346E+00
       256, 3.000000046E+00,-2.346500021E-08, 1.324999991E-01, 2.114099551E+00
       257,-1.500000037E-01,-2.346499992E-08, 1.399999981E-01, 2.253901529E+00
       258, 3.000000109E-01,-2.346500036E-08, 1.400000001E-01, 6.650068147E-01
       259, 4.499999767E-01,-2.346500000E-08, 1.399999980E-01, 8.288169101E-01
       260, 7.499999865E-01,-2.346500000E-08, 1.399999980E-01, 1.259269305E+00
       261, 1.049999957E+00,-2.346499903E-08, 1.399999980E-01, 1.588524643E+00
       262, 1.499999992E+00,-2.346499985E-08, 1.399999980E-01, 1.863841203E+00
       263, 2.099999885E+00,-2.346499982E-08, 1.399999980E-01, 2.031004663E+00
       264, 3.000000046E+00,-2.346500020E-08, 1.399999990E-01, 2.135445844E+00
       265,-1.500000037E-01,-2.346499991E-08, 1.474999980E-01, 2.270385474E+00
       266, 3.000000109E-01,-2.346500036E-08, 1.475000001E-01, 7.100875692E-01
       267, 4.499999767E-01,-2.346500000E-08, 1.474999979E-01, 8.653205921E-01
       268, 7.499999865E-01,-2.346500000E-08, 1.474999979E-01, 1.290187023E+00
       269, 1.049999957E+00,-2.346499914E-08, 1.474999979E-01, 1.614462071E+00
       270, 1.499999992E+00,-2.346499986E-08, 1.474999979E-01, 1.886346883E+00
       271, 2.099999885E+00,-2.346499984E-08, 1.474999979E-01, 2.052969024E+00
       272, 3.000000046E+00,-2.346500019E-08, 1.474999990E-01, 2.157198935E+00
       273,-1.500000037E-01,-2.346499991E-08, 1.549999979E-01, 2.286352723E+00
       274, 3.000000109E-01,-2.346500034E-08, 1.550000001E-01, 7.688195305E-01
       275, 4.499999767E-01,-2.346500000E-08, 1.549999978E-01, 9.148605367E-01
       276, 7.499999865E-01,-2.346500000E-08, 1.549999978E-01, 1.333366942E+00
       277, 1.049999957E+00,-2.346499928E-08, 1.549999978E-01, 1.649436616E+00
       278, 1.499999992E+00,-2.346499989E-08, 1.549999978E-01, 1.914086817E+00
       279, 2.099999885E+00,-2.346499986E-08, 1.549999978E-01, 2.077197150E+00
       280, 3.000000024E+00,-2.346500002E-08, 1.549999978E-01, 2.179431367E+00
       281,-1.500000037E-01,-2.346499991E-08, 1.624999978E-01, 2.301879326E+00
       282, 3.000000109E-01,-2.346500034E-08, 1.625000001E-01, 8.346175626E-01
       283, 4.499999767E-01,-2.346500000E-08, 1.624999976E-01, 9.768584166E-01
       284, 7.499999865E-01,-2.346500000E-08, 1.624999976E-01, 1.388815508E+00
       285, 1.049999957E+00,-2.346499940E-08, 1.624999976E-01, 1.693433592E+00
       286, 1.499999992E+00,-2.346499990E-08, 1.624999976E-01, 1.947001512E+00
       287, 2.099999885E+00,-2.346499989E-08, 1.624999976E-01, 2.103631278E+00
       288, 3.000000046E+00,-2.346500019E-08, 1.624999989E-01, 2.202106425E+00
       289,-1.500000037E-01,-2.346499990E-08, 1.699999977E-01, 2.317022379E+00
       290, 3.000000109E-01,-2.346500034E-08, 1.700000001E-01, 9.050111915E-01
       291, 4.499999767E-01,-2.346500000E-08, 1.699999975E-01, 1.052474990E+00
       292, 7.499999865E-01,-2.346500000E-08, 1.699999975E-01, 1.456997034E+00
       293, 1.049999957E+00,-2.346499952E-08, 1.699999975E-01, 1.746288676E+00
       294, 1.499999992E+00,-2.346499993E-08, 1.699999975E-01, 1.984699256E+00
       295, 2.099999885E+00,-2.346499992E-08, 1.699999975E-01, 2.131997687E+00
       296, 3.000000046E+00,-2.346500019E-08, 1.699999988E-01, 2.225091226E+00
       297,-1.500000037E-01,-2.346499989E-08, 1.774999976E-01, 2.331821880E+00
       298, 3.000000109E-01,-2.346500034E-08, 1.775000001E-01, 9.842331963E-01
       299, 4.499999767E-01,-2.346500000E-08, 1.774999974E-01, 1.144904731E+00
       300, 7.499999865E-01,-2.346500000E-08, 1.774999974E-01, 1.538332511E+00
       301, 1.049999957E+00,-2.346499961E-08, 1.774999974E-01, 1.807410281E+00
       302, 1.499999992E+00,-2.346499994E-08, 1.774999974E-01, 2.026460774E+00
       303, 2.099999885E+00,-2.346499993E-08, 1.774999974E-01, 2.161832939E+00
       304, 3.000000046E+00,-2.346500018E-08, 1.774999987E-01, 2.248183104E+00
       305,-1.500000037E-01,-2.346499988E-08, 1.849999975E-01, 2.346303282E+00
       306, 3.000000109E-01,-2.346500034E-08, 1.850000001E-01, 1.083498136E+00
       307, 4.499999767E-01,-2.346500000E-08, 1.849999973E-01, 1.258942877E+00
       308, 7.499999865E-01,-2.346500000E-08, 1.849999973E-01, 1.632625208E+00
       309, 1.049999957E+00,-2.346499975E-08, 1.849999973E-01, 1.875664190E+00
       310, 1.499999992E+00,-2.346499995E-08, 1.849999973E-01, 2.071257578E+00
       311, 2.099999885E+00,-2.346499994E-08, 1.849999973E-01, 2.192536691E+00
       312, 3.000000046E+00,-2.346500018E-08, 1.849999987E-01, 2.271145015E+00
       313,-1.500000037E-01,-2.346499989E-08, 1.924999974E-01, 2.360480390E+00
       314, 3.000000109E-01,-2.346500034E-08, 1.925000001E-01, 1.218083914E+00
       315, 4.499999767E-01,-2.346500000E-08, 1.924999972E-01, 1.398998845E+00
       316, 7.499999865E-01,-2.346500000E-08, 1.924999972E-01, 1.738497417E+00
       317, 1.049999957E+00,-2.346499987E-08, 1.924999972E-01, 1.949254856E+00
       318, 1.499999992E+00,-2.346499998E-08, 1.924999972E-01, 2.117806387E+00
       319, 2.099999885E+00,-2.346499997E-08, 1.924999972E-01, 2.223445319E+00
       320, 3.000000046E+00,-2.346500017E-08, 1.924999986E-01, 2.293744181E+00
       321,-1.500000037E-01,-2.346499988E-08, 1.999999973E-01, 2.374356144E+00
       322, 3.000000109E-01,-2.346500034E-08, 2.000000001E-01, 1.400380267E+00
       323, 4.499999767E-01,-2.346500000E-08, 1.999999971E-01, 1.565972625E+00
       324, 7.499999865E-01,-2.346500000E-08, 1.999999971E-01, 1.852893448E+00
       325, 1.049999957E+00,-2.346500000E-08, 1.999999971E-01, 2.025704809E+00
       326, 1.499999992E+00,-2.346500000E-08, 1.999999971E-01, 2.164676515E+00
       327, 2.099999885E+00,-2.346500000E-08, 1.999999971E-01, 2.253915738E+00
       328, 3.000000046E+00,-2.346500017E-08, 1.999999986E-01, 2.315786807E+00
       329,-1.500000036E-01,-2.346499988E-08, 2.074999979E-01, 2.387928485E+00
       330, 3.000000109E-01,-2.346500032E-08, 2.075000008E-01, 1.630151104E+00
       331, 4.499999767E-01,-2.346499997E-08, 2.074999977E-01, 1.754192951E+00
       332, 7.499999865E-01,-2.346499997E-08, 2.074999977E-01, 1.970907040E+00
       333, 1.049999957E+00,-2.346499993E-08, 2.074999977E-01, 2.102008864E+00
       334, 1.499999992E+00,-2.346499997E-08, 2.074999977E-01, 2.210441441E+00
       335, 2.099999885E+00,-2.346500000E-08, 2.074999977E-01, 2.283402582E+00
       336, 3.000000046E+00,-2.346500017E-08, 2.074999992E-01, 2.337141156E+00
       337,-1.500000036E-01,-2.346499992E-08, 2.154084161E-01, 2.401906875E+00
       338, 3.000000109E-01,-2.346500038E-08, 2.154084192E-01, 1.901080765E+00
       339, 4.499999767E-01,-2.346500003E-08, 2.154084160E-01, 1.960580941E+00
       340, 7.499999865E-01,-2.346500003E-08, 2.154084160E-01, 2.092335712E+00
       341, 1.049999957E+00,-2.346499993E-08, 2.154084160E-01, 2.178891879E+00
       342, 1.499999992E+00,-2.346500000E-08, 2.154084160E-01, 2.256179467E+00
       343, 2.099999885E+00,-2.346500003E-08, 2.154084160E-01, 2.313025845E+00
       344, 3.000000046E+00,-2.346500021E-08, 2.154084176E-01, 2.358853821E+00
       345,-1.500000035E-01,-2.346499995E-08, 2.237474927E-01, 2.416262324E+00
       346, 3.000000109E-01,-2.346500035E-08, 2.237474959E-01, 2.172512928E+00
       347, 4.499999767E-01,-2.346500000E-08, 2.237474926E-01, 2.163711425E+00
       348, 7.499999865E-01,-2.346500000E-08, 2.237474926E-01, 2.209204671E+00
       349, 1.049999957E+00,-2.346499986E-08, 2.237474926E-01, 2.252799519E+00
       350, 1.499999992E+00,-2.346499996E-08, 2.237474926E-01, 2.300648555E+00
       351, 2.099999885E+00,-2.346500000E-08, 2.237474926E-01, 2.342442596E+00
       352, 3.000000046E+00,-2.346500017E-08, 2.237474943E-01, 2.380879206E+00
       353,-1.500000035E-01,-2.346499996E-08, 2.325406795E-01, 2.430950930E+00
       354, 3.000000109E-01,-2.346500032E-08, 2.325406829E-01, 2.389508300E+00
       355, 4.499999767E-01,-2.346499997E-08, 2.325406794E-01, 2.336724444E+00
       356, 7.499999865E-01,-2.346499997E-08, 2.325406794E-01, 2.313152937E+00
       357, 1.049999957E+00,-2.346499977E-08, 2.325406794E-01, 2.320504574E+00
       358, 1.499999992E+00,-2.346499992E-08, 2.325406794E-01, 2.342931698E+00
       359, 2.099999885E+00,-2.346499998E-08, 2.325406794E-01, 2.371484506E+00
       360, 3.000000046E+00,-2.346500014E-08, 2.325406812E-01, 2.403233699E+00
       361,-1.500000034E-01,-2.346500001E-08, 2.418127053E-01, 2.445916504E+00
       362, 3.000000109E-01,-2.346500032E-08, 2.418127089E-01, 2.516261407E+00
       363, 4.499999767E-01,-2.346499998E-08, 2.418127053E-01, 2.458614256E+00
       364, 7.499999865E-01,-2.346499998E-08, 2.418127053E-01, 2.397907476E+00
       365, 1.049999957E+00,-2.346499973E-08, 2.418127053E-01, 2.379876035E+00
       366, 1.499999992E+00,-2.346499994E-08, 2.418127053E-01, 2.382610003E+00
       367, 2.099999885E+00,-2.346500002E-08, 2.418127053E-01, 2.400177575E+00
       368, 3.000000046E+00,-2.346500018E-08, 2.418127071E-01, 2.425985839E+00
       369,-1.500000034E-01,-2.346500004E-08, 2.515896456E-01, 2.461089940E+00
       370, 3.000000109E-01,-2.346500034E-08, 2.515896494E-01, 2.567518880E+00
       371, 4.499999767E-01,-2.346500001E-08, 2.515896457E-01, 2.527733751E+00
       372, 7.499999865E-01,-2.346500000E-08, 2.515896457E-01, 2.461718333E+00
       373, 1.049999957E+00,-2.346499969E-08, 2.515896457E-01, 2.430474686E+00
       374, 1.499999992E+00,-2.346499993E-08, 2.515896457E-01, 2.419823257E+00
       375, 2.099999885E+00,-2.346500002E-08, 2.515896457E-01, 2.428714898E+00
       376, 3.000000046E+00,-2.346500015E-08, 2.515896475E-01, 2.449232712E+00
       377,-1.500000033E-01,-2.346500008E-08, 2.618989960E-01, 2.476392518E+00
       378, 3.000000109E-01,-2.346500035E-08, 2.618990000E-01, 2.586435767E+00
       379, 4.499999767E-01,-2.346500000E-08, 2.618989961E-01, 2.562274826E+00
       380, 7.499999865E-01,-2.346500000E-08, 2.618989961E-01, 2.507947548E+00
       381, 1.049999957E+00,-2.346499961E-08, 2.618989961E-01, 2.473555614E+00
       382, 1.499999992E+00,-2.346499990E-08, 2.618989961E-01, 2.455166829E+00
       383, 2.099999885E+00,-2.346500002E-08, 2.618989961E-01, 2.457381488E+00
       384, 3.000000046E+00,-2.346500018E-08, 2.618989980E-01, 2.473063522E+00
       385,-1.500000032E-01,-2.346500011E-08, 2.727697492E-01, 2.491742935E+00
       386, 3.000000109E-01,-2.346500035E-08, 2.727697533E-01, 2.599463989E+00
       387, 4.499999767E-01,-2.346500001E-08, 2.727697493E-01, 2.583137336E+00
       388, 7.499999865E-01,-2.346499999E-08, 2.727697493E-01, 2.542803135E+00
       389, 1.049999957E+00,-2.346499955E-08, 2.727697493E-01, 2.511293664E+00
       390, 1.499999992E+00,-2.346499989E-08, 2.727697493E-01, 2.489388413E+00
       391, 2.099999885E+00,-2.346500003E-08, 2.727697493E-01, 2.486429340E+00
       392, 3.000000046E+00,-2.346500017E-08, 2.727697513E-01, 2.497514930E+00
       393,-1.500000032E-01,-2.346500011E-08, 2.842324767E-01, 2.507067147E+00
       394, 3.000000109E-01,-2.346500033E-08, 2.842324811E-01, 2.612410271E+00
       395, 4.499999767E-01,-2.346499998E-08, 2.842324768E-01, 2.600658961E+00
       396, 7.499999865E-01,-2.346499996E-08, 2.842324768E-01, 2.571487589E+00
       397, 1.049999957E+00,-2.346499946E-08, 2.842324768E-01, 2.545475015E+00
       398, 1.499999992E+00,-2.346499985E-08, 2.842324768E-01, 2.522935272E+00
       399, 2.099999885E+00,-2.346500000E-08, 2.842324768E-01, 2.515918042E+00
       400, 3.000000046E+00,-2.346500015E-08, 2.842324789E-01, 2.522523292E+00
       401,-1.500000031E-01,-2.346500017E-08, 2.963194150E-01, 2.522304243E+00
       402, 3.000000109E-01,-2.346500033E-08, 2.963194195E-01, 2.625126192E+00
       403, 4.499999767E-01,-2.346500000E-08, 2.963194151E-01, 2.616857807E+00
       404, 7.499999865E-01,-2.346499999E-08, 2.963194151E-01, 2.596051297E+00
       405, 1.049999957E+00,-2.346499939E-08, 2.963194151E-01, 2.576387919E+00
       406, 1.499999992E+00,-2.346499986E-08, 2.963194151E-01, 2.555511937E+00
       407, 2.099999885E+00,-2.346500004E-08, 2.963194151E-01, 2.545562094E+00
       408, 3.000000046E+00,-2.346500017E-08, 2.963194173E-01, 2.547882081E+00
       409,-1.500000030E-01,-2.346500021E-08, 3.090645557E-01, 2.537405161E+00
       410, 3.000000109E-01,-2.346500034E-08, 3.090645605E-01, 2.637032012E+00
       411, 4.499999767E-01,-2.346500000E-08, 3.090645559E-01, 2.631500495E+00
       412, 7.499999865E-01,-2.346499998E-08, 3.090645559E-01, 2.616646775E+00
       413, 1.049999957E+00,-2.346499931E-08, 3.090645559E-01, 2.603052051E+00
       414, 1.499999992E+00,-2.346499983E-08, 3.090645559E-01, 2.585947267E+00
       415, 2.099999885E+00,-2.346500003E-08, 3.090645559E-01, 2.574644939E+00
       416, 3.000000046E+00,-2.346500013E-08, 3.090645582E-01, 2.573216036E+00
       417,-1.500000030E-01,-2.346500025E-08, 3.225037420E-01, 2.552325192E+00
       418, 3.000000109E-01,-2.346500034E-08, 3.225037469E-01, 2.648263726E+00
       419, 4.499999767E-01,-2.346500000E-08, 3.225037421E-01, 2.644724625E+00
       420, 7.499999865E-01,-2.346499998E-08, 3.225037421E-01, 2.633704842E+00
       421, 1.049999957E+00,-2.346499924E-08, 3.225037421E-01, 2.624815747E+00
       422, 1.499999992E+00,-2.346499981E-08, 3.225037421E-01, 2.612727689E+00
       423, 2.099999885E+00,-2.346500003E-08, 3.225037421E-01, 2.602098829E+00
       424, 3.000000046E+00,-2.346500013E-08, 3.225037445E-01, 2.597984934E+00
       425,-1.500000029E-01,-2.346500034E-08, 3.366747683E-01, 2.567022854E+00
       426, 3.000000109E-01,-2.346500038E-08, 3.366747735E-01, 2.659230622E+00
       427, 4.499999767E-01,-2.346500003E-08, 3.366747685E-01, 2.657122460E+00
       428, 7.499999865E-01,-2.346500002E-08, 3.366747685E-01, 2.648353314E+00
       429, 1.049999957E+00,-2.346499918E-08, 3.366747685E-01, 2.642401127E+00
       430, 1.499999992E+00,-2.346499983E-08, 3.366747685E-01, 2.635029320E+00
       431, 2.099999885E+00,-2.346500009E-08, 3.366747685E-01, 2.626824414E+00
       432, 3.000000046E+00,-2.346500019E-08, 3.366747710E-01, 2.621531120E+00
       433,-1.500000028E-01,-2.346500031E-08, 3.516174877E-01, 2.581494606E+00
       434, 3.000000109E-01,-2.346500031E-08, 3.516174931E-01, 2.670246262E+00
       435, 4.499999767E-01,-2.346499997E-08, 3.516174879E-01, 2.669266438E+00
       436, 7.499999865E-01,-2.346499996E-08, 3.516174879E-01, 2.661780919E+00
       437, 1.049999957E+00,-2.346499901E-08, 3.516174879E-01, 2.657333367E+00
       438, 1.499999992E+00,-2.346499974E-08, 3.516174879E-01, 2.653275809E+00
       439, 2.099999885E+00,-2.346500004E-08, 3.516174879E-01, 2.648146956E+00
       440, 3.000000046E+00,-2.346500014E-08, 3.516174905E-01, 2.643171195E+00
       441,-1.500000027E-01,-2.346500041E-08, 3.673739231E-01, 2.595852838E+00
       442, 3.000000109E-01,-2.346500034E-08, 3.673739288E-01, 2.681542856E+00
       443, 4.499999767E-01,-2.346500000E-08, 3.673739233E-01, 2.681510112E+00
       444, 7.499999865E-01,-2.346499997E-08, 3.673739233E-01, 2.674798558E+00
       445, 1.049999957E+00,-2.346499894E-08, 3.673739233E-01, 2.670944585E+00
       446, 1.499999992E+00,-2.346499974E-08, 3.673739233E-01, 2.668629609E+00
       447, 2.099999885E+00,-2.346500006E-08, 3.673739233E-01, 2.666049279E+00
       448, 3.000000046E+00,-2.346500015E-08, 3.673739261E-01, 2.662293875E+00
       449,-1.500000026E-01,-2.346500046E-08, 3.839883861E-01, 2.610324703E+00
       450, 3.000000109E-01,-2.346500033E-08, 3.839883920E-01, 2.693241240E+00
       451, 4.499999767E-01,-2.346500000E-08, 3.839883863E-01, 2.693948230E+00
       452, 7.499999865E-01,-2.346499998E-08, 3.839883863E-01, 2.687680246E+00
       453, 1.049999957E+00,-2.346499884E-08, 3.839883863E-01, 2.683856788E+00
       454, 1.499999992E+00,-2.346499974E-08, 3.839883863E-01, 2.682064671E+00
       455, 2.099999885E+00,-2.346500008E-08, 3.839883863E-01, 2.680896158E+00
       456, 3.000000046E+00,-2.346500015E-08, 3.839883892E-01, 2.678384844E+00
       457,-1.500000025E-01,-2.346500049E-08, 4.015076012E-01, 2.624848802E+00
       458, 3.000000109E-01,-2.346500034E-08, 4.015076073E-01, 2.705004195E+00
       459, 4.499999767E-01,-2.346500001E-08, 4.015076013E-01, 2.706233198E+00
       460, 7.499999865E-01,-2.346499997E-08, 4.015076013E-01, 2.699998923E+00
       461, 1.049999957E+00,-2.346499875E-08, 4.015076013E-01, 2.695800250E+00
       462, 1.499999992E+00,-2.346499970E-08, 4.015076013E-01, 2.693752655E+00
       463, 2.099999885E+00,-2.346500007E-08, 4.015076013E-01, 2.692846290E+00
       464, 3.000000046E+00,-2.346500012E-08, 4.015076043E-01, 2.690939664E+00
       465,-1.500000024E-01,-2.346500054E-08, 4.199808371E-01, 2.638128223E+00
       466, 3.000000109E-01,-2.346500031E-08, 4.199808435E-01, 2.715645633E+00
       467, 4.499999767E-01,-2.346499999E-08, 4.199808372E-01, 2.717140309E+00
       468, 7.499999865E-01,-2.346499996E-08, 4.199808372E-01, 2.710412544E+00
       469, 1.049999957E+00,-2.346499860E-08, 4.199808372E-01, 2.705611243E+00
       470, 1.499999992E+00,-2.346499964E-08, 4.199808372E-01, 2.702885657E+00
       471, 2.099999885E+00,-2.346500006E-08, 4.199808372E-01, 2.701459798E+00
       472, 3.000000046E+00,-2.346500011E-08, 4.199808404E-01, 2.699419920E+00
       473,-1.500000023E-01,-2.346500065E-08, 4.394600459E-01, 2.647443247E+00
       474, 3.000000067E-01,-2.346500001E-08, 4.394600459E-01, 2.723231834E+00
       475, 4.499999892E-01,-2.346500074E-08, 4.394600590E-01, 2.724339619E+00
       476, 7.499999652E-01,-2.346499931E-08, 4.394600328E-01, 2.717111769E+00
       477, 1.049999957E+00,-2.346499852E-08, 4.394600459E-01, 2.711727764E+00
       478, 1.499999992E+00,-2.346499967E-08, 4.394600459E-01, 2.708227799E+00
       479, 2.099999885E+00,-2.346500013E-08, 4.394600459E-01, 2.706121410E+00
       480, 3.000000024E+00,-2.346499998E-08, 4.394600459E-01, 2.703684531E+00
       481,-1.500000037E-01,-2.346500074E-08, 4.600000083E-01, 2.650734717E+00
       482, 3.000000067E-01,-2.346499997E-08, 4.600000083E-01, 2.726026898E+00
       483, 4.499999892E-01,-2.346500070E-08, 4.600000221E-01, 2.726670174E+00
       484, 7.499999652E-01,-2.346499927E-08, 4.599999946E-01, 2.719334015E+00
       485, 1.049999957E+00,-2.346499836E-08, 4.600000083E-01, 2.713687711E+00
       486, 1.499999992E+00,-2.346499961E-08, 4.600000083E-01, 2.709813341E+00
       487, 2.099999885E+00,-2.346500010E-08, 4.600000083E-01, 2.707414319E+00
       488, 3.000000024E+00,-2.346499996E-08, 4.600000083E-01, 2.704800772E+00
