nodenumber,    x-coordinate,    y-coordinate,    z-coordinate,      x-velocity
         1,-1.500000037E-01,-2.346499996E-08, 0.000000000E+00, 5.429872911E-01
         2, 3.000000109E-01,-2.346500038E-08, 0.000000000E+00, 1.039018357E+00
         3, 4.499999767E-01,-2.346500000E-08, 0.000000000E+00, 8.822450012E-01
         4, 7.499999865E-01,-2.346500000E-08, 0.000000000E+00, 6.194830501E-01
         5, 1.049999957E+00,-2.346499757E-08, 0.000000000E+00, 5.308665872E-01
         6, 1.499999992E+00,-2.346499963E-08, 0.000000000E+00, 5.055620982E-01
         7, 2.099999885E+00,-2.346499957E-08, 0.000000000E+00, 4.982536756E-01
         8, 3.000000046E+00,-2.346500025E-08, 0.000000000E+00, 5.019392834E-01
         9,-1.500000022E-01,-2.346499995E-08, 5.000000080E-04, 7.579145162E-01
        10, 3.000000109E-01,-2.346500038E-08, 5.000000149E-04, 1.258471712E+00
        11, 4.499999767E-01,-2.346500001E-08, 5.000000075E-04, 1.102626488E+00
        12, 7.499999865E-01,-2.346500001E-08, 5.000000075E-04, 8.343637652E-01
        13, 1.049999957E+00,-2.346499757E-08, 5.000000075E-04, 7.431666070E-01
        14, 1.499999992E+00,-2.346499963E-08, 5.000000075E-04, 7.182010371E-01
        15, 2.099999885E+00,-2.346499959E-08, 5.000000075E-04, 7.112498629E-01
        16, 3.000000046E+00,-2.346500026E-08, 5.000000112E-04, 7.148914497E-01
        17,-1.500000022E-01,-2.346499995E-08, 1.073981263E-03, 9.003312072E-01
        18, 3.000000109E-01,-2.346500038E-08, 1.073981278E-03, 1.406886333E+00
        19, 4.499999767E-01,-2.346500000E-08, 1.073981262E-03, 1.254796021E+00
        20, 7.499999865E-01,-2.346500000E-08, 1.073981262E-03, 9.767736642E-01
        21, 1.049999957E+00,-2.346499757E-08, 1.073981262E-03, 8.797884204E-01
        22, 1.499999992E+00,-2.346499961E-08, 1.073981262E-03, 8.551168543E-01
        23, 2.099999885E+00,-2.346499957E-08, 1.073981262E-03, 8.489198671E-01
        24, 3.000000046E+00,-2.346500025E-08, 1.073981270E-03, 8.525112254E-01
        25,-1.500000022E-01,-2.346499996E-08, 1.732890214E-03, 1.008374753E+00
        26, 3.000000109E-01,-2.346500038E-08, 1.732890238E-03, 1.516472594E+00
        27, 4.499999767E-01,-2.346500000E-08, 1.732890212E-03, 1.371045125E+00
        28, 7.499999865E-01,-2.346500000E-08, 1.732890212E-03, 1.085215239E+00
        29, 1.049999957E+00,-2.346499756E-08, 1.732890212E-03, 9.815971715E-01
        30, 1.499999992E+00,-2.346499963E-08, 1.732890212E-03, 9.566699840E-01
        31, 2.099999885E+00,-2.346499958E-08, 1.732890212E-03, 9.513163098E-01
        32, 3.000000046E+00,-2.346500026E-08, 1.732890225E-03, 9.548747462E-01
        33,-1.500000022E-01,-2.346499995E-08, 2.489292976E-03, 1.096043715E+00
        34, 3.000000109E-01,-2.346500035E-08, 2.489293010E-03, 1.600171846E+00
        35, 4.499999767E-01,-2.346499999E-08, 2.489292973E-03, 1.463569782E+00
        36, 7.499999865E-01,-2.346499999E-08, 2.489292973E-03, 1.173175361E+00
        37, 1.049999957E+00,-2.346499758E-08, 2.489292973E-03, 1.062711775E+00
        38, 1.499999992E+00,-2.346499962E-08, 2.489292973E-03, 1.037074045E+00
        39, 2.099999885E+00,-2.346499958E-08, 2.489292973E-03, 1.032673847E+00
        40, 3.000000046E+00,-2.346500025E-08, 2.489292992E-03, 1.036283977E+00
        41,-1.500000023E-01,-2.346499995E-08, 3.357614975E-03, 1.170988635E+00
        42, 3.000000109E-01,-2.346500036E-08, 3.357615021E-03, 1.665565090E+00
        43, 4.499999767E-01,-2.346500000E-08, 3.357614971E-03, 1.539220991E+00
        44, 7.499999865E-01,-2.346500000E-08, 3.357614971E-03, 1.247981859E+00
        45, 1.049999957E+00,-2.346499755E-08, 3.357614971E-03, 1.130726825E+00
        46, 1.499999992E+00,-2.346499961E-08, 3.357614971E-03, 1.103974876E+00
        47, 2.099999885E+00,-2.346499958E-08, 3.357614971E-03, 1.100660167E+00
        48, 3.000000046E+00,-2.346500026E-08, 3.357614996E-03, 1.104457612E+00
        49,-1.500000023E-01,-2.346499996E-08, 4.354416060E-03, 1.237810004E+00
        50, 3.000000109E-01,-2.346500038E-08, 4.354416120E-03, 1.717625816E+00
        51, 4.499999767E-01,-2.346500000E-08, 4.354416055E-03, 1.602073766E+00
        52, 7.499999865E-01,-2.346500000E-08, 4.354416055E-03, 1.313987888E+00
        53, 1.049999957E+00,-2.346499756E-08, 4.354416055E-03, 1.190215660E+00
        54, 1.499999992E+00,-2.346499963E-08, 4.354416055E-03, 1.161947230E+00
        55, 2.099999885E+00,-2.346499958E-08, 4.354416055E-03, 1.159872433E+00
        56, 3.000000046E+00,-2.346500026E-08, 4.354416087E-03, 1.164043926E+00
        57,-1.500000023E-01,-2.346499995E-08, 5.498706317E-03, 1.299388879E+00
        58, 3.000000109E-01,-2.346500038E-08, 5.498706393E-03, 1.760109116E+00
        59, 4.499999767E-01,-2.346500000E-08, 5.498706311E-03, 1.654803741E+00
        60, 7.499999865E-01,-2.346500000E-08, 5.498706311E-03, 1.373887400E+00
        61, 1.049999957E+00,-2.346499757E-08, 5.498706311E-03, 1.244120311E+00
        62, 1.499999992E+00,-2.346499963E-08, 5.498706311E-03, 1.213896654E+00
        63, 2.099999885E+00,-2.346499958E-08, 5.498706311E-03, 1.213221772E+00
        64, 3.000000046E+00,-2.346500026E-08, 5.498706352E-03, 1.218008970E+00
        65,-1.500000024E-01,-2.346499995E-08, 6.812308611E-03, 1.357535470E+00
        66, 3.000000109E-01,-2.346500038E-08, 6.812308705E-03, 1.796183096E+00
        67, 4.499999767E-01,-2.346500000E-08, 6.812308604E-03, 1.699432654E+00
        68, 7.499999865E-01,-2.346500000E-08, 6.812308604E-03, 1.429350395E+00
        69, 1.049999957E+00,-2.346499757E-08, 6.812308604E-03, 1.294407378E+00
        70, 1.499999992E+00,-2.346499963E-08, 6.812308604E-03, 1.261721538E+00
        71, 2.099999885E+00,-2.346499958E-08, 6.812308604E-03, 1.262593336E+00
        72, 3.000000046E+00,-2.346500026E-08, 6.812308654E-03, 1.268295211E+00
        73,-1.500000024E-01,-2.346499995E-08, 8.320274774E-03, 1.413355703E+00
        74, 3.000000109E-01,-2.346500038E-08, 8.320274889E-03, 1.828609514E+00
        75, 4.499999767E-01,-2.346500000E-08, 8.320274765E-03, 1.737666845E+00
        76, 7.499999865E-01,-2.346500000E-08, 8.320274765E-03, 1.481352695E+00
        77, 1.049999957E+00,-2.346499756E-08, 8.320274765E-03, 1.342419762E+00
        78, 1.499999992E+00,-2.346499963E-08, 8.320274765E-03, 1.306691431E+00
        79, 2.099999885E+00,-2.346499957E-08, 8.320274765E-03, 1.309216015E+00
        80, 3.000000046E+00,-2.346500026E-08, 8.320274827E-03, 1.316187015E+00
        81,-1.500000025E-01,-2.346499996E-08, 1.005136337E-02, 1.467484767E+00
        82, 3.000000109E-01,-2.346500038E-08, 1.005136351E-02, 1.859536667E+00
        83, 4.499999767E-01,-2.346500000E-08, 1.005136336E-02, 1.770875222E+00
        84, 7.499999865E-01,-2.346500000E-08, 1.005136336E-02, 1.530327777E+00
        85, 1.049999957E+00,-2.346499757E-08, 1.005136336E-02, 1.389067056E+00
        86, 1.499999992E+00,-2.346499963E-08, 1.005136336E-02, 1.349694244E+00
        87, 2.099999885E+00,-2.346499958E-08, 1.005136336E-02, 1.353893303E+00
        88, 3.000000046E+00,-2.346500026E-08, 1.005136343E-02, 1.362534556E+00
        89,-1.500000025E-01,-2.346499996E-08, 1.203858814E-02, 1.520247629E+00
        90, 3.000000109E-01,-2.346500038E-08, 1.203858831E-02, 1.889869028E+00
        91, 4.499999767E-01,-2.346500000E-08, 1.203858813E-02, 1.799773128E+00
        92, 7.499999865E-01,-2.346500000E-08, 1.203858813E-02, 1.576196325E+00
        93, 1.049999957E+00,-2.346499757E-08, 1.203858813E-02, 1.434906780E+00
        94, 1.499999992E+00,-2.346499963E-08, 1.203858813E-02, 1.391386741E+00
        95, 2.099999885E+00,-2.346499958E-08, 1.203858813E-02, 1.397157680E+00
        96, 3.000000046E+00,-2.346500026E-08, 1.203858822E-02, 1.407898924E+00
        97,-1.500000026E-01,-2.346499996E-08, 1.431984764E-02, 1.571775441E+00
        98, 3.000000109E-01,-2.346500038E-08, 1.431984784E-02, 1.918301937E+00
        99, 4.499999767E-01,-2.346500000E-08, 1.431984763E-02, 1.824006632E+00
       100, 7.499999865E-01,-2.346500000E-08, 1.431984763E-02, 1.618324269E+00
       101, 1.049999957E+00,-2.346499757E-08, 1.431984763E-02, 1.480141157E+00
       102, 1.499999992E+00,-2.346499963E-08, 1.431984763E-02, 1.432275921E+00
       103, 2.099999885E+00,-2.346499957E-08, 1.431984763E-02, 1.439377579E+00
       104, 3.000000046E+00,-2.346500026E-08, 1.431984774E-02, 1.452648681E+00
       105,-1.500000027E-01,-2.346499996E-08, 1.693864799E-02, 1.622093788E+00
       106, 3.000000109E-01,-2.346500038E-08, 1.693864822E-02, 1.940773779E+00
       107, 4.499999767E-01,-2.346500000E-08, 1.693864797E-02, 1.841732248E+00
       108, 7.499999865E-01,-2.346500000E-08, 1.693864797E-02, 1.655484870E+00
       109, 1.049999957E+00,-2.346499757E-08, 1.693864797E-02, 1.524553799E+00
       110, 1.499999992E+00,-2.346499964E-08, 1.693864797E-02, 1.472754823E+00
       111, 2.099999885E+00,-2.346499958E-08, 1.693864797E-02, 1.480831545E+00
       112, 3.000000046E+00,-2.346500026E-08, 1.693864809E-02, 1.497025000E+00
       113,-1.500000028E-01,-2.346499997E-08, 1.994493255E-02, 1.671191254E+00
       114, 3.000000109E-01,-2.346500038E-08, 1.994493283E-02, 1.950483995E+00
       115, 4.499999767E-01,-2.346500000E-08, 1.994493253E-02, 1.849455610E+00
       116, 7.499999865E-01,-2.346500000E-08, 1.994493253E-02, 1.685950379E+00
       117, 1.049999957E+00,-2.346499756E-08, 1.994493253E-02, 1.567425937E+00
       118, 1.499999992E+00,-2.346499964E-08, 1.994493253E-02, 1.513097053E+00
       119, 2.099999885E+00,-2.346499959E-08, 1.994493253E-02, 1.521756285E+00
       120, 3.000000046E+00,-2.346500026E-08, 1.994493268E-02, 1.541186170E+00
       121,-1.500000029E-01,-2.346499996E-08, 2.339603447E-02, 1.719071863E+00
       122, 3.000000109E-01,-2.346500038E-08, 2.339603480E-02, 1.938943212E+00
       123, 4.499999767E-01,-2.346500001E-08, 2.339603445E-02, 1.842661252E+00
       124, 7.499999865E-01,-2.346500000E-08, 2.339603445E-02, 1.707938153E+00
       125, 1.049999957E+00,-2.346499757E-08, 2.339603445E-02, 1.607493044E+00
       126, 1.499999992E+00,-2.346499962E-08, 2.339603445E-02, 1.553410713E+00
       127, 2.099999885E+00,-2.346499957E-08, 2.339603445E-02, 1.562370330E+00
       128, 3.000000046E+00,-2.346500025E-08, 2.339603462E-02, 1.585238492E+00
       129,-1.500000030E-01,-2.346499996E-08, 2.735777003E-02, 1.765791876E+00
       130, 3.000000109E-01,-2.346500038E-08, 2.735777041E-02, 1.895896030E+00
       131, 4.499999767E-01,-2.346500001E-08, 2.735777000E-02, 1.816621166E+00
       132, 7.499999865E-01,-2.346500000E-08, 2.735777000E-02, 1.719810225E+00
       133, 1.049999957E+00,-2.346499757E-08, 2.735777000E-02, 1.643014738E+00
       134, 1.499999992E+00,-2.346499962E-08, 2.735777000E-02, 1.593560317E+00
       135, 2.099999885E+00,-2.346499957E-08, 2.735777000E-02, 1.602872664E+00
       136, 3.000000046E+00,-2.346500025E-08, 2.735777021E-02, 1.629258287E+00
       137,-1.500000031E-01,-2.346499995E-08, 3.190569386E-02, 1.811478183E+00
       138, 3.000000109E-01,-2.346500037E-08, 3.190569430E-02, 1.811416418E+00
       139, 4.499999767E-01,-2.346500001E-08, 3.190569382E-02, 1.767047676E+00
       140, 7.499999865E-01,-2.346500001E-08, 3.190569382E-02, 1.719785202E+00
       141, 1.049999957E+00,-2.346499757E-08, 3.190569382E-02, 1.672023090E+00
       142, 1.499999992E+00,-2.346499962E-08, 3.190569382E-02, 1.633083574E+00
       143, 2.099999885E+00,-2.346499955E-08, 3.190569382E-02, 1.643416817E+00
       144, 3.000000046E+00,-2.346500024E-08, 3.190569406E-02, 1.673308350E+00
       145,-1.500000033E-01,-2.346499996E-08, 3.712653982E-02, 1.856325553E+00
       146, 3.000000109E-01,-2.346500039E-08, 3.712654033E-02, 1.685988432E+00
       147, 4.499999767E-01,-2.346500001E-08, 3.712653978E-02, 1.692071499E+00
       148, 7.499999865E-01,-2.346500001E-08, 3.712653978E-02, 1.706276663E+00
       149, 1.049999957E+00,-2.346499758E-08, 3.712653978E-02, 1.692798637E+00
       150, 1.499999992E+00,-2.346499962E-08, 3.712653978E-02, 1.671146503E+00
       151, 2.099999885E+00,-2.346499956E-08, 3.712653978E-02, 1.684066976E+00
       152, 3.000000046E+00,-2.346500025E-08, 3.712654005E-02, 1.717451885E+00
       153,-1.500000034E-01,-2.346499996E-08, 4.311987516E-02, 1.900575067E+00
       154, 3.000000109E-01,-2.346500038E-08, 4.311987575E-02, 1.535420224E+00
       155, 4.499999767E-01,-2.346500001E-08, 4.311987511E-02, 1.594553301E+00
       156, 7.499999865E-01,-2.346500001E-08, 4.311987511E-02, 1.678358053E+00
       157, 1.049999957E+00,-2.346499758E-08, 4.311987511E-02, 1.704365845E+00
       158, 1.499999992E+00,-2.346499963E-08, 4.311987511E-02, 1.706588850E+00
       159, 2.099999885E+00,-2.346499956E-08, 4.311987511E-02, 1.724753020E+00
       160, 3.000000046E+00,-2.346500025E-08, 4.311987543E-02, 1.761767168E+00
       161,-1.500000037E-01,-2.346499997E-08, 4.999999933E-02, 1.944488977E+00
       162, 3.000000109E-01,-2.346500038E-08, 5.000000002E-02, 1.382443586E+00
       163, 4.499999767E-01,-2.346500001E-08, 4.999999927E-02, 1.481244489E+00
       164, 7.499999865E-01,-2.346500001E-08, 4.999999927E-02, 1.635985189E+00
       165, 1.049999957E+00,-2.346499757E-08, 4.999999927E-02, 1.706281576E+00
       166, 1.499999992E+00,-2.346499963E-08, 4.999999927E-02, 1.738137402E+00
       167, 2.099999885E+00,-2.346499957E-08, 4.999999927E-02, 1.765261968E+00
       168, 3.000000046E+00,-2.346500025E-08, 4.999999964E-02, 1.806370992E+00
       169,-1.500000037E-01,-2.346499995E-08, 5.749999923E-02, 1.986188036E+00
       170, 3.000000109E-01,-2.346500035E-08, 5.750000002E-02, 1.249836539E+00
       171, 4.499999767E-01,-2.346499998E-08, 5.749999916E-02, 1.365252610E+00
       172, 7.499999865E-01,-2.346500000E-08, 5.749999916E-02, 1.583203192E+00
       173, 1.049999957E+00,-2.346499769E-08, 5.749999916E-02, 1.698686184E+00
       174, 1.499999992E+00,-2.346499965E-08, 5.749999916E-02, 1.763524472E+00
       175, 2.099999885E+00,-2.346499962E-08, 5.749999916E-02, 1.803314759E+00
       176, 3.000000046E+00,-2.346500029E-08, 5.749999959E-02, 1.849194695E+00
       177,-1.500000037E-01,-2.346499992E-08, 6.499999913E-02, 2.022912993E+00
       178, 3.000000109E-01,-2.346500037E-08, 6.500000002E-02, 1.145376987E+00
       179, 4.499999767E-01,-2.346500000E-08, 6.499999905E-02, 1.260148665E+00
       180, 7.499999865E-01,-2.346500001E-08, 6.499999905E-02, 1.528095570E+00
       181, 1.049999957E+00,-2.346499781E-08, 6.499999905E-02, 1.684091514E+00
       182, 1.499999992E+00,-2.346499966E-08, 6.499999905E-02, 1.781504259E+00
       183, 2.099999885E+00,-2.346499961E-08, 6.499999905E-02, 1.835962862E+00
       184, 3.000000046E+00,-2.346500026E-08, 6.499999954E-02, 1.887159565E+00
       185,-1.500000037E-01,-2.346499994E-08, 7.249999903E-02, 2.055641678E+00
       186, 3.000000109E-01,-2.346500038E-08, 7.250000002E-02, 1.055275187E+00
       187, 4.499999767E-01,-2.346500001E-08, 7.249999894E-02, 1.165310184E+00
       188, 7.499999865E-01,-2.346500001E-08, 7.249999894E-02, 1.473653602E+00
       189, 1.049999957E+00,-2.346499793E-08, 7.249999894E-02, 1.665153764E+00
       190, 1.499999992E+00,-2.346499968E-08, 7.249999894E-02, 1.793827911E+00
       191, 2.099999885E+00,-2.346499964E-08, 7.249999894E-02, 1.863942477E+00
       192, 3.000000046E+00,-2.346500025E-08, 7.249999948E-02, 1.921064034E+00
       193,-1.500000037E-01,-2.346499994E-08, 7.999999893E-02, 2.085104464E+00
       194, 3.000000067E-01,-2.346500003E-08, 7.999999884E-02, 9.682407732E-01
       195, 4.499999892E-01,-2.346500071E-08, 8.000000122E-02, 1.079073929E+00
       196, 7.499999865E-01,-2.346500001E-08, 7.999999884E-02, 1.421637557E+00
       197, 1.049999957E+00,-2.346499805E-08, 7.999999884E-02, 1.644200523E+00
       198, 1.499999992E+00,-2.346499971E-08, 7.999999884E-02, 1.802008422E+00
       199, 2.099999885E+00,-2.346499965E-08, 7.999999884E-02, 1.888004658E+00
       200, 3.000000046E+00,-2.346500024E-08, 7.999999943E-02, 1.951577880E+00
       201,-1.500000037E-01,-2.346499994E-08, 8.749999883E-02, 2.111868812E+00
       202, 3.000000109E-01,-2.346500038E-08, 8.750000003E-02, 8.799188603E-01
       203, 4.499999892E-01,-2.346500071E-08, 8.750000134E-02, 1.000884520E+00
       204, 7.499999865E-01,-2.346500001E-08, 8.749999873E-02, 1.373225772E+00
       205, 1.049999957E+00,-2.346499818E-08, 8.749999873E-02, 1.623066838E+00
       206, 1.499999992E+00,-2.346499971E-08, 8.749999873E-02, 1.807346974E+00
       207, 2.099999885E+00,-2.346499967E-08, 8.749999873E-02, 1.908926746E+00
       208, 3.000000046E+00,-2.346500024E-08, 8.749999938E-02, 1.979288793E+00
       209,-1.500000037E-01,-2.346499994E-08, 9.499999873E-02, 2.136389951E+00
       210, 3.000000109E-01,-2.346500037E-08, 9.500000003E-02, 7.933466539E-01
       211, 4.499999767E-01,-2.346500001E-08, 9.499999862E-02, 9.320840616E-01
       212, 7.499999865E-01,-2.346500001E-08, 9.499999862E-02, 1.329586283E+00
       213, 1.049999957E+00,-2.346499830E-08, 9.499999862E-02, 1.603216992E+00
       214, 1.499999992E+00,-2.346499975E-08, 9.499999862E-02, 1.811083011E+00
       215, 2.099999885E+00,-2.346499969E-08, 9.499999862E-02, 1.927501929E+00
       216, 3.000000046E+00,-2.346500024E-08, 9.499999933E-02, 2.004734978E+00
       217,-1.500000037E-01,-2.346499994E-08, 1.024999986E-01, 2.159041607E+00
       218, 3.000000109E-01,-2.346500037E-08, 1.025000000E-01, 7.164341549E-01
       219, 4.499999767E-01,-2.346500001E-08, 1.024999985E-01, 8.751681935E-01
       220, 7.499999865E-01,-2.346500001E-08, 1.024999985E-01, 1.292149798E+00
       221, 1.049999957E+00,-2.346499841E-08, 1.024999985E-01, 1.586005136E+00
       222, 1.499999992E+00,-2.346499976E-08, 1.024999985E-01, 1.814454070E+00
       223, 2.099999885E+00,-2.346499971E-08, 1.024999985E-01, 1.944522352E+00
       224, 3.000000046E+00,-2.346500021E-08, 1.024999993E-01, 2.028423620E+00
       225,-1.500000037E-01,-2.346499994E-08, 1.099999985E-01, 2.180134709E+00
       226, 3.000000109E-01,-2.346500037E-08, 1.100000000E-01, 6.576523077E-01
       227, 4.499999767E-01,-2.346500001E-08, 1.099999984E-01, 8.320781440E-01
       228, 7.499999652E-01,-2.346499931E-08, 1.099999951E-01, 1.262711739E+00
       229, 1.049999957E+00,-2.346499856E-08, 1.099999984E-01, 1.572855986E+00
       230, 1.499999992E+00,-2.346499978E-08, 1.099999984E-01, 1.818680441E+00
       231, 2.099999885E+00,-2.346499974E-08, 1.099999984E-01, 1.960763694E+00
       232, 3.000000046E+00,-2.346500023E-08, 1.099999992E-01, 2.050837587E+00
       233,-1.500000037E-01,-2.346499993E-08, 1.174999984E-01, 2.199933506E+00
       234, 3.000000109E-01,-2.346500037E-08, 1.175000000E-01, 6.216473613E-01
       235, 4.499999767E-01,-2.346500001E-08, 1.174999983E-01, 8.041283820E-01
       236, 7.499999652E-01,-2.346499931E-08, 1.174999948E-01, 1.243283113E+00
       237, 1.049999957E+00,-2.346499866E-08, 1.174999983E-01, 1.565310585E+00
       238, 1.499999992E+00,-2.346499979E-08, 1.174999983E-01, 1.824922659E+00
       239, 2.099999885E+00,-2.346499977E-08, 1.174999983E-01, 1.976970575E+00
       240, 3.000000046E+00,-2.346500021E-08, 1.174999992E-01, 2.072432258E+00
       241,-1.500000037E-01,-2.346499994E-08, 1.249999983E-01, 2.218660654E+00
       242, 3.000000109E-01,-2.346500036E-08, 1.250000000E-01, 6.083276747E-01
       243, 4.499999767E-01,-2.346500000E-08, 1.249999982E-01, 7.926815309E-01
       244, 7.499999865E-01,-2.346500000E-08, 1.249999982E-01, 1.235632190E+00
       245, 1.049999957E+00,-2.346499879E-08, 1.249999982E-01, 1.564882634E+00
       246, 1.499999992E+00,-2.346499981E-08, 1.249999982E-01, 1.834208168E+00
       247, 2.099999885E+00,-2.346499978E-08, 1.249999982E-01, 1.993837175E+00
       248, 3.000000046E+00,-2.346500021E-08, 1.249999991E-01, 2.093623492E+00
       249,-1.500000037E-01,-2.346499992E-08, 1.324999982E-01, 2.236500369E+00
       250, 3.000000109E-01,-2.346500036E-08, 1.325000001E-01, 6.161152319E-01
       251, 4.499999767E-01,-2.346500000E-08, 1.324999981E-01, 7.984324494E-01
       252, 7.499999865E-01,-2.346500000E-08, 1.324999981E-01, 1.240852419E+00
       253, 1.049999957E+00,-2.346499891E-08, 1.324999981E-01, 1.572780337E+00
       254, 1.499999992E+00,-2.346499982E-08, 1.324999981E-01, 1.847348080E+00
       255, 2.099999885E+00,-2.346499981E-08, 1.324999981E-01, 2.011979487E+00
       256, 3.000000046E+00,-2.346500021E-08, 1.324999991E-01, 2.114768931E+00
       257,-1.500000037E-01,-2.346499992E-08, 1.399999981E-01, 2.253604275E+00
       258, 3.000000109E-01,-2.346500036E-08, 1.400000001E-01, 6.443428764E-01
       259, 4.499999767E-01,-2.346500000E-08, 1.399999980E-01, 8.207995769E-01
       260, 7.499999865E-01,-2.346500000E-08, 1.399999980E-01, 1.259227482E+00
       261, 1.049999957E+00,-2.346499903E-08, 1.399999980E-01, 1.589701016E+00
       262, 1.499999992E+00,-2.346499985E-08, 1.399999980E-01, 1.864974411E+00
       263, 2.099999885E+00,-2.346499982E-08, 1.399999980E-01, 2.031899202E+00
       264, 3.000000046E+00,-2.346500020E-08, 1.399999990E-01, 2.136146642E+00
       265,-1.500000037E-01,-2.346499991E-08, 1.474999980E-01, 2.270095448E+00
       266, 3.000000109E-01,-2.346500036E-08, 1.475000001E-01, 6.916355383E-01
       267, 4.499999767E-01,-2.346500000E-08, 1.474999979E-01, 8.581644206E-01
       268, 7.499999865E-01,-2.346500000E-08, 1.474999979E-01, 1.290435757E+00
       269, 1.049999957E+00,-2.346499914E-08, 1.474999979E-01, 1.615804369E+00
       270, 1.499999992E+00,-2.346499986E-08, 1.474999979E-01, 1.887598209E+00
       271, 2.099999885E+00,-2.346499984E-08, 1.474999979E-01, 2.053942543E+00
       272, 3.000000046E+00,-2.346500019E-08, 1.474999990E-01, 2.157936075E+00
       273,-1.500000037E-01,-2.346499991E-08, 1.549999979E-01, 2.286071577E+00
       274, 3.000000109E-01,-2.346500034E-08, 1.550000001E-01, 7.528899605E-01
       275, 4.499999767E-01,-2.346500000E-08, 1.549999978E-01, 9.088132933E-01
       276, 7.499999865E-01,-2.346500000E-08, 1.549999978E-01, 1.334045682E+00
       277, 1.049999957E+00,-2.346499928E-08, 1.549999978E-01, 1.651017463E+00
       278, 1.499999992E+00,-2.346499989E-08, 1.549999978E-01, 1.915491113E+00
       279, 2.099999885E+00,-2.346499986E-08, 1.549999978E-01, 2.078261995E+00
       280, 3.000000024E+00,-2.346500002E-08, 1.549999978E-01, 2.180206470E+00
       281,-1.500000037E-01,-2.346499991E-08, 1.624999978E-01, 2.301608581E+00
       282, 3.000000109E-01,-2.346500034E-08, 1.625000001E-01, 8.216545080E-01
       283, 4.499999767E-01,-2.346500000E-08, 1.624999976E-01, 9.721332264E-01
       284, 7.499999865E-01,-2.346500000E-08, 1.624999976E-01, 1.390041516E+00
       285, 1.049999957E+00,-2.346499940E-08, 1.624999976E-01, 1.695318225E+00
       286, 1.499999992E+00,-2.346499990E-08, 1.624999976E-01, 1.948583680E+00
       287, 2.099999885E+00,-2.346499989E-08, 1.624999976E-01, 2.104791739E+00
       288, 3.000000046E+00,-2.346500019E-08, 1.624999989E-01, 2.202916978E+00
       289,-1.500000037E-01,-2.346499990E-08, 1.699999977E-01, 2.316763384E+00
       290, 3.000000109E-01,-2.346500034E-08, 1.700000001E-01, 8.954122406E-01
       291, 4.499999767E-01,-2.346500000E-08, 1.699999975E-01, 1.049257088E+00
       292, 7.499999865E-01,-2.346500000E-08, 1.699999975E-01, 1.458835645E+00
       293, 1.049999957E+00,-2.346499952E-08, 1.699999975E-01, 1.748512001E+00
       294, 1.499999992E+00,-2.346499993E-08, 1.699999975E-01, 1.986464217E+00
       295, 2.099999885E+00,-2.346499992E-08, 1.699999975E-01, 2.133247049E+00
       296, 3.000000046E+00,-2.346500019E-08, 1.699999988E-01, 2.225930391E+00
       297,-1.500000037E-01,-2.346499989E-08, 1.774999976E-01, 2.331575782E+00
       298, 3.000000109E-01,-2.346500034E-08, 1.775000001E-01, 9.781373771E-01
       299, 4.499999767E-01,-2.346500000E-08, 1.774999974E-01, 1.143276282E+00
       300, 7.499999865E-01,-2.346500000E-08, 1.774999974E-01, 1.540768855E+00
       301, 1.049999957E+00,-2.346499961E-08, 1.774999974E-01, 1.809956163E+00
       302, 1.499999992E+00,-2.346499994E-08, 1.774999974E-01, 2.028386635E+00
       303, 2.099999885E+00,-2.346499993E-08, 1.774999974E-01, 2.163152580E+00
       304, 3.000000046E+00,-2.346500018E-08, 1.774999987E-01, 2.249040300E+00
       305,-1.500000037E-01,-2.346499988E-08, 1.849999975E-01, 2.346071026E+00
       306, 3.000000109E-01,-2.346500034E-08, 1.850000001E-01, 1.080604327E+00
       307, 4.499999767E-01,-2.346500000E-08, 1.849999973E-01, 1.258798681E+00
       308, 7.499999865E-01,-2.346500000E-08, 1.849999973E-01, 1.635547369E+00
       309, 1.049999957E+00,-2.346499975E-08, 1.849999973E-01, 1.878456778E+00
       310, 1.499999992E+00,-2.346499995E-08, 1.849999973E-01, 2.073295208E+00
       311, 2.099999885E+00,-2.346499994E-08, 1.849999973E-01, 2.193897804E+00
       312, 3.000000046E+00,-2.346500018E-08, 1.849999987E-01, 2.272007209E+00
       313,-1.500000037E-01,-2.346499989E-08, 1.924999974E-01, 2.360262707E+00
       314, 3.000000109E-01,-2.346500034E-08, 1.925000001E-01, 1.217561748E+00
       315, 4.499999767E-01,-2.346500000E-08, 1.924999972E-01, 1.400008261E+00
       316, 7.499999865E-01,-2.346500000E-08, 1.924999972E-01, 1.741705091E+00
       317, 1.049999957E+00,-2.346499987E-08, 1.924999972E-01, 1.952167187E+00
       318, 1.499999992E+00,-2.346499998E-08, 1.924999972E-01, 2.119886092E+00
       319, 2.099999885E+00,-2.346499997E-08, 1.924999972E-01, 2.224812991E+00
       320, 3.000000046E+00,-2.346500017E-08, 1.924999986E-01, 2.294597615E+00
       321,-1.500000037E-01,-2.346499988E-08, 1.999999973E-01, 2.374153548E+00
       322, 3.000000109E-01,-2.346500034E-08, 2.000000001E-01, 1.401018669E+00
       323, 4.499999767E-01,-2.346500000E-08, 1.999999971E-01, 1.567633335E+00
       324, 7.499999865E-01,-2.346500000E-08, 1.999999971E-01, 1.856134774E+00
       325, 1.049999957E+00,-2.346500000E-08, 1.999999971E-01, 2.028583062E+00
       326, 1.499999992E+00,-2.346500000E-08, 1.999999971E-01, 2.166720198E+00
       327, 2.099999885E+00,-2.346500000E-08, 1.999999971E-01, 2.255254416E+00
       328, 3.000000046E+00,-2.346500017E-08, 1.999999986E-01, 2.316618787E+00
       329,-1.500000036E-01,-2.346499988E-08, 2.074999979E-01, 2.387741287E+00
       330, 3.000000109E-01,-2.346500032E-08, 2.075000008E-01, 1.630795953E+00
       331, 4.499999767E-01,-2.346499997E-08, 2.074999977E-01, 1.755967863E+00
       332, 7.499999865E-01,-2.346499997E-08, 2.074999977E-01, 1.973932563E+00
       333, 1.049999957E+00,-2.346499993E-08, 2.074999977E-01, 2.104704128E+00
       334, 1.499999992E+00,-2.346499997E-08, 2.074999977E-01, 2.212376521E+00
       335, 2.099999885E+00,-2.346500000E-08, 2.074999977E-01, 2.284681328E+00
       336, 3.000000046E+00,-2.346500017E-08, 2.074999992E-01, 2.337941456E+00
       337,-1.500000036E-01,-2.346499992E-08, 2.154084161E-01, 2.401736056E+00
       338, 3.000000109E-01,-2.346500038E-08, 2.154084192E-01, 1.901086637E+00
       339, 4.499999767E-01,-2.346500003E-08, 2.154084160E-01, 1.962038588E+00
       340, 7.499999865E-01,-2.346500003E-08, 2.154084160E-01, 2.094928058E+00
       341, 1.049999957E+00,-2.346499993E-08, 2.154084160E-01, 2.181271923E+00
       342, 1.499999992E+00,-2.346500000E-08, 2.154084160E-01, 2.257941075E+00
       343, 2.099999885E+00,-2.346500003E-08, 2.154084160E-01, 2.314217269E+00
       344, 3.000000046E+00,-2.346500021E-08, 2.154084176E-01, 2.359613196E+00
       345,-1.500000035E-01,-2.346499995E-08, 2.237474927E-01, 2.416108720E+00
       346, 3.000000109E-01,-2.346500035E-08, 2.237474959E-01, 2.171977289E+00
       347, 4.499999767E-01,-2.346500000E-08, 2.237474926E-01, 2.164634037E+00
       348, 7.499999865E-01,-2.346500000E-08, 2.237474926E-01, 2.211226339E+00
       349, 1.049999957E+00,-2.346499986E-08, 2.237474926E-01, 2.254775718E+00
       350, 1.499999992E+00,-2.346499996E-08, 2.237474926E-01, 2.302191259E+00
       351, 2.099999885E+00,-2.346500000E-08, 2.237474926E-01, 2.343527253E+00
       352, 3.000000046E+00,-2.346500017E-08, 2.237474943E-01, 2.381590991E+00
       353,-1.500000035E-01,-2.346499996E-08, 2.325406795E-01, 2.430815196E+00
       354, 3.000000109E-01,-2.346500032E-08, 2.325406829E-01, 2.389053463E+00
       355, 4.499999767E-01,-2.346499997E-08, 2.325406794E-01, 2.337167407E+00
       356, 7.499999865E-01,-2.346499997E-08, 2.325406794E-01, 2.314576921E+00
       357, 1.049999957E+00,-2.346499977E-08, 2.325406794E-01, 2.322047425E+00
       358, 1.499999992E+00,-2.346499992E-08, 2.325406794E-01, 2.344235263E+00
       359, 2.099999885E+00,-2.346499998E-08, 2.325406794E-01, 2.372452344E+00
       360, 3.000000046E+00,-2.346500014E-08, 2.325406812E-01, 2.403893899E+00
       361,-1.500000034E-01,-2.346500001E-08, 2.418127053E-01, 2.445799096E+00
       362, 3.000000109E-01,-2.346500032E-08, 2.418127089E-01, 2.516332661E+00
       363, 4.499999767E-01,-2.346499998E-08, 2.418127053E-01, 2.458815164E+00
       364, 7.499999865E-01,-2.346499998E-08, 2.418127053E-01, 2.398812453E+00
       365, 1.049999957E+00,-2.346499973E-08, 2.418127053E-01, 2.381014273E+00
       366, 1.499999992E+00,-2.346499994E-08, 2.418127053E-01, 2.383678327E+00
       367, 2.099999885E+00,-2.346500002E-08, 2.418127053E-01, 2.401027144E+00
       368, 3.000000046E+00,-2.346500018E-08, 2.418127071E-01, 2.426592611E+00
       369,-1.500000034E-01,-2.346500004E-08, 2.515896456E-01, 2.460991103E+00
       370, 3.000000109E-01,-2.346500034E-08, 2.515896494E-01, 2.567982255E+00
       371, 4.499999767E-01,-2.346500001E-08, 2.515896457E-01, 2.527902982E+00
       372, 7.499999865E-01,-2.346500000E-08, 2.515896457E-01, 2.462247019E+00
       373, 1.049999957E+00,-2.346499969E-08, 2.515896457E-01, 2.431276408E+00
       374, 1.499999992E+00,-2.346499993E-08, 2.515896457E-01, 2.420678367E+00
       375, 2.099999885E+00,-2.346500002E-08, 2.515896457E-01, 2.429450591E+00
       376, 3.000000046E+00,-2.346500015E-08, 2.515896475E-01, 2.449785365E+00
       377,-1.500000033E-01,-2.346500008E-08, 2.618989960E-01, 2.476312270E+00
       378, 3.000000109E-01,-2.346500035E-08, 2.618990000E-01, 2.586992373E+00
       379, 4.499999767E-01,-2.346500000E-08, 2.618989961E-01, 2.562469449E+00
       380, 7.499999865E-01,-2.346500000E-08, 2.618989961E-01, 2.508243582E+00
       381, 1.049999957E+00,-2.346499961E-08, 2.618989961E-01, 2.474100554E+00
       382, 1.499999992E+00,-2.346499990E-08, 2.618989961E-01, 2.455837617E+00
       383, 2.099999885E+00,-2.346500002E-08, 2.618989961E-01, 2.458009903E+00
       384, 3.000000046E+00,-2.346500018E-08, 2.618989980E-01, 2.473561396E+00
       385,-1.500000032E-01,-2.346500011E-08, 2.727697492E-01, 2.491681059E+00
       386, 3.000000109E-01,-2.346500035E-08, 2.727697533E-01, 2.600001273E+00
       387, 4.499999767E-01,-2.346500001E-08, 2.727697493E-01, 2.583331039E+00
       388, 7.499999865E-01,-2.346499999E-08, 2.727697493E-01, 2.542964630E+00
       389, 1.049999957E+00,-2.346499955E-08, 2.727697493E-01, 2.511650099E+00
       390, 1.499999992E+00,-2.346499989E-08, 2.727697493E-01, 2.489900628E+00
       391, 2.099999885E+00,-2.346500003E-08, 2.727697493E-01, 2.486955879E+00
       392, 3.000000046E+00,-2.346500017E-08, 2.727697513E-01, 2.497956475E+00
       393,-1.500000032E-01,-2.346500011E-08, 2.842324767E-01, 2.507023185E+00
       394, 3.000000109E-01,-2.346500033E-08, 2.842324811E-01, 2.612914153E+00
       395, 4.499999767E-01,-2.346499998E-08, 2.842324768E-01, 2.600837981E+00
       396, 7.499999865E-01,-2.346499996E-08, 2.842324768E-01, 2.571565154E+00
       397, 1.049999957E+00,-2.346499946E-08, 2.842324768E-01, 2.545690375E+00
       398, 1.499999992E+00,-2.346499985E-08, 2.842324768E-01, 2.523308174E+00
       399, 2.099999885E+00,-2.346500000E-08, 2.842324768E-01, 2.516345276E+00
       400, 3.000000046E+00,-2.346500015E-08, 2.842324789E-01, 2.522905672E+00
       401,-1.500000031E-01,-2.346500017E-08, 2.963194150E-01, 2.522277514E+00
       402, 3.000000109E-01,-2.346500033E-08, 2.963194195E-01, 2.625606072E+00
       403, 4.499999767E-01,-2.346500000E-08, 2.963194151E-01, 2.617029749E+00
       404, 7.499999865E-01,-2.346499999E-08, 2.963194151E-01, 2.596073651E+00
       405, 1.049999957E+00,-2.346499939E-08, 2.963194151E-01, 2.576495615E+00
       406, 1.499999992E+00,-2.346499986E-08, 2.963194151E-01, 2.555759720E+00
       407, 2.099999885E+00,-2.346500004E-08, 2.963194151E-01, 2.545890551E+00
       408, 3.000000046E+00,-2.346500017E-08, 2.963194173E-01, 2.548201552E+00
       409,-1.500000030E-01,-2.346500021E-08, 3.090645557E-01, 2.537394773E+00
       410, 3.000000109E-01,-2.346500034E-08, 3.090645605E-01, 2.637493820E+00
       411, 4.499999767E-01,-2.346500000E-08, 3.090645559E-01, 2.631675627E+00
       412, 7.499999865E-01,-2.346499998E-08, 3.090645559E-01, 2.616637862E+00
       413, 1.049999957E+00,-2.346499931E-08, 3.090645559E-01, 2.603082970E+00
       414, 1.499999992E+00,-2.346499983E-08, 3.090645559E-01, 2.586085948E+00
       415, 2.099999885E+00,-2.346500003E-08, 3.090645559E-01, 2.574875970E+00
       416, 3.000000046E+00,-2.346500013E-08, 3.090645582E-01, 2.573469077E+00
       417,-1.500000030E-01,-2.346500025E-08, 3.225037420E-01, 2.552330070E+00
       418, 3.000000109E-01,-2.346500034E-08, 3.225037469E-01, 2.648707696E+00
       419, 4.499999767E-01,-2.346500000E-08, 3.225037421E-01, 2.644906742E+00
       420, 7.499999865E-01,-2.346499998E-08, 3.225037421E-01, 2.633683005E+00
       421, 1.049999957E+00,-2.346499924E-08, 3.225037421E-01, 2.624799875E+00
       422, 1.499999992E+00,-2.346499981E-08, 3.225037421E-01, 2.612780675E+00
       423, 2.099999885E+00,-2.346500003E-08, 3.225037421E-01, 2.602238794E+00
       424, 3.000000046E+00,-2.346500013E-08, 3.225037445E-01, 2.598169919E+00
       425,-1.500000029E-01,-2.346500034E-08, 3.366747683E-01, 2.567041759E+00
       426, 3.000000109E-01,-2.346500038E-08, 3.366747735E-01, 2.659656216E+00
       427, 4.499999767E-01,-2.346500003E-08, 3.366747685E-01, 2.657310633E+00
       428, 7.499999865E-01,-2.346500002E-08, 3.366747685E-01, 2.648328695E+00
       429, 1.049999957E+00,-2.346499918E-08, 3.366747685E-01, 2.642361250E+00
       430, 1.499999992E+00,-2.346499983E-08, 3.366747685E-01, 2.635024640E+00
       431, 2.099999885E+00,-2.346500009E-08, 3.366747685E-01, 2.626887171E+00
       432, 3.000000046E+00,-2.346500019E-08, 3.366747710E-01, 2.621650045E+00
       433,-1.500000028E-01,-2.346500031E-08, 3.516174877E-01, 2.581526138E+00
       434, 3.000000109E-01,-2.346500031E-08, 3.516174931E-01, 2.670654284E+00
       435, 4.499999767E-01,-2.346499997E-08, 3.516174879E-01, 2.669458679E+00
       436, 7.499999865E-01,-2.346499996E-08, 3.516174879E-01, 2.661757598E+00
       437, 1.049999957E+00,-2.346499901E-08, 3.516174879E-01, 2.657282293E+00
       438, 1.499999992E+00,-2.346499974E-08, 3.516174879E-01, 2.653237451E+00
       439, 2.099999885E+00,-2.346500004E-08, 3.516174879E-01, 2.648151928E+00
       440, 3.000000046E+00,-2.346500014E-08, 3.516174905E-01, 2.643230667E+00
       441,-1.500000027E-01,-2.346500041E-08, 3.673739231E-01, 2.595895443E+00
       442, 3.000000109E-01,-2.346500034E-08, 3.673739288E-01, 2.681934998E+00
       443, 4.499999767E-01,-2.346500000E-08, 3.673739233E-01, 2.681705023E+00
       444, 7.499999865E-01,-2.346499997E-08, 3.673739233E-01, 2.674777364E+00
       445, 1.049999957E+00,-2.346499894E-08, 3.673739233E-01, 2.670887340E+00
       446, 1.499999992E+00,-2.346499974E-08, 3.673739233E-01, 2.668572464E+00
       447, 2.099999885E+00,-2.346500006E-08, 3.673739233E-01, 2.666016010E+00
       448, 3.000000046E+00,-2.346500015E-08, 3.673739261E-01, 2.662304578E+00
       449,-1.500000026E-01,-2.346500046E-08, 3.839883861E-01, 2.610376651E+00
       450, 3.000000109E-01,-2.346500033E-08, 3.839883920E-01, 2.693619477E+00
       451, 4.499999767E-01,-2.346500000E-08, 3.839883863E-01, 2.694145268E+00
       452, 7.499999865E-01,-2.346499998E-08, 3.839883863E-01, 2.687660009E+00
       453, 1.049999957E+00,-2.346499884E-08, 3.839883863E-01, 2.683794021E+00
       454, 1.499999992E+00,-2.346499974E-08, 3.839883863E-01, 2.681996159E+00
       455, 2.099999885E+00,-2.346500008E-08, 3.839883863E-01, 2.680839872E+00
       456, 3.000000046E+00,-2.346500015E-08, 3.839883892E-01, 2.678359457E+00
       457,-1.500000025E-01,-2.346500049E-08, 4.015076012E-01, 2.624908170E+00
       458, 3.000000109E-01,-2.346500034E-08, 4.015076073E-01, 2.705371134E+00
       459, 4.499999767E-01,-2.346500001E-08, 4.015076013E-01, 2.706432069E+00
       460, 7.499999865E-01,-2.346499997E-08, 4.015076013E-01, 2.699976969E+00
       461, 1.049999957E+00,-2.346499875E-08, 4.015076013E-01, 2.695732099E+00
       462, 1.499999992E+00,-2.346499970E-08, 4.015076013E-01, 2.693677038E+00
       463, 2.099999885E+00,-2.346500007E-08, 4.015076013E-01, 2.692777126E+00
       464, 3.000000046E+00,-2.346500012E-08, 4.015076043E-01, 2.690890342E+00
       465,-1.500000024E-01,-2.346500054E-08, 4.199808371E-01, 2.638193119E+00
       466, 3.000000109E-01,-2.346500031E-08, 4.199808435E-01, 2.716005597E+00
       467, 4.499999767E-01,-2.346499999E-08, 4.199808372E-01, 2.717337970E+00
       468, 7.499999865E-01,-2.346499996E-08, 4.199808372E-01, 2.710389445E+00
       469, 1.049999957E+00,-2.346499860E-08, 4.199808372E-01, 2.705541366E+00
       470, 1.499999992E+00,-2.346499964E-08, 4.199808372E-01, 2.702807077E+00
       471, 2.099999885E+00,-2.346500006E-08, 4.199808372E-01, 2.701384197E+00
       472, 3.000000046E+00,-2.346500011E-08, 4.199808404E-01, 2.699356645E+00
       473,-1.500000023E-01,-2.346500065E-08, 4.394600459E-01, 2.647512702E+00
       474, 3.000000067E-01,-2.346500001E-08, 4.394600459E-01, 2.723586889E+00
       475, 4.499999892E-01,-2.346500074E-08, 4.394600590E-01, 2.724535508E+00
       476, 7.499999652E-01,-2.346499931E-08, 4.394600328E-01, 2.717096245E+00
       477, 1.049999957E+00,-2.346499852E-08, 4.394600459E-01, 2.711661986E+00
       478, 1.499999992E+00,-2.346499967E-08, 4.394600459E-01, 2.708149634E+00
       479, 2.099999885E+00,-2.346500013E-08, 4.394600459E-01, 2.706043275E+00
       480, 3.000000024E+00,-2.346499998E-08, 4.394600459E-01, 2.703614658E+00
       481,-1.500000037E-01,-2.346500074E-08, 4.600000083E-01, 2.650806435E+00
       482, 3.000000067E-01,-2.346499997E-08, 4.600000083E-01, 2.726378967E+00
       483, 4.499999892E-01,-2.346500070E-08, 4.600000221E-01, 2.726866356E+00
       484, 7.499999652E-01,-2.346499927E-08, 4.599999946E-01, 2.719325857E+00
       485, 1.049999957E+00,-2.346499836E-08, 4.600000083E-01, 2.713625403E+00
       486, 1.499999992E+00,-2.346499961E-08, 4.600000083E-01, 2.709735969E+00
       487, 2.099999885E+00,-2.346500010E-08, 4.600000083E-01, 2.707335609E+00
       488, 3.000000024E+00,-2.346499996E-08, 4.600000083E-01, 2.704729100E+00
