nodenumber,    x-coordinate,    y-coordinate,    z-coordinate,turb-kinetic-energy
         1,-1.500000037E-01,-2.346499996E-08, 0.000000000E+00, 2.861821688E-02
         2, 3.000000109E-01,-2.346500038E-08, 0.000000000E+00, 2.779229644E-02
         3, 4.499999767E-01,-2.346500000E-08, 0.000000000E+00, 2.789128040E-02
         4, 7.499999865E-01,-2.346500000E-08, 0.000000000E+00, 2.853366825E-02
         5, 1.049999957E+00,-2.346499757E-08, 0.000000000E+00, 2.869833848E-02
         6, 1.499999992E+00,-2.346499963E-08, 0.000000000E+00, 2.863137512E-02
         7, 2.099999885E+00,-2.346499957E-08, 0.000000000E+00, 2.861170497E-02
         8, 3.000000046E+00,-2.346500025E-08, 0.000000000E+00, 2.862562804E-02
         9,-1.500000022E-01,-2.346499995E-08, 5.000000080E-04, 3.347088153E-02
        10, 3.000000109E-01,-2.346500038E-08, 5.000000149E-04, 3.118714489E-02
        11, 4.499999767E-01,-2.346500001E-08, 5.000000075E-04, 3.148353660E-02
        12, 7.499999865E-01,-2.346500001E-08, 5.000000075E-04, 3.324934978E-02
        13, 1.049999957E+00,-2.346499757E-08, 5.000000075E-04, 3.367435428E-02
        14, 1.499999992E+00,-2.346499963E-08, 5.000000075E-04, 3.349150707E-02
        15, 2.099999885E+00,-2.346499959E-08, 5.000000075E-04, 3.344165427E-02
        16, 3.000000046E+00,-2.346500026E-08, 5.000000112E-04, 3.348125894E-02
        17,-1.500000022E-01,-2.346499995E-08, 1.073981263E-03, 4.165385119E-02
        18, 3.000000109E-01,-2.346500038E-08, 1.073981278E-03, 3.701819387E-02
        19, 4.499999767E-01,-2.346500000E-08, 1.073981262E-03, 3.767216480E-02
        20, 7.499999865E-01,-2.346500000E-08, 1.073981262E-03, 4.132305511E-02
        21, 1.049999957E+00,-2.346499757E-08, 1.073981262E-03, 4.217545661E-02
        22, 1.499999992E+00,-2.346499961E-08, 1.073981262E-03, 4.178892136E-02
        23, 2.099999885E+00,-2.346499957E-08, 1.073981262E-03, 4.166792268E-02
        24, 3.000000046E+00,-2.346500025E-08, 1.073981270E-03, 4.174027375E-02
        25,-1.500000022E-01,-2.346499996E-08, 1.732890214E-03, 4.595574933E-02
        26, 3.000000109E-01,-2.346500038E-08, 1.732890238E-03, 3.999114969E-02
        27, 4.499999767E-01,-2.346500000E-08, 1.732890212E-03, 4.087708147E-02
        28, 7.499999865E-01,-2.346500000E-08, 1.732890212E-03, 4.575790407E-02
        29, 1.049999957E+00,-2.346499756E-08, 1.732890212E-03, 4.689287389E-02
        30, 1.499999992E+00,-2.346499963E-08, 1.732890212E-03, 4.636020913E-02
        31, 2.099999885E+00,-2.346499958E-08, 1.732890212E-03, 4.616513894E-02
        32, 3.000000046E+00,-2.346500026E-08, 1.732890225E-03, 4.624142991E-02
        33,-1.500000022E-01,-2.346499995E-08, 2.489292976E-03, 4.813101354E-02
        34, 3.000000109E-01,-2.346500035E-08, 2.489293010E-03, 4.108092444E-02
        35, 4.499999767E-01,-2.346499999E-08, 2.489292973E-03, 4.209173267E-02
        36, 7.499999865E-01,-2.346499999E-08, 2.489292973E-03, 4.813564672E-02
        37, 1.049999957E+00,-2.346499758E-08, 2.489292973E-03, 4.959076526E-02
        38, 1.499999992E+00,-2.346499962E-08, 2.489292973E-03, 4.892148861E-02
        39, 2.099999885E+00,-2.346499958E-08, 2.489292973E-03, 4.865053498E-02
        40, 3.000000046E+00,-2.346500025E-08, 2.489292992E-03, 4.872563027E-02
        41,-1.500000023E-01,-2.346499995E-08, 3.357614975E-03, 4.923793899E-02
        42, 3.000000109E-01,-2.346500036E-08, 3.357615021E-03, 4.133256839E-02
        43, 4.499999767E-01,-2.346500000E-08, 3.357614971E-03, 4.237329344E-02
        44, 7.499999865E-01,-2.346500000E-08, 3.357614971E-03, 4.953166196E-02
        45, 1.049999957E+00,-2.346499755E-08, 3.357614971E-03, 5.136190423E-02
        46, 1.499999992E+00,-2.346499961E-08, 3.357614971E-03, 5.056236710E-02
        47, 2.099999885E+00,-2.346499958E-08, 3.357614971E-03, 5.019902153E-02
        48, 3.000000046E+00,-2.346500026E-08, 3.357614996E-03, 5.026884090E-02
        49,-1.500000023E-01,-2.346499996E-08, 4.354416060E-03, 4.971315789E-02
        50, 3.000000109E-01,-2.346500038E-08, 4.354416120E-03, 4.123695017E-02
        51, 4.499999767E-01,-2.346500000E-08, 4.354416055E-03, 4.225833763E-02
        52, 7.499999865E-01,-2.346500000E-08, 4.354416055E-03, 5.041558381E-02
        53, 1.049999957E+00,-2.346499756E-08, 4.354416055E-03, 5.264800417E-02
        54, 1.499999992E+00,-2.346499963E-08, 4.354416055E-03, 5.172422865E-02
        55, 2.099999885E+00,-2.346499958E-08, 4.354416055E-03, 5.124909759E-02
        56, 3.000000046E+00,-2.346500026E-08, 4.354416087E-03, 5.130788913E-02
        57,-1.500000023E-01,-2.346499995E-08, 5.498706317E-03, 4.976785246E-02
        58, 3.000000109E-01,-2.346500038E-08, 5.498706393E-03, 4.104956418E-02
        59, 4.499999767E-01,-2.346500000E-08, 5.498706311E-03, 4.207852405E-02
        60, 7.499999865E-01,-2.346500000E-08, 5.498706311E-03, 5.104639994E-02
        61, 1.049999957E+00,-2.346499757E-08, 5.498706311E-03, 5.366646749E-02
        62, 1.499999992E+00,-2.346499963E-08, 5.498706311E-03, 5.262379989E-02
        63, 2.099999885E+00,-2.346499958E-08, 5.498706311E-03, 5.201587879E-02
        64, 3.000000046E+00,-2.346500026E-08, 5.498706352E-03, 5.205538982E-02
        65,-1.500000024E-01,-2.346499995E-08, 6.812308611E-03, 4.951598759E-02
        66, 3.000000109E-01,-2.346500038E-08, 6.812308705E-03, 4.089958848E-02
        67, 4.499999767E-01,-2.346500000E-08, 6.812308604E-03, 4.206092758E-02
        68, 7.499999865E-01,-2.346500000E-08, 6.812308604E-03, 5.159767482E-02
        69, 1.049999957E+00,-2.346499757E-08, 6.812308604E-03, 5.453761166E-02
        70, 1.499999992E+00,-2.346499963E-08, 6.812308604E-03, 5.337948743E-02
        71, 2.099999885E+00,-2.346499958E-08, 6.812308604E-03, 5.261617166E-02
        72, 3.000000046E+00,-2.346500026E-08, 6.812308654E-03, 5.262467063E-02
        73,-1.500000024E-01,-2.346499995E-08, 8.320274774E-03, 4.902360581E-02
        74, 3.000000109E-01,-2.346500038E-08, 8.320274889E-03, 4.083924427E-02
        75, 4.499999767E-01,-2.346500000E-08, 8.320274765E-03, 4.236518778E-02
        76, 7.499999865E-01,-2.346500000E-08, 8.320274765E-03, 5.220463445E-02
        77, 1.049999957E+00,-2.346499756E-08, 8.320274765E-03, 5.533393940E-02
        78, 1.499999992E+00,-2.346499963E-08, 8.320274765E-03, 5.405995502E-02
        79, 2.099999885E+00,-2.346499957E-08, 8.320274765E-03, 5.311745862E-02
        80, 3.000000046E+00,-2.346500026E-08, 8.320274827E-03, 5.307878727E-02
        81,-1.500000025E-01,-2.346499996E-08, 1.005136337E-02, 4.833271112E-02
        82, 3.000000109E-01,-2.346500038E-08, 1.005136351E-02, 4.088102580E-02
        83, 4.499999767E-01,-2.346500000E-08, 1.005136336E-02, 4.310725277E-02
        84, 7.499999865E-01,-2.346500000E-08, 1.005136336E-02, 5.298503108E-02
        85, 1.049999957E+00,-2.346499757E-08, 1.005136336E-02, 5.610432968E-02
        86, 1.499999992E+00,-2.346499963E-08, 1.005136336E-02, 5.470644100E-02
        87, 2.099999885E+00,-2.346499958E-08, 1.005136336E-02, 5.356052673E-02
        88, 3.000000046E+00,-2.346500026E-08, 1.005136343E-02, 5.345327979E-02
        89,-1.500000025E-01,-2.346499996E-08, 1.203858814E-02, 4.747410328E-02
        90, 3.000000109E-01,-2.346500038E-08, 1.203858831E-02, 4.104365243E-02
        91, 4.499999767E-01,-2.346500000E-08, 1.203858813E-02, 4.438397571E-02
        92, 7.499999865E-01,-2.346500000E-08, 1.203858813E-02, 5.404898180E-02
        93, 1.049999957E+00,-2.346499757E-08, 1.203858813E-02, 5.688871366E-02
        94, 1.499999992E+00,-2.346499963E-08, 1.203858813E-02, 5.534381252E-02
        95, 2.099999885E+00,-2.346499958E-08, 1.203858813E-02, 5.397128725E-02
        96, 3.000000046E+00,-2.346500026E-08, 1.203858822E-02, 5.376826951E-02
        97,-1.500000026E-01,-2.346499996E-08, 1.431984764E-02, 4.647395286E-02
        98, 3.000000109E-01,-2.346500038E-08, 1.431984784E-02, 4.141591138E-02
        99, 4.499999767E-01,-2.346500000E-08, 1.431984763E-02, 4.629653591E-02
       100, 7.499999865E-01,-2.346500000E-08, 1.431984763E-02, 5.550310226E-02
       101, 1.049999957E+00,-2.346499757E-08, 1.431984763E-02, 5.772881666E-02
       102, 1.499999992E+00,-2.346499963E-08, 1.431984763E-02, 5.598686153E-02
       103, 2.099999885E+00,-2.346499957E-08, 1.431984763E-02, 5.436708344E-02
       104, 3.000000046E+00,-2.346500026E-08, 1.431984774E-02, 5.403521492E-02
       105,-1.500000027E-01,-2.346499996E-08, 1.693864799E-02, 4.535649445E-02
       106, 3.000000109E-01,-2.346500038E-08, 1.693864822E-02, 4.221895257E-02
       107, 4.499999767E-01,-2.346500000E-08, 1.693864797E-02, 4.896332298E-02
       108, 7.499999865E-01,-2.346500000E-08, 1.693864797E-02, 5.745077335E-02
       109, 1.049999957E+00,-2.346499757E-08, 1.693864797E-02, 5.867696246E-02
       110, 1.499999992E+00,-2.346499964E-08, 1.693864797E-02, 5.664462810E-02
       111, 2.099999885E+00,-2.346499958E-08, 1.693864797E-02, 5.476003549E-02
       112, 3.000000046E+00,-2.346500026E-08, 1.693864809E-02, 5.426084190E-02
       113,-1.500000028E-01,-2.346499997E-08, 1.994493255E-02, 4.414407436E-02
       114, 3.000000109E-01,-2.346500038E-08, 1.994493283E-02, 4.380294577E-02
       115, 4.499999767E-01,-2.346500000E-08, 1.994493253E-02, 5.251196663E-02
       116, 7.499999865E-01,-2.346500000E-08, 1.994493253E-02, 5.998817799E-02
       117, 1.049999957E+00,-2.346499756E-08, 1.994493253E-02, 5.980252604E-02
       118, 1.499999992E+00,-2.346499964E-08, 1.994493253E-02, 5.732444575E-02
       119, 2.099999885E+00,-2.346499959E-08, 1.994493253E-02, 5.515883945E-02
       120, 3.000000046E+00,-2.346500026E-08, 1.994493268E-02, 5.444955667E-02
       121,-1.500000029E-01,-2.346499996E-08, 2.339603447E-02, 4.285541606E-02
       122, 3.000000109E-01,-2.346500038E-08, 2.339603480E-02, 4.653097317E-02
       123, 4.499999767E-01,-2.346500001E-08, 2.339603445E-02, 5.704223753E-02
       124, 7.499999865E-01,-2.346500000E-08, 2.339603445E-02, 6.319552127E-02
       125, 1.049999957E+00,-2.346499757E-08, 2.339603445E-02, 6.119388932E-02
       126, 1.499999992E+00,-2.346499962E-08, 2.339603445E-02, 5.803672037E-02
       127, 2.099999885E+00,-2.346499957E-08, 2.339603445E-02, 5.556993225E-02
       128, 3.000000046E+00,-2.346500025E-08, 2.339603462E-02, 5.460503504E-02
       129,-1.500000030E-01,-2.346499996E-08, 2.735777003E-02, 4.150299201E-02
       130, 3.000000109E-01,-2.346500038E-08, 2.735777041E-02, 5.057483749E-02
       131, 4.499999767E-01,-2.346500001E-08, 2.735777000E-02, 6.256367130E-02
       132, 7.499999865E-01,-2.346500000E-08, 2.735777000E-02, 6.712548244E-02
       133, 1.049999957E+00,-2.346499757E-08, 2.735777000E-02, 6.295334805E-02
       134, 1.499999992E+00,-2.346499962E-08, 2.735777000E-02, 5.880106220E-02
       135, 2.099999885E+00,-2.346499957E-08, 2.735777000E-02, 5.599877081E-02
       136, 3.000000046E+00,-2.346500025E-08, 2.735777021E-02, 5.473137906E-02
       137,-1.500000031E-01,-2.346499995E-08, 3.190569386E-02, 4.009068535E-02
       138, 3.000000109E-01,-2.346500037E-08, 3.190569430E-02, 5.562419274E-02
       139, 4.499999767E-01,-2.346500001E-08, 3.190569382E-02, 6.891275249E-02
       140, 7.499999865E-01,-2.346500001E-08, 3.190569382E-02, 7.178768979E-02
       141, 1.049999957E+00,-2.346499757E-08, 3.190569382E-02, 6.518385255E-02
       142, 1.499999992E+00,-2.346499962E-08, 3.190569382E-02, 5.965324483E-02
       143, 2.099999885E+00,-2.346499955E-08, 3.190569382E-02, 5.645186896E-02
       144, 3.000000046E+00,-2.346500024E-08, 3.190569406E-02, 5.483405340E-02
       145,-1.500000033E-01,-2.346499996E-08, 3.712653982E-02, 3.861278658E-02
       146, 3.000000109E-01,-2.346500039E-08, 3.712654033E-02, 6.074277014E-02
       147, 4.499999767E-01,-2.346500001E-08, 3.712653978E-02, 7.568052540E-02
       148, 7.499999865E-01,-2.346500001E-08, 3.712653978E-02, 7.712743681E-02
       149, 1.049999957E+00,-2.346499758E-08, 3.712653978E-02, 6.796936092E-02
       150, 1.499999992E+00,-2.346499962E-08, 3.712653978E-02, 6.065113902E-02
       151, 2.099999885E+00,-2.346499956E-08, 3.712653978E-02, 5.694011556E-02
       152, 3.000000046E+00,-2.346500025E-08, 3.712654005E-02, 5.492059706E-02
       153,-1.500000034E-01,-2.346499996E-08, 4.311987516E-02, 3.705558361E-02
       154, 3.000000109E-01,-2.346500038E-08, 4.311987575E-02, 6.476837496E-02
       155, 4.499999767E-01,-2.346500001E-08, 4.311987511E-02, 8.226103573E-02
       156, 7.499999865E-01,-2.346500001E-08, 4.311987511E-02, 8.300029267E-02
       157, 1.049999957E+00,-2.346499758E-08, 4.311987511E-02, 7.135349115E-02
       158, 1.499999992E+00,-2.346499963E-08, 4.311987511E-02, 6.187674411E-02
       159, 2.099999885E+00,-2.346499956E-08, 4.311987511E-02, 5.748345195E-02
       160, 3.000000046E+00,-2.346500025E-08, 4.311987543E-02, 5.500102539E-02
       161,-1.500000037E-01,-2.346499997E-08, 4.999999933E-02, 3.540213603E-02
       162, 3.000000109E-01,-2.346500038E-08, 5.000000002E-02, 6.707909200E-02
       163, 4.499999767E-01,-2.346500001E-08, 4.999999927E-02, 8.804597984E-02
       164, 7.499999865E-01,-2.346500001E-08, 4.999999927E-02, 8.915873848E-02
       165, 1.049999957E+00,-2.346499757E-08, 4.999999927E-02, 7.533031745E-02
       166, 1.499999992E+00,-2.346499963E-08, 4.999999927E-02, 6.343383317E-02
       167, 2.099999885E+00,-2.346499957E-08, 4.999999927E-02, 5.811732893E-02
       168, 3.000000046E+00,-2.346500025E-08, 4.999999964E-02, 5.508817179E-02
       169,-1.500000037E-01,-2.346499995E-08, 5.749999923E-02, 3.372736916E-02
       170, 3.000000109E-01,-2.346500035E-08, 5.750000002E-02, 6.796417566E-02
       171, 4.499999767E-01,-2.346499998E-08, 5.749999916E-02, 9.242243283E-02
       172, 7.499999865E-01,-2.346500000E-08, 5.749999916E-02, 9.498796931E-02
       173, 1.049999957E+00,-2.346499769E-08, 5.749999916E-02, 7.961916553E-02
       174, 1.499999992E+00,-2.346499965E-08, 5.749999916E-02, 6.533364128E-02
       175, 2.099999885E+00,-2.346499962E-08, 5.749999916E-02, 5.885881336E-02
       176, 3.000000046E+00,-2.346500029E-08, 5.749999959E-02, 5.519363283E-02
       177,-1.500000037E-01,-2.346499992E-08, 6.499999913E-02, 3.217106609E-02
       178, 3.000000109E-01,-2.346500037E-08, 6.500000002E-02, 6.828298835E-02
       179, 4.499999767E-01,-2.346500000E-08, 6.499999905E-02, 9.521840129E-02
       180, 7.499999865E-01,-2.346500001E-08, 6.499999905E-02, 9.984598500E-02
       181, 1.049999957E+00,-2.346499781E-08, 6.499999905E-02, 8.373722724E-02
       182, 1.499999992E+00,-2.346499966E-08, 6.499999905E-02, 6.743416086E-02
       183, 2.099999885E+00,-2.346499961E-08, 6.499999905E-02, 5.968581591E-02
       184, 3.000000046E+00,-2.346500026E-08, 6.499999954E-02, 5.532326875E-02
       185,-1.500000037E-01,-2.346499994E-08, 7.249999903E-02, 3.072879352E-02
       186, 3.000000109E-01,-2.346500038E-08, 7.250000002E-02, 6.857355059E-02
       187, 4.499999767E-01,-2.346500001E-08, 7.249999894E-02, 9.685667563E-02
       188, 7.499999865E-01,-2.346500001E-08, 7.249999894E-02, 1.037960710E-01
       189, 1.049999957E+00,-2.346499793E-08, 7.249999894E-02, 8.761713677E-02
       190, 1.499999992E+00,-2.346499968E-08, 7.249999894E-02, 6.971018016E-02
       191, 2.099999885E+00,-2.346499964E-08, 7.249999894E-02, 6.062314874E-02
       192, 3.000000046E+00,-2.346500025E-08, 7.249999948E-02, 5.548805819E-02
       193,-1.500000037E-01,-2.346499994E-08, 7.999999893E-02, 2.939621216E-02
       194, 3.000000067E-01,-2.346500003E-08, 7.999999884E-02, 6.887976269E-02
       195, 4.499999892E-01,-2.346500071E-08, 8.000000122E-02, 9.766020181E-02
       196, 7.499999865E-01,-2.346500001E-08, 7.999999884E-02, 1.069791320E-01
       197, 1.049999957E+00,-2.346499805E-08, 7.999999884E-02, 9.125368489E-02
       198, 1.499999992E+00,-2.346499971E-08, 7.999999884E-02, 7.213925711E-02
       199, 2.099999885E+00,-2.346499965E-08, 7.999999884E-02, 6.168818076E-02
       200, 3.000000046E+00,-2.346500024E-08, 7.999999943E-02, 5.569690070E-02
       201,-1.500000037E-01,-2.346499994E-08, 8.749999883E-02, 2.816689475E-02
       202, 3.000000109E-01,-2.346500038E-08, 8.750000003E-02, 6.906490824E-02
       203, 4.499999892E-01,-2.346500071E-08, 8.750000134E-02, 9.788873992E-02
       204, 7.499999865E-01,-2.346500001E-08, 8.749999873E-02, 1.095855580E-01
       205, 1.049999957E+00,-2.346499818E-08, 8.749999873E-02, 9.469182551E-02
       206, 1.499999992E+00,-2.346499971E-08, 8.749999873E-02, 7.470849965E-02
       207, 2.099999885E+00,-2.346499967E-08, 8.749999873E-02, 6.289082320E-02
       208, 3.000000046E+00,-2.346500024E-08, 8.749999938E-02, 5.595550869E-02
       209,-1.500000037E-01,-2.346499994E-08, 9.499999873E-02, 2.703221419E-02
       210, 3.000000109E-01,-2.346500037E-08, 9.500000003E-02, 6.906131892E-02
       211, 4.499999767E-01,-2.346500001E-08, 9.499999862E-02, 9.781437352E-02
       212, 7.499999865E-01,-2.346500001E-08, 9.499999862E-02, 1.118452964E-01
       213, 1.049999957E+00,-2.346499830E-08, 9.499999862E-02, 9.801457370E-02
       214, 1.499999992E+00,-2.346499975E-08, 9.499999862E-02, 7.741540886E-02
       215, 2.099999885E+00,-2.346499969E-08, 9.499999862E-02, 6.423392169E-02
       216, 3.000000046E+00,-2.346500024E-08, 9.499999933E-02, 5.626560617E-02
       217,-1.500000037E-01,-2.346499994E-08, 1.024999986E-01, 2.598164106E-02
       218, 3.000000109E-01,-2.346500037E-08, 1.025000000E-01, 6.898999200E-02
       219, 4.499999767E-01,-2.346500001E-08, 1.024999985E-01, 9.775654321E-02
       220, 7.499999865E-01,-2.346500001E-08, 1.024999985E-01, 1.140170433E-01
       221, 1.049999957E+00,-2.346499841E-08, 1.024999985E-01, 1.013309620E-01
       222, 1.499999992E+00,-2.346499976E-08, 1.024999985E-01, 8.026462940E-02
       223, 2.099999885E+00,-2.346499971E-08, 1.024999985E-01, 6.571333294E-02
       224, 3.000000046E+00,-2.346500021E-08, 1.024999993E-01, 5.662438500E-02
       225,-1.500000037E-01,-2.346499994E-08, 1.099999985E-01, 2.500356624E-02
       226, 3.000000109E-01,-2.346500037E-08, 1.100000000E-01, 6.912832468E-02
       227, 4.499999767E-01,-2.346500001E-08, 1.099999984E-01, 9.806298584E-02
       228, 7.499999652E-01,-2.346499931E-08, 1.099999951E-01, 1.163724523E-01
       229, 1.049999957E+00,-2.346499856E-08, 1.099999984E-01, 1.047622699E-01
       230, 1.499999992E+00,-2.346499978E-08, 1.099999984E-01, 8.326293600E-02
       231, 2.099999885E+00,-2.346499974E-08, 1.099999984E-01, 6.731735526E-02
       232, 3.000000046E+00,-2.346500023E-08, 1.099999992E-01, 5.702415092E-02
       233,-1.500000037E-01,-2.346499993E-08, 1.174999984E-01, 2.408649798E-02
       234, 3.000000109E-01,-2.346500037E-08, 1.175000000E-01, 6.978801147E-02
       235, 4.499999767E-01,-2.346500001E-08, 1.174999983E-01, 9.905736051E-02
       236, 7.499999652E-01,-2.346499931E-08, 1.174999948E-01, 1.191773516E-01
       237, 1.049999957E+00,-2.346499866E-08, 1.174999983E-01, 1.084283040E-01
       238, 1.499999992E+00,-2.346499979E-08, 1.174999983E-01, 8.641228672E-02
       239, 2.099999885E+00,-2.346499977E-08, 1.174999983E-01, 6.902544647E-02
       240, 3.000000046E+00,-2.346500021E-08, 1.174999992E-01, 5.745171457E-02
       241,-1.500000037E-01,-2.346499994E-08, 1.249999983E-01, 2.321988358E-02
       242, 3.000000109E-01,-2.346500036E-08, 1.250000000E-01, 7.121488120E-02
       243, 4.499999767E-01,-2.346500000E-08, 1.249999982E-01, 1.010080637E-01
       244, 7.499999865E-01,-2.346500000E-08, 1.249999982E-01, 1.226577073E-01
       245, 1.049999957E+00,-2.346499879E-08, 1.249999982E-01, 1.124266341E-01
       246, 1.499999992E+00,-2.346499981E-08, 1.249999982E-01, 8.970112200E-02
       247, 2.099999885E+00,-2.346499978E-08, 1.249999982E-01, 7.080633342E-02
       248, 3.000000046E+00,-2.346500021E-08, 1.249999991E-01, 5.788829078E-02
       249,-1.500000037E-01,-2.346499992E-08, 1.324999982E-01, 2.239451343E-02
       250, 3.000000109E-01,-2.346500036E-08, 1.325000001E-01, 7.354075746E-02
       251, 4.499999767E-01,-2.346500000E-08, 1.324999981E-01, 1.040914403E-01
       252, 7.499999865E-01,-2.346500000E-08, 1.324999981E-01, 1.269527486E-01
       253, 1.049999957E+00,-2.346499891E-08, 1.324999981E-01, 1.168028462E-01
       254, 1.499999992E+00,-2.346499982E-08, 1.324999981E-01, 9.309487720E-02
       255, 2.099999885E+00,-2.346499981E-08, 1.324999981E-01, 7.261604144E-02
       256, 3.000000046E+00,-2.346500021E-08, 1.324999991E-01, 5.831015901E-02
       257,-1.500000037E-01,-2.346499992E-08, 1.399999981E-01, 2.160274601E-02
       258, 3.000000109E-01,-2.346500036E-08, 1.400000001E-01, 7.674623326E-02
       259, 4.499999767E-01,-2.346500000E-08, 1.399999980E-01, 1.083153845E-01
       260, 7.499999865E-01,-2.346500000E-08, 1.399999980E-01, 1.320589016E-01
       261, 1.049999957E+00,-2.346499903E-08, 1.399999980E-01, 1.215219877E-01
       262, 1.499999992E+00,-2.346499985E-08, 1.399999980E-01, 9.652933565E-02
       263, 2.099999885E+00,-2.346499982E-08, 1.399999980E-01, 7.439534371E-02
       264, 3.000000046E+00,-2.346500020E-08, 1.399999990E-01, 5.868927565E-02
       265,-1.500000037E-01,-2.346499991E-08, 1.474999980E-01, 2.083855871E-02
       266, 3.000000109E-01,-2.346500036E-08, 1.475000001E-01, 8.064930944E-02
       267, 4.499999767E-01,-2.346500000E-08, 1.474999979E-01, 1.135341853E-01
       268, 7.499999865E-01,-2.346500000E-08, 1.474999979E-01, 1.378293855E-01
       269, 1.049999957E+00,-2.346499914E-08, 1.474999979E-01, 1.264569995E-01
       270, 1.499999992E+00,-2.346499986E-08, 1.474999979E-01, 9.990194102E-02
       271, 2.099999885E+00,-2.346499984E-08, 1.474999979E-01, 7.607088365E-02
       272, 3.000000046E+00,-2.346500019E-08, 1.474999990E-01, 5.899437988E-02
       273,-1.500000037E-01,-2.346499991E-08, 1.549999979E-01, 2.009754781E-02
       274, 3.000000109E-01,-2.346500034E-08, 1.550000001E-01, 8.499159221E-02
       275, 4.499999767E-01,-2.346500000E-08, 1.549999978E-01, 1.195198996E-01
       276, 7.499999865E-01,-2.346500000E-08, 1.549999978E-01, 1.440084630E-01
       277, 1.049999957E+00,-2.346499928E-08, 1.549999978E-01, 1.314007682E-01
       278, 1.499999992E+00,-2.346499989E-08, 1.549999978E-01, 1.030686536E-01
       279, 2.099999885E+00,-2.346499986E-08, 1.549999978E-01, 7.756022815E-02
       280, 3.000000024E+00,-2.346500002E-08, 1.549999978E-01, 5.919289826E-02
       281,-1.500000037E-01,-2.346499991E-08, 1.624999978E-01, 1.937686464E-02
       282, 3.000000109E-01,-2.346500034E-08, 1.625000001E-01, 8.957275199E-02
       283, 4.499999767E-01,-2.346500000E-08, 1.624999976E-01, 1.259741006E-01
       284, 7.499999865E-01,-2.346500000E-08, 1.624999976E-01, 1.502306862E-01
       285, 1.049999957E+00,-2.346499940E-08, 1.624999976E-01, 1.360653182E-01
       286, 1.499999992E+00,-2.346499990E-08, 1.624999976E-01, 1.058541819E-01
       287, 2.099999885E+00,-2.346499989E-08, 1.624999976E-01, 7.877635893E-02
       288, 3.000000046E+00,-2.346500019E-08, 1.624999989E-01, 5.925330658E-02
       289,-1.500000037E-01,-2.346499990E-08, 1.699999977E-01, 1.867513485E-02
       290, 3.000000109E-01,-2.346500034E-08, 1.700000001E-01, 9.431152880E-02
       291, 4.499999767E-01,-2.346500000E-08, 1.699999975E-01, 1.325247007E-01
       292, 7.499999865E-01,-2.346500000E-08, 1.699999975E-01, 1.560068795E-01
       293, 1.049999957E+00,-2.346499952E-08, 1.699999975E-01, 1.400856921E-01
       294, 1.499999992E+00,-2.346499993E-08, 1.699999975E-01, 1.080671351E-01
       295, 2.099999885E+00,-2.346499992E-08, 1.699999975E-01, 7.963381308E-02
       296, 3.000000046E+00,-2.346500019E-08, 1.699999988E-01, 5.914767564E-02
       297,-1.500000037E-01,-2.346499989E-08, 1.774999976E-01, 1.799236783E-02
       298, 3.000000109E-01,-2.346500034E-08, 1.775000001E-01, 9.916171638E-02
       299, 4.499999767E-01,-2.346500000E-08, 1.774999974E-01, 1.386759530E-01
       300, 7.499999865E-01,-2.346500000E-08, 1.774999974E-01, 1.607229602E-01
       301, 1.049999957E+00,-2.346499961E-08, 1.774999974E-01, 1.430569014E-01
       302, 1.499999992E+00,-2.346499994E-08, 1.774999974E-01, 1.095178241E-01
       303, 2.099999885E+00,-2.346499993E-08, 1.774999974E-01, 8.005682306E-02
       304, 3.000000046E+00,-2.346500018E-08, 1.774999987E-01, 5.885397983E-02
       305,-1.500000037E-01,-2.346499988E-08, 1.849999975E-01, 1.732987118E-02
       306, 3.000000109E-01,-2.346500034E-08, 1.850000001E-01, 1.038903739E-01
       307, 4.499999767E-01,-2.346500000E-08, 1.849999973E-01, 1.437085053E-01
       308, 7.499999865E-01,-2.346500000E-08, 1.849999973E-01, 1.636895846E-01
       309, 1.049999957E+00,-2.346499975E-08, 1.849999973E-01, 1.445747914E-01
       310, 1.499999992E+00,-2.346499995E-08, 1.849999973E-01, 1.100380424E-01
       311, 2.099999885E+00,-2.346499994E-08, 1.849999973E-01, 7.998705666E-02
       312, 3.000000046E+00,-2.346500018E-08, 1.849999987E-01, 5.835773356E-02
       313,-1.500000037E-01,-2.346499989E-08, 1.924999974E-01, 1.668995715E-02
       314, 3.000000109E-01,-2.346500034E-08, 1.925000001E-01, 1.077745619E-01
       315, 4.499999767E-01,-2.346500000E-08, 1.924999972E-01, 1.466158340E-01
       316, 7.499999865E-01,-2.346500000E-08, 1.924999972E-01, 1.642196160E-01
       317, 1.049999957E+00,-2.346499987E-08, 1.924999972E-01, 1.442817151E-01
       318, 1.499999992E+00,-2.346499998E-08, 1.924999972E-01, 1.095014771E-01
       319, 2.099999885E+00,-2.346499997E-08, 1.924999972E-01, 7.938933292E-02
       320, 3.000000046E+00,-2.346500017E-08, 1.924999986E-01, 5.765265696E-02
       321,-1.500000037E-01,-2.346499988E-08, 1.999999973E-01, 1.607597745E-02
       322, 3.000000109E-01,-2.346500034E-08, 2.000000001E-01, 1.094417005E-01
       323, 4.499999767E-01,-2.346500000E-08, 1.999999971E-01, 1.461978548E-01
       324, 7.499999865E-01,-2.346500000E-08, 1.999999971E-01, 1.617260376E-01
       325, 1.049999957E+00,-2.346500000E-08, 1.999999971E-01, 1.419216976E-01
       326, 1.499999992E+00,-2.346500000E-08, 1.999999971E-01, 1.078409536E-01
       327, 2.099999885E+00,-2.346500000E-08, 1.999999971E-01, 7.825450957E-02
       328, 3.000000046E+00,-2.346500017E-08, 1.999999986E-01, 5.674030017E-02
       329,-1.500000036E-01,-2.346499988E-08, 2.074999979E-01, 1.549188483E-02
       330, 3.000000109E-01,-2.346500032E-08, 2.075000008E-01, 1.071366669E-01
       331, 4.499999767E-01,-2.346499997E-08, 2.074999977E-01, 1.413535938E-01
       332, 7.499999865E-01,-2.346499997E-08, 2.074999977E-01, 1.558529084E-01
       333, 1.049999957E+00,-2.346499993E-08, 2.074999977E-01, 1.373918901E-01
       334, 1.499999992E+00,-2.346499997E-08, 2.074999977E-01, 1.050587938E-01
       335, 2.099999885E+00,-2.346500000E-08, 2.074999977E-01, 7.659916020E-02
       336, 3.000000046E+00,-2.346500017E-08, 2.074999992E-01, 5.562909056E-02
       337,-1.500000036E-01,-2.346499992E-08, 2.154084161E-01, 1.491323079E-02
       338, 3.000000109E-01,-2.346500038E-08, 2.154084192E-01, 9.894790829E-02
       339, 4.499999767E-01,-2.346500003E-08, 2.154084160E-01, 1.308415603E-01
       340, 7.499999865E-01,-2.346500003E-08, 2.154084160E-01, 1.460023702E-01
       341, 1.049999957E+00,-2.346499993E-08, 2.154084160E-01, 1.303581781E-01
       342, 1.499999992E+00,-2.346500000E-08, 2.154084160E-01, 1.009904834E-01
       343, 2.099999885E+00,-2.346500003E-08, 2.154084160E-01, 7.433248513E-02
       344, 3.000000046E+00,-2.346500021E-08, 2.154084176E-01, 5.425688641E-02
       345,-1.500000035E-01,-2.346499995E-08, 2.237474927E-01, 1.435014858E-02
       346, 3.000000109E-01,-2.346500035E-08, 2.237474959E-01, 8.410930240E-02
       347, 4.499999767E-01,-2.346500000E-08, 2.237474926E-01, 1.142732847E-01
       348, 7.499999865E-01,-2.346500000E-08, 2.237474926E-01, 1.320767656E-01
       349, 1.049999957E+00,-2.346499986E-08, 2.237474926E-01, 1.207672384E-01
       350, 1.499999992E+00,-2.346499996E-08, 2.237474926E-01, 9.560230344E-02
       351, 2.099999885E+00,-2.346500000E-08, 2.237474926E-01, 7.143018443E-02
       352, 3.000000046E+00,-2.346500017E-08, 2.237474943E-01, 5.260736343E-02
       353,-1.500000035E-01,-2.346499996E-08, 2.325406795E-01, 1.381398746E-02
       354, 3.000000109E-01,-2.346500032E-08, 2.325406829E-01, 6.462673339E-02
       355, 4.499999767E-01,-2.346499997E-08, 2.325406794E-01, 9.288948622E-02
       356, 7.499999865E-01,-2.346499997E-08, 2.325406794E-01, 1.146090508E-01
       357, 1.049999957E+00,-2.346499977E-08, 2.325406794E-01, 1.088311396E-01
       358, 1.499999992E+00,-2.346499992E-08, 2.325406794E-01, 8.894302732E-02
       359, 2.099999885E+00,-2.346499998E-08, 2.325406794E-01, 6.788982877E-02
       360, 3.000000046E+00,-2.346500014E-08, 2.325406812E-01, 5.066802348E-02
       361,-1.500000034E-01,-2.346500001E-08, 2.418127053E-01, 1.331693118E-02
       362, 3.000000109E-01,-2.346500032E-08, 2.418127089E-01, 4.524858709E-02
       363, 4.499999767E-01,-2.346499998E-08, 2.418127053E-01, 6.974324921E-02
       364, 7.499999865E-01,-2.346499998E-08, 2.418127053E-01, 9.481082343E-02
       365, 1.049999957E+00,-2.346499973E-08, 2.418127053E-01, 9.503397407E-02
       366, 1.499999992E+00,-2.346499994E-08, 2.418127053E-01, 8.114323714E-02
       367, 2.099999885E+00,-2.346500002E-08, 2.418127053E-01, 6.373002406E-02
       368, 3.000000046E+00,-2.346500018E-08, 2.418127071E-01, 4.843007629E-02
       369,-1.500000034E-01,-2.346500004E-08, 2.515896456E-01, 1.287106965E-02
       370, 3.000000109E-01,-2.346500034E-08, 2.515896494E-01, 3.040873614E-02
       371, 4.499999767E-01,-2.346500001E-08, 2.515896457E-01, 4.874226894E-02
       372, 7.499999865E-01,-2.346500000E-08, 2.515896457E-01, 7.441179850E-02
       373, 1.049999957E+00,-2.346499969E-08, 2.515896457E-01, 8.009098046E-02
       374, 1.499999992E+00,-2.346499993E-08, 2.515896457E-01, 7.240557079E-02
       375, 2.099999885E+00,-2.346500002E-08, 2.515896457E-01, 5.898952569E-02
       376, 3.000000046E+00,-2.346500015E-08, 2.515896475E-01, 4.588911839E-02
       377,-1.500000033E-01,-2.346500008E-08, 2.618989960E-01, 1.248672446E-02
       378, 3.000000109E-01,-2.346500035E-08, 2.618990000E-01, 2.123411825E-02
       379, 4.499999767E-01,-2.346500000E-08, 2.618989961E-01, 3.279563864E-02
       380, 7.499999865E-01,-2.346500000E-08, 2.618989961E-01, 5.533131670E-02
       381, 1.049999957E+00,-2.346499961E-08, 2.618989961E-01, 6.487667291E-02
       382, 1.499999992E+00,-2.346499990E-08, 2.618989961E-01, 6.299758237E-02
       383, 2.099999885E+00,-2.346500002E-08, 2.618989961E-01, 5.372772505E-02
       384, 3.000000046E+00,-2.346500018E-08, 2.618989980E-01, 4.304674365E-02
       385,-1.500000032E-01,-2.346500011E-08, 2.727697492E-01, 1.217074990E-02
       386, 3.000000109E-01,-2.346500035E-08, 2.727697533E-01, 1.629474205E-02
       387, 4.499999767E-01,-2.346500001E-08, 2.727697493E-01, 2.257137111E-02
       388, 7.499999865E-01,-2.346499999E-08, 2.727697493E-01, 3.930157192E-02
       389, 1.049999957E+00,-2.346499955E-08, 2.727697493E-01, 5.036364618E-02
       390, 1.499999992E+00,-2.346499989E-08, 2.727697493E-01, 5.325380761E-02
       391, 2.099999885E+00,-2.346500003E-08, 2.727697493E-01, 4.803185075E-02
       392, 3.000000046E+00,-2.346500017E-08, 2.727697513E-01, 3.991406893E-02
       393,-1.500000032E-01,-2.346500011E-08, 2.842324767E-01, 1.192497244E-02
       394, 3.000000109E-01,-2.346500033E-08, 2.842324811E-01, 1.379506088E-02
       395, 4.499999767E-01,-2.346499998E-08, 2.842324768E-01, 1.686794100E-02
       396, 7.499999865E-01,-2.346499996E-08, 2.842324768E-01, 2.743499641E-02
       397, 1.049999957E+00,-2.346499946E-08, 2.842324768E-01, 3.757032509E-02
       398, 1.499999992E+00,-2.346499985E-08, 2.842324768E-01, 4.359592122E-02
       399, 2.099999885E+00,-2.346500000E-08, 2.842324768E-01, 4.203085761E-02
       400, 3.000000046E+00,-2.346500015E-08, 2.842324789E-01, 3.651802149E-02
       401,-1.500000031E-01,-2.346500017E-08, 2.963194150E-01, 1.174538625E-02
       402, 3.000000109E-01,-2.346500033E-08, 2.963194195E-01, 1.252655279E-02
       403, 4.499999767E-01,-2.346500000E-08, 2.963194151E-01, 1.393260871E-02
       404, 7.499999865E-01,-2.346499999E-08, 2.963194151E-01, 1.979035024E-02
       405, 1.049999957E+00,-2.346499939E-08, 2.963194151E-01, 2.739644798E-02
       406, 1.499999992E+00,-2.346499986E-08, 2.963194151E-01, 3.455780900E-02
       407, 2.099999885E+00,-2.346500004E-08, 2.963194151E-01, 3.591647205E-02
       408, 3.000000046E+00,-2.346500017E-08, 2.963194173E-01, 3.290965716E-02
       409,-1.500000030E-01,-2.346500021E-08, 3.090645557E-01, 1.162268342E-02
       410, 3.000000109E-01,-2.346500034E-08, 3.090645605E-01, 1.185833872E-02
       411, 4.499999767E-01,-2.346500000E-08, 3.090645559E-01, 1.245084728E-02
       412, 7.499999865E-01,-2.346499998E-08, 3.090645559E-01, 1.542808104E-02
       413, 1.049999957E+00,-2.346499931E-08, 3.090645559E-01, 2.025954700E-02
       414, 1.499999992E+00,-2.346499983E-08, 3.090645559E-01, 2.674692003E-02
       415, 2.099999885E+00,-2.346500003E-08, 3.090645559E-01, 2.996323710E-02
       416, 3.000000046E+00,-2.346500013E-08, 3.090645582E-01, 2.917438637E-02
       417,-1.500000030E-01,-2.346500025E-08, 3.225037420E-01, 1.154424333E-02
       418, 3.000000109E-01,-2.346500034E-08, 3.225037469E-01, 1.148804083E-02
       419, 4.499999767E-01,-2.346500000E-08, 3.225037421E-01, 1.169499556E-02
       420, 7.499999865E-01,-2.346499998E-08, 3.225037421E-01, 1.310665710E-02
       421, 1.049999957E+00,-2.346499924E-08, 3.225037421E-01, 1.583611732E-02
       422, 1.499999992E+00,-2.346499981E-08, 3.225037421E-01, 2.066022324E-02
       423, 2.099999885E+00,-2.346500003E-08, 3.225037421E-01, 2.451798204E-02
       424, 3.000000046E+00,-2.346500013E-08, 3.225037445E-01, 2.544000813E-02
       425,-1.500000029E-01,-2.346500034E-08, 3.366747683E-01, 1.149693955E-02
       426, 3.000000109E-01,-2.346500038E-08, 3.366747735E-01, 1.127268034E-02
       427, 4.499999767E-01,-2.346500003E-08, 3.366747685E-01, 1.130185724E-02
       428, 7.499999865E-01,-2.346500002E-08, 3.366747685E-01, 1.189419484E-02
       429, 1.049999957E+00,-2.346499918E-08, 3.366747685E-01, 1.332114576E-02
       430, 1.499999992E+00,-2.346499983E-08, 3.366747685E-01, 1.642416885E-02
       431, 2.099999885E+00,-2.346500009E-08, 3.366747685E-01, 1.992373467E-02
       432, 3.000000046E+00,-2.346500019E-08, 3.366747710E-01, 2.187427637E-02
       433,-1.500000028E-01,-2.346500031E-08, 3.516174877E-01, 1.146958779E-02
       434, 3.000000109E-01,-2.346500031E-08, 3.516174931E-01, 1.114346268E-02
       435, 4.499999767E-01,-2.346499997E-08, 3.516174879E-01, 1.109056257E-02
       436, 7.499999865E-01,-2.346499996E-08, 3.516174879E-01, 1.126050056E-02
       437, 1.049999957E+00,-2.346499901E-08, 3.516174879E-01, 1.193819174E-02
       438, 1.499999992E+00,-2.346499974E-08, 3.516174879E-01, 1.374086279E-02
       439, 2.099999885E+00,-2.346500004E-08, 3.516174879E-01, 1.638532369E-02
       440, 3.000000046E+00,-2.346500014E-08, 3.516174905E-01, 1.866190986E-02
       441,-1.500000027E-01,-2.346500041E-08, 3.673739231E-01, 1.145390084E-02
       442, 3.000000109E-01,-2.346500034E-08, 3.673739288E-01, 1.106408308E-02
       443, 4.499999767E-01,-2.346500000E-08, 3.673739233E-01, 1.097029275E-02
       444, 7.499999865E-01,-2.346499997E-08, 3.673739233E-01, 1.092627146E-02
       445, 1.049999957E+00,-2.346499894E-08, 3.673739233E-01, 1.117731900E-02
       446, 1.499999992E+00,-2.346499974E-08, 3.673739233E-01, 1.212574774E-02
       447, 2.099999885E+00,-2.346500006E-08, 3.673739233E-01, 1.387988963E-02
       448, 3.000000046E+00,-2.346500015E-08, 3.673739261E-01, 1.595865041E-02
       449,-1.500000026E-01,-2.346500046E-08, 3.839883861E-01, 1.144353823E-02
       450, 3.000000109E-01,-2.346500033E-08, 3.839883920E-01, 1.101125004E-02
       451, 4.499999767E-01,-2.346500000E-08, 3.839883863E-01, 1.089388042E-02
       452, 7.499999865E-01,-2.346499998E-08, 3.839883863E-01, 1.074060787E-02
       453, 1.049999957E+00,-2.346499884E-08, 3.839883863E-01, 1.075166689E-02
       454, 1.499999992E+00,-2.346499974E-08, 3.839883863E-01, 1.116246551E-02
       455, 2.099999885E+00,-2.346500008E-08, 3.839883863E-01, 1.220739066E-02
       456, 3.000000046E+00,-2.346500015E-08, 3.839883892E-01, 1.384366484E-02
       457,-1.500000025E-01,-2.346500049E-08, 4.015076012E-01, 1.143223029E-02
       458, 3.000000109E-01,-2.346500034E-08, 4.015076073E-01, 1.096821722E-02
       459, 4.499999767E-01,-2.346500001E-08, 4.015076013E-01, 1.083532351E-02
       460, 7.499999865E-01,-2.346499997E-08, 4.015076013E-01, 1.062267409E-02
       461, 1.049999957E+00,-2.346499875E-08, 4.015076013E-01, 1.050290586E-02
       462, 1.499999992E+00,-2.346499970E-08, 4.015076013E-01, 1.058265889E-02
       463, 2.099999885E+00,-2.346500007E-08, 4.015076013E-01, 1.112604388E-02
       464, 3.000000046E+00,-2.346500012E-08, 4.015076043E-01, 1.230642847E-02
       465,-1.500000024E-01,-2.346500054E-08, 4.199808371E-01, 1.141529590E-02
       466, 3.000000109E-01,-2.346500031E-08, 4.199808435E-01, 1.092672672E-02
       467, 4.499999767E-01,-2.346499999E-08, 4.199808372E-01, 1.078308357E-02
       468, 7.499999865E-01,-2.346499996E-08, 4.199808372E-01, 1.053614594E-02
       469, 1.049999957E+00,-2.346499860E-08, 4.199808372E-01, 1.034845257E-02
       470, 1.499999992E+00,-2.346499964E-08, 4.199808372E-01, 1.023556708E-02
       471, 2.099999885E+00,-2.346500006E-08, 4.199808372E-01, 1.044980846E-02
       472, 3.000000046E+00,-2.346500011E-08, 4.199808404E-01, 1.127930589E-02
       473,-1.500000023E-01,-2.346500065E-08, 4.394600459E-01, 1.139647389E-02
       474, 3.000000067E-01,-2.346500001E-08, 4.394600459E-01, 1.089146812E-02
       475, 4.499999892E-01,-2.346500074E-08, 4.394600590E-01, 1.074104344E-02
       476, 7.499999652E-01,-2.346499931E-08, 4.394600328E-01, 1.047617962E-02
       477, 1.049999957E+00,-2.346499852E-08, 4.394600459E-01, 1.025662735E-02
       478, 1.499999992E+00,-2.346499967E-08, 4.394600459E-01, 1.004581176E-02
       479, 2.099999885E+00,-2.346500013E-08, 4.394600459E-01, 1.007128490E-02
       480, 3.000000024E+00,-2.346499998E-08, 4.394600459E-01, 1.068799528E-02
       481,-1.500000037E-01,-2.346500074E-08, 4.600000083E-01, 1.138787534E-02
       482, 3.000000067E-01,-2.346499997E-08, 4.600000083E-01, 1.087653056E-02
       483, 4.499999892E-01,-2.346500070E-08, 4.600000221E-01, 1.072368860E-02
       484, 7.499999652E-01,-2.346499927E-08, 4.599999946E-01, 1.045355667E-02
       485, 1.049999957E+00,-2.346499836E-08, 4.600000083E-01, 1.022456954E-02
       486, 1.499999992E+00,-2.346499961E-08, 4.600000083E-01, 9.983700208E-03
       487, 2.099999885E+00,-2.346500010E-08, 4.600000083E-01, 9.946064751E-03
       488, 3.000000024E+00,-2.346499996E-08, 4.600000083E-01, 1.049052746E-02
