nodenumber,    x-coordinate,    y-coordinate,    z-coordinate,turb-kinetic-energy
         1,-1.500000037E-01,-2.346499996E-08, 0.000000000E+00, 2.872743253E-02
         2, 3.000000109E-01,-2.346500038E-08, 0.000000000E+00, 2.816262601E-02
         3, 4.499999767E-01,-2.346500000E-08, 0.000000000E+00, 2.967979840E-02
         4, 7.499999865E-01,-2.346500000E-08, 0.000000000E+00, 2.984482082E-02
         5, 1.049999957E+00,-2.346499757E-08, 0.000000000E+00, 2.908535820E-02
         6, 1.499999992E+00,-2.346499963E-08, 0.000000000E+00, 2.864865696E-02
         7, 2.099999885E+00,-2.346499957E-08, 0.000000000E+00, 2.851705589E-02
         8, 3.000000046E+00,-2.346500025E-08, 0.000000000E+00, 2.853321114E-02
         9,-1.500000022E-01,-2.346499995E-08, 5.000000080E-04, 3.377210957E-02
        10, 3.000000109E-01,-2.346500038E-08, 5.000000149E-04, 3.219521480E-02
        11, 4.499999767E-01,-2.346500001E-08, 5.000000075E-04, 3.622880109E-02
        12, 7.499999865E-01,-2.346500001E-08, 5.000000075E-04, 3.660896007E-02
        13, 1.049999957E+00,-2.346499757E-08, 5.000000075E-04, 3.464901514E-02
        14, 1.499999992E+00,-2.346499963E-08, 5.000000075E-04, 3.350734485E-02
        15, 2.099999885E+00,-2.346499959E-08, 5.000000075E-04, 3.320481162E-02
        16, 3.000000046E+00,-2.346500026E-08, 5.000000112E-04, 3.320075346E-02
        17,-1.500000022E-01,-2.346499995E-08, 1.073981263E-03, 4.224550210E-02
        18, 3.000000109E-01,-2.346500038E-08, 1.073981278E-03, 3.933118014E-02
        19, 4.499999767E-01,-2.346500000E-08, 1.073981262E-03, 4.727670170E-02
        20, 7.499999865E-01,-2.346500000E-08, 1.073981262E-03, 4.792672883E-02
        21, 1.049999957E+00,-2.346499757E-08, 1.073981262E-03, 4.407845842E-02
        22, 1.499999992E+00,-2.346499961E-08, 1.073981262E-03, 4.179834577E-02
        23, 2.099999885E+00,-2.346499957E-08, 1.073981262E-03, 4.117175434E-02
        24, 3.000000046E+00,-2.346500025E-08, 1.073981270E-03, 4.112778998E-02
        25,-1.500000022E-01,-2.346499996E-08, 1.732890214E-03, 4.667500785E-02
        26, 3.000000109E-01,-2.346500038E-08, 1.732890238E-03, 4.368412363E-02
        27, 4.499999767E-01,-2.346500000E-08, 1.732890212E-03, 5.354723283E-02
        28, 7.499999865E-01,-2.346500000E-08, 1.732890212E-03, 5.425428932E-02
        29, 1.049999957E+00,-2.346499756E-08, 1.732890212E-03, 4.937313400E-02
        30, 1.499999992E+00,-2.346499963E-08, 1.732890212E-03, 4.638132355E-02
        31, 2.099999885E+00,-2.346499958E-08, 1.732890212E-03, 4.547461269E-02
        32, 3.000000046E+00,-2.346500026E-08, 1.732890225E-03, 4.538658986E-02
        33,-1.500000022E-01,-2.346499995E-08, 2.489292976E-03, 4.893642250E-02
        34, 3.000000109E-01,-2.346500035E-08, 2.489293010E-03, 4.653473624E-02
        35, 4.499999767E-01,-2.346499999E-08, 2.489292973E-03, 5.781861966E-02
        36, 7.499999865E-01,-2.346499999E-08, 2.489292973E-03, 5.857774557E-02
        37, 1.049999957E+00,-2.346499758E-08, 2.489292973E-03, 5.275515095E-02
        38, 1.499999992E+00,-2.346499962E-08, 2.489292973E-03, 4.901910429E-02
        39, 2.099999885E+00,-2.346499958E-08, 2.489292973E-03, 4.779423746E-02
        40, 3.000000046E+00,-2.346500025E-08, 2.489292992E-03, 4.763397424E-02
        41,-1.500000023E-01,-2.346499995E-08, 3.357614975E-03, 5.009930630E-02
        42, 3.000000109E-01,-2.346500036E-08, 3.357615021E-03, 4.896988158E-02
        43, 4.499999767E-01,-2.346500000E-08, 3.357614971E-03, 6.132868723E-02
        44, 7.499999865E-01,-2.346500000E-08, 3.357614971E-03, 6.208416985E-02
        45, 1.049999957E+00,-2.346499755E-08, 3.357614971E-03, 5.535723961E-02
        46, 1.499999992E+00,-2.346499961E-08, 3.357614971E-03, 5.082366315E-02
        47, 2.099999885E+00,-2.346499958E-08, 3.357614971E-03, 4.921218139E-02
        48, 3.000000046E+00,-2.346500026E-08, 3.357614996E-03, 4.893639040E-02
        49,-1.500000023E-01,-2.346499996E-08, 4.354416060E-03, 5.060408847E-02
        50, 3.000000109E-01,-2.346500038E-08, 4.354416120E-03, 5.142583725E-02
        51, 4.499999767E-01,-2.346500000E-08, 4.354416055E-03, 6.457754598E-02
        52, 7.499999865E-01,-2.346500000E-08, 4.354416055E-03, 6.520682156E-02
        53, 1.049999957E+00,-2.346499756E-08, 4.354416055E-03, 5.760871689E-02
        54, 1.499999992E+00,-2.346499963E-08, 4.354416055E-03, 5.223773882E-02
        55, 2.099999885E+00,-2.346499958E-08, 4.354416055E-03, 5.017497005E-02
        56, 3.000000046E+00,-2.346500026E-08, 4.354416087E-03, 4.973442658E-02
        57,-1.500000023E-01,-2.346499995E-08, 5.498706317E-03, 5.066478138E-02
        58, 3.000000109E-01,-2.346500038E-08, 5.498706393E-03, 5.411251547E-02
        59, 4.499999767E-01,-2.346500000E-08, 5.498706311E-03, 6.784040968E-02
        60, 7.499999865E-01,-2.346500000E-08, 5.498706311E-03, 6.814733057E-02
        61, 1.049999957E+00,-2.346499757E-08, 5.498706311E-03, 5.970926786E-02
        62, 1.499999992E+00,-2.346499963E-08, 5.498706311E-03, 5.347603921E-02
        63, 2.099999885E+00,-2.346499958E-08, 5.498706311E-03, 5.090649497E-02
        64, 3.000000046E+00,-2.346500026E-08, 5.498706352E-03, 5.024691748E-02
        65,-1.500000024E-01,-2.346499995E-08, 6.812308611E-03, 5.039846729E-02
        66, 3.000000109E-01,-2.346500038E-08, 6.812308705E-03, 5.716152560E-02
        67, 4.499999767E-01,-2.346500000E-08, 6.812308604E-03, 7.130760706E-02
        68, 7.499999865E-01,-2.346500000E-08, 6.812308604E-03, 7.101882756E-02
        69, 1.049999957E+00,-2.346499757E-08, 6.812308604E-03, 6.176337641E-02
        70, 1.499999992E+00,-2.346499963E-08, 6.812308604E-03, 5.465545878E-02
        71, 2.099999885E+00,-2.346499958E-08, 6.812308604E-03, 5.153285275E-02
        72, 3.000000046E+00,-2.346500026E-08, 6.812308654E-03, 5.059576902E-02
        73,-1.500000024E-01,-2.346499995E-08, 8.320274774E-03, 4.987471849E-02
        74, 3.000000109E-01,-2.346500038E-08, 8.320274889E-03, 6.069351230E-02
        75, 4.499999767E-01,-2.346500000E-08, 8.320274765E-03, 7.513453857E-02
        76, 7.499999865E-01,-2.346500000E-08, 8.320274765E-03, 7.389625921E-02
        77, 1.049999957E+00,-2.346499756E-08, 8.320274765E-03, 6.382879925E-02
        78, 1.499999992E+00,-2.346499963E-08, 8.320274765E-03, 5.584405749E-02
        79, 2.099999885E+00,-2.346499957E-08, 8.320274765E-03, 5.213114955E-02
        80, 3.000000046E+00,-2.346500026E-08, 8.320274827E-03, 5.085481146E-02
        81,-1.500000025E-01,-2.346499996E-08, 1.005136337E-02, 4.913936179E-02
        82, 3.000000109E-01,-2.346500038E-08, 1.005136351E-02, 6.485377284E-02
        83, 4.499999767E-01,-2.346500000E-08, 1.005136336E-02, 7.946335621E-02
        84, 7.499999865E-01,-2.346500000E-08, 1.005136336E-02, 7.684188423E-02
        85, 1.049999957E+00,-2.346499757E-08, 1.005136336E-02, 6.593842992E-02
        86, 1.499999992E+00,-2.346499963E-08, 1.005136336E-02, 5.708251534E-02
        87, 2.099999885E+00,-2.346499958E-08, 1.005136336E-02, 5.275160292E-02
        88, 3.000000046E+00,-2.346500026E-08, 1.005136343E-02, 5.107258658E-02
        89,-1.500000025E-01,-2.346499996E-08, 1.203858814E-02, 4.822711671E-02
        90, 3.000000109E-01,-2.346500038E-08, 1.203858831E-02, 6.982625137E-02
        91, 4.499999767E-01,-2.346500000E-08, 1.203858813E-02, 8.443157161E-02
        92, 7.499999865E-01,-2.346500000E-08, 1.203858813E-02, 7.992071081E-02
        93, 1.049999957E+00,-2.346499757E-08, 1.203858813E-02, 6.811235062E-02
        94, 1.499999992E+00,-2.346499963E-08, 1.203858813E-02, 5.839474861E-02
        95, 2.099999885E+00,-2.346499958E-08, 1.203858813E-02, 5.342871103E-02
        96, 3.000000046E+00,-2.346500026E-08, 1.203858822E-02, 5.128425160E-02
        97,-1.500000026E-01,-2.346499996E-08, 1.431984764E-02, 4.716793641E-02
        98, 3.000000109E-01,-2.346500038E-08, 1.431984784E-02, 7.582130885E-02
        99, 4.499999767E-01,-2.346500000E-08, 1.431984763E-02, 9.016962079E-02
       100, 7.499999865E-01,-2.346500000E-08, 1.431984763E-02, 8.320953668E-02
       101, 1.049999957E+00,-2.346499757E-08, 1.431984763E-02, 7.036571262E-02
       102, 1.499999992E+00,-2.346499963E-08, 1.431984763E-02, 5.979429056E-02
       103, 2.099999885E+00,-2.346499957E-08, 1.431984763E-02, 5.418686020E-02
       104, 3.000000046E+00,-2.346500026E-08, 1.431984774E-02, 5.151757495E-02
       105,-1.500000027E-01,-2.346499996E-08, 1.693864799E-02, 4.598947657E-02
       106, 3.000000109E-01,-2.346500038E-08, 1.693864822E-02, 8.302557176E-02
       107, 4.499999767E-01,-2.346500000E-08, 1.693864797E-02, 9.678586757E-02
       108, 7.499999865E-01,-2.346500000E-08, 1.693864797E-02, 8.680003495E-02
       109, 1.049999957E+00,-2.346499757E-08, 1.693864797E-02, 7.271475704E-02
       110, 1.499999992E+00,-2.346499964E-08, 1.693864797E-02, 6.128786566E-02
       111, 2.099999885E+00,-2.346499958E-08, 1.693864797E-02, 5.504307834E-02
       112, 3.000000046E+00,-2.346500026E-08, 1.693864809E-02, 5.179569067E-02
       113,-1.500000028E-01,-2.346499997E-08, 1.994493255E-02, 4.471696500E-02
       114, 3.000000109E-01,-2.346500038E-08, 1.994493283E-02, 9.150370920E-02
       115, 4.499999767E-01,-2.346500000E-08, 1.994493253E-02, 1.043378689E-01
       116, 7.499999865E-01,-2.346500000E-08, 1.994493253E-02, 9.079489195E-02
       117, 1.049999957E+00,-2.346499756E-08, 1.994493253E-02, 7.518184272E-02
       118, 1.499999992E+00,-2.346499964E-08, 1.994493253E-02, 6.287788208E-02
       119, 2.099999885E+00,-2.346499959E-08, 1.994493253E-02, 5.600835541E-02
       120, 3.000000046E+00,-2.346500026E-08, 1.994493268E-02, 5.213806253E-02
       121,-1.500000029E-01,-2.346499996E-08, 2.339603447E-02, 4.337134067E-02
       122, 3.000000109E-01,-2.346500038E-08, 2.339603480E-02, 1.010595863E-01
       123, 4.499999767E-01,-2.346500001E-08, 2.339603445E-02, 1.127934546E-01
       124, 7.499999865E-01,-2.346500000E-08, 2.339603445E-02, 9.529538009E-02
       125, 1.049999957E+00,-2.346499757E-08, 2.339603445E-02, 7.780004635E-02
       126, 1.499999992E+00,-2.346499962E-08, 2.339603445E-02, 6.456483441E-02
       127, 2.099999885E+00,-2.346499957E-08, 2.339603445E-02, 5.708850561E-02
       128, 3.000000046E+00,-2.346500025E-08, 2.339603462E-02, 5.256045821E-02
       129,-1.500000030E-01,-2.346499996E-08, 2.735777003E-02, 4.196655996E-02
       130, 3.000000109E-01,-2.346500038E-08, 2.735777041E-02, 1.110689427E-01
       131, 4.499999767E-01,-2.346500001E-08, 2.735777000E-02, 1.219783928E-01
       132, 7.499999865E-01,-2.346500000E-08, 2.735777000E-02, 1.003802357E-01
       133, 1.049999957E+00,-2.346499757E-08, 2.735777000E-02, 8.061665724E-02
       134, 1.499999992E+00,-2.346499962E-08, 2.735777000E-02, 6.635017675E-02
       135, 2.099999885E+00,-2.346499957E-08, 2.735777000E-02, 5.828503396E-02
       136, 3.000000046E+00,-2.346500025E-08, 2.735777021E-02, 5.307442643E-02
       137,-1.500000031E-01,-2.346499995E-08, 3.190569386E-02, 4.050728685E-02
       138, 3.000000109E-01,-2.346500037E-08, 3.190569430E-02, 1.204767799E-01
       139, 4.499999767E-01,-2.346500001E-08, 3.190569382E-02, 1.315271064E-01
       140, 7.499999865E-01,-2.346500001E-08, 3.190569382E-02, 1.060785664E-01
       141, 1.049999957E+00,-2.346499757E-08, 3.190569382E-02, 8.369354108E-02
       142, 1.499999992E+00,-2.346499962E-08, 3.190569382E-02, 6.824018236E-02
       143, 2.099999885E+00,-2.346499955E-08, 3.190569382E-02, 5.959614698E-02
       144, 3.000000046E+00,-2.346500024E-08, 3.190569406E-02, 5.368664500E-02
       145,-1.500000033E-01,-2.346499996E-08, 3.712653982E-02, 3.898791579E-02
       146, 3.000000109E-01,-2.346500039E-08, 3.712654033E-02, 1.281468316E-01
       147, 4.499999767E-01,-2.346500001E-08, 3.712653978E-02, 1.408912675E-01
       148, 7.499999865E-01,-2.346500001E-08, 3.712653978E-02, 1.123433192E-01
       149, 1.049999957E+00,-2.346499758E-08, 3.712653978E-02, 8.710194381E-02
       150, 1.499999992E+00,-2.346499962E-08, 3.712653978E-02, 7.025112439E-02
       151, 2.099999885E+00,-2.346499956E-08, 3.712653978E-02, 6.101864742E-02
       152, 3.000000046E+00,-2.346500025E-08, 3.712654005E-02, 5.439839864E-02
       153,-1.500000034E-01,-2.346499996E-08, 4.311987516E-02, 3.739416444E-02
       154, 3.000000109E-01,-2.346500038E-08, 4.311987575E-02, 1.333687187E-01
       155, 4.499999767E-01,-2.346500001E-08, 4.311987511E-02, 1.494299274E-01
       156, 7.499999865E-01,-2.346500001E-08, 4.311987511E-02, 1.190288427E-01
       157, 1.049999957E+00,-2.346499758E-08, 4.311987511E-02, 9.091007737E-02
       158, 1.499999992E+00,-2.346499963E-08, 4.311987511E-02, 7.241575883E-02
       159, 2.099999885E+00,-2.346499956E-08, 4.311987511E-02, 6.255076793E-02
       160, 3.000000046E+00,-2.346500025E-08, 4.311987543E-02, 5.520509898E-02
       161,-1.500000037E-01,-2.346499997E-08, 4.999999933E-02, 3.570833691E-02
       162, 3.000000109E-01,-2.346500038E-08, 5.000000002E-02, 1.361489235E-01
       163, 4.499999767E-01,-2.346500001E-08, 4.999999927E-02, 1.565336975E-01
       164, 7.499999865E-01,-2.346500001E-08, 4.999999927E-02, 1.258856846E-01
       165, 1.049999957E+00,-2.346499757E-08, 4.999999927E-02, 9.516855679E-02
       166, 1.499999992E+00,-2.346499963E-08, 4.999999927E-02, 7.479182735E-02
       167, 2.099999885E+00,-2.346499957E-08, 4.999999927E-02, 6.419692896E-02
       168, 3.000000046E+00,-2.346500025E-08, 4.999999964E-02, 5.609618075E-02
       169,-1.500000037E-01,-2.346499995E-08, 5.749999923E-02, 3.400592200E-02
       170, 3.000000109E-01,-2.346500035E-08, 5.750000002E-02, 1.370266998E-01
       171, 4.499999767E-01,-2.346499998E-08, 5.749999916E-02, 1.615036899E-01
       172, 7.499999865E-01,-2.346500000E-08, 5.749999916E-02, 1.322743116E-01
       173, 1.049999957E+00,-2.346499769E-08, 5.749999916E-02, 9.966537861E-02
       174, 1.499999992E+00,-2.346499965E-08, 5.749999916E-02, 7.733324383E-02
       175, 2.099999885E+00,-2.346499962E-08, 5.749999916E-02, 6.588533982E-02
       176, 3.000000046E+00,-2.346500029E-08, 5.749999959E-02, 5.700959560E-02
       177,-1.500000037E-01,-2.346499992E-08, 6.499999913E-02, 3.242699717E-02
       178, 3.000000109E-01,-2.346500037E-08, 6.500000002E-02, 1.367784978E-01
       179, 4.499999767E-01,-2.346500000E-08, 6.499999905E-02, 1.641581826E-01
       180, 7.499999865E-01,-2.346500001E-08, 6.499999905E-02, 1.375433653E-01
       181, 1.049999957E+00,-2.346499781E-08, 6.499999905E-02, 1.039897346E-01
       182, 1.499999992E+00,-2.346499966E-08, 6.499999905E-02, 7.988739320E-02
       183, 2.099999885E+00,-2.346499961E-08, 6.499999905E-02, 6.749495447E-02
       184, 3.000000046E+00,-2.346500026E-08, 6.499999954E-02, 5.785533199E-02
       185,-1.500000037E-01,-2.346499994E-08, 7.249999903E-02, 3.096516913E-02
       186, 3.000000109E-01,-2.346500038E-08, 7.250000002E-02, 1.358789270E-01
       187, 4.499999767E-01,-2.346500001E-08, 7.249999894E-02, 1.650407402E-01
       188, 7.499999865E-01,-2.346500001E-08, 7.249999894E-02, 1.418087067E-01
       189, 1.049999957E+00,-2.346499793E-08, 7.249999894E-02, 1.081360801E-01
       190, 1.499999992E+00,-2.346499968E-08, 7.249999894E-02, 8.249853811E-02
       191, 2.099999885E+00,-2.346499964E-08, 7.249999894E-02, 6.905563783E-02
       192, 3.000000046E+00,-2.346500025E-08, 7.249999948E-02, 5.863287334E-02
       193,-1.500000037E-01,-2.346499994E-08, 7.999999893E-02, 2.961546136E-02
       194, 3.000000067E-01,-2.346500003E-08, 7.999999884E-02, 1.345297846E-01
       195, 4.499999892E-01,-2.346500071E-08, 8.000000122E-02, 1.646724787E-01
       196, 7.499999865E-01,-2.346500001E-08, 7.999999884E-02, 1.452685830E-01
       197, 1.049999957E+00,-2.346499805E-08, 7.999999884E-02, 1.121315154E-01
       198, 1.499999992E+00,-2.346499971E-08, 7.999999884E-02, 8.519738422E-02
       199, 2.099999885E+00,-2.346499965E-08, 7.999999884E-02, 7.059276294E-02
       200, 3.000000046E+00,-2.346500024E-08, 7.999999943E-02, 5.934507390E-02
       201,-1.500000037E-01,-2.346499994E-08, 8.749999883E-02, 2.837123077E-02
       202, 3.000000109E-01,-2.346500038E-08, 8.750000003E-02, 1.329323977E-01
       203, 4.499999892E-01,-2.346500071E-08, 8.750000134E-02, 1.635893598E-01
       204, 7.499999865E-01,-2.346500001E-08, 8.749999873E-02, 1.481785837E-01
       205, 1.049999957E+00,-2.346499818E-08, 8.749999873E-02, 1.160343123E-01
       206, 1.499999992E+00,-2.346499971E-08, 8.749999873E-02, 8.800165030E-02
       207, 2.099999885E+00,-2.346499967E-08, 8.749999873E-02, 7.212307222E-02
       208, 3.000000046E+00,-2.346500024E-08, 8.749999938E-02, 5.999387430E-02
       209,-1.500000037E-01,-2.346499994E-08, 9.499999873E-02, 2.722337125E-02
       210, 3.000000109E-01,-2.346500037E-08, 9.500000003E-02, 1.314012505E-01
       211, 4.499999767E-01,-2.346500001E-08, 9.499999862E-02, 1.623397843E-01
       212, 7.499999865E-01,-2.346500001E-08, 9.499999862E-02, 1.508337778E-01
       213, 1.049999957E+00,-2.346499830E-08, 9.499999862E-02, 1.199266375E-01
       214, 1.499999992E+00,-2.346499975E-08, 9.499999862E-02, 9.091792999E-02
       215, 2.099999885E+00,-2.346499969E-08, 9.499999862E-02, 7.365333121E-02
       216, 3.000000046E+00,-2.346500024E-08, 9.499999933E-02, 6.057887699E-02
       217,-1.500000037E-01,-2.346499994E-08, 1.024999986E-01, 2.616102344E-02
       218, 3.000000109E-01,-2.346500037E-08, 1.025000000E-01, 1.303189445E-01
       219, 4.499999767E-01,-2.346500001E-08, 1.024999985E-01, 1.614535543E-01
       220, 7.499999865E-01,-2.346500001E-08, 1.024999985E-01, 1.535452398E-01
       221, 1.049999957E+00,-2.346499841E-08, 1.024999985E-01, 1.238986277E-01
       222, 1.499999992E+00,-2.346499976E-08, 1.024999985E-01, 9.394036135E-02
       223, 2.099999885E+00,-2.346499971E-08, 1.024999985E-01, 7.517976125E-02
       224, 3.000000046E+00,-2.346500021E-08, 1.024999993E-01, 6.109652094E-02
       225,-1.500000037E-01,-2.346499994E-08, 1.099999985E-01, 2.517239536E-02
       226, 3.000000109E-01,-2.346500037E-08, 1.100000000E-01, 1.300327185E-01
       227, 4.499999767E-01,-2.346500001E-08, 1.099999984E-01, 1.613986976E-01
       228, 7.499999652E-01,-2.346499931E-08, 1.099999951E-01, 1.566103860E-01
       229, 1.049999957E+00,-2.346499856E-08, 1.099999984E-01, 1.280337403E-01
       230, 1.499999992E+00,-2.346499978E-08, 1.099999984E-01, 9.704866847E-02
       231, 2.099999885E+00,-2.346499974E-08, 1.099999984E-01, 7.668732528E-02
       232, 3.000000046E+00,-2.346500023E-08, 1.099999992E-01, 6.153980815E-02
       233,-1.500000037E-01,-2.346499993E-08, 1.174999984E-01, 2.424591575E-02
       234, 3.000000109E-01,-2.346500037E-08, 1.175000000E-01, 1.308055933E-01
       235, 4.499999767E-01,-2.346500001E-08, 1.174999983E-01, 1.625426166E-01
       236, 7.499999652E-01,-2.346499931E-08, 1.174999948E-01, 1.602788283E-01
       237, 1.049999957E+00,-2.346499866E-08, 1.174999983E-01, 1.323905078E-01
       238, 1.499999992E+00,-2.346499979E-08, 1.174999983E-01, 1.002065784E-01
       239, 2.099999885E+00,-2.346499977E-08, 1.174999983E-01, 7.814994575E-02
       240, 3.000000046E+00,-2.346500021E-08, 1.174999992E-01, 6.189838163E-02
       241,-1.500000037E-01,-2.346499994E-08, 1.249999983E-01, 2.337090800E-02
       242, 3.000000109E-01,-2.346500036E-08, 1.250000000E-01, 1.328104891E-01
       243, 4.499999767E-01,-2.346500000E-08, 1.249999982E-01, 1.651235791E-01
       244, 7.499999865E-01,-2.346500000E-08, 1.249999982E-01, 1.647138379E-01
       245, 1.049999957E+00,-2.346499879E-08, 1.249999982E-01, 1.369799562E-01
       246, 1.499999992E+00,-2.346499981E-08, 1.249999982E-01, 1.033585654E-01
       247, 2.099999885E+00,-2.346499978E-08, 1.249999982E-01, 7.953149044E-02
       248, 3.000000046E+00,-2.346500021E-08, 1.249999991E-01, 6.215898278E-02
       249,-1.500000037E-01,-2.346499992E-08, 1.324999982E-01, 2.253803890E-02
       250, 3.000000109E-01,-2.346500036E-08, 1.325000001E-01, 1.360841277E-01
       251, 4.499999767E-01,-2.346500000E-08, 1.324999981E-01, 1.692209790E-01
       252, 7.499999865E-01,-2.346500000E-08, 1.324999981E-01, 1.699568684E-01
       253, 1.049999957E+00,-2.346499891E-08, 1.324999981E-01, 1.417529296E-01
       254, 1.499999992E+00,-2.346499982E-08, 1.324999981E-01, 1.064289161E-01
       255, 2.099999885E+00,-2.346499981E-08, 1.324999981E-01, 8.078741598E-02
       256, 3.000000046E+00,-2.346500021E-08, 1.324999991E-01, 6.230639418E-02
       257,-1.500000037E-01,-2.346499992E-08, 1.399999981E-01, 2.173951818E-02
       258, 3.000000109E-01,-2.346500036E-08, 1.400000001E-01, 1.405248824E-01
       259, 4.499999767E-01,-2.346500000E-08, 1.399999980E-01, 1.747625886E-01
       260, 7.499999865E-01,-2.346500000E-08, 1.399999980E-01, 1.759152518E-01
       261, 1.049999957E+00,-2.346499903E-08, 1.399999980E-01, 1.465985806E-01
       262, 1.499999992E+00,-2.346499985E-08, 1.399999980E-01, 1.093220038E-01
       263, 2.099999885E+00,-2.346499982E-08, 1.399999980E-01, 8.186709911E-02
       264, 3.000000046E+00,-2.346500020E-08, 1.399999990E-01, 6.232474467E-02
       265,-1.500000037E-01,-2.346499991E-08, 1.474999980E-01, 2.096918165E-02
       266, 3.000000109E-01,-2.346500036E-08, 1.475000001E-01, 1.459715659E-01
       267, 4.499999767E-01,-2.346500000E-08, 1.474999979E-01, 1.815852834E-01
       268, 7.499999865E-01,-2.346500000E-08, 1.474999979E-01, 1.823840724E-01
       269, 1.049999957E+00,-2.346499914E-08, 1.474999979E-01, 1.513509969E-01
       270, 1.499999992E+00,-2.346499986E-08, 1.474999979E-01, 1.119248753E-01
       271, 2.099999885E+00,-2.346499984E-08, 1.474999979E-01, 8.271703476E-02
       272, 3.000000046E+00,-2.346500019E-08, 1.474999990E-01, 6.219900694E-02
       273,-1.500000037E-01,-2.346499991E-08, 1.549999979E-01, 2.022248294E-02
       274, 3.000000109E-01,-2.346500034E-08, 1.550000001E-01, 1.522430937E-01
       275, 4.499999767E-01,-2.346500000E-08, 1.549999978E-01, 1.894730401E-01
       276, 7.499999865E-01,-2.346500000E-08, 1.549999978E-01, 1.890684948E-01
       277, 1.049999957E+00,-2.346499928E-08, 1.549999978E-01, 1.557938044E-01
       278, 1.499999992E+00,-2.346499989E-08, 1.549999978E-01, 1.141122765E-01
       279, 2.099999885E+00,-2.346499986E-08, 1.549999978E-01, 8.328466033E-02
       280, 3.000000024E+00,-2.346500002E-08, 1.549999978E-01, 6.191646143E-02
       281,-1.500000037E-01,-2.346499991E-08, 1.624999978E-01, 1.949643052E-02
       282, 3.000000109E-01,-2.346500034E-08, 1.625000001E-01, 1.591319538E-01
       283, 4.499999767E-01,-2.346500000E-08, 1.624999976E-01, 1.981288179E-01
       284, 7.499999865E-01,-2.346500000E-08, 1.624999976E-01, 1.955817888E-01
       285, 1.049999957E+00,-2.346499940E-08, 1.624999976E-01, 1.596636553E-01
       286, 1.499999992E+00,-2.346499990E-08, 1.624999976E-01, 1.157543244E-01
       287, 2.099999885E+00,-2.346499989E-08, 1.624999976E-01, 8.352232430E-02
       288, 3.000000046E+00,-2.346500019E-08, 1.624999989E-01, 6.146792359E-02
       289,-1.500000037E-01,-2.346499990E-08, 1.699999977E-01, 1.878951780E-02
       290, 3.000000109E-01,-2.346500034E-08, 1.700000001E-01, 1.663684996E-01
       291, 4.499999767E-01,-2.346500000E-08, 1.699999975E-01, 2.070972478E-01
       292, 7.499999865E-01,-2.346500000E-08, 1.699999975E-01, 2.014290212E-01
       293, 1.049999957E+00,-2.346499952E-08, 1.699999975E-01, 1.626597161E-01
       294, 1.499999992E+00,-2.346499993E-08, 1.699999975E-01, 1.167261225E-01
       295, 2.099999885E+00,-2.346499992E-08, 1.699999975E-01, 8.339109262E-02
       296, 3.000000046E+00,-2.346500019E-08, 1.699999988E-01, 6.084838353E-02
       297,-1.500000037E-01,-2.346499989E-08, 1.774999976E-01, 1.810161921E-02
       298, 3.000000109E-01,-2.346500034E-08, 1.775000001E-01, 1.735338744E-01
       299, 4.499999767E-01,-2.346500000E-08, 1.774999974E-01, 2.156584189E-01
       300, 7.499999865E-01,-2.346500000E-08, 1.774999974E-01, 2.059963327E-01
       301, 1.049999957E+00,-2.346499961E-08, 1.774999974E-01, 1.644606418E-01
       302, 1.499999992E+00,-2.346499994E-08, 1.774999974E-01, 1.169181251E-01
       303, 2.099999885E+00,-2.346499993E-08, 1.774999974E-01, 8.286379065E-02
       304, 3.000000046E+00,-2.346500018E-08, 1.774999987E-01, 6.005720680E-02
       305,-1.500000037E-01,-2.346499988E-08, 1.849999975E-01, 1.743393004E-02
       306, 3.000000109E-01,-2.346500034E-08, 1.850000001E-01, 1.799045118E-01
       307, 4.499999767E-01,-2.346500000E-08, 1.849999973E-01, 2.227090926E-01
       308, 7.499999865E-01,-2.346500000E-08, 1.849999973E-01, 2.085713600E-01
       309, 1.049999957E+00,-2.346499975E-08, 1.849999973E-01, 1.647527040E-01
       310, 1.499999992E+00,-2.346499995E-08, 1.849999973E-01, 1.162465761E-01
       311, 2.099999885E+00,-2.346499994E-08, 1.849999973E-01, 8.192667703E-02
       312, 3.000000046E+00,-2.346500018E-08, 1.849999987E-01, 5.909804607E-02
       313,-1.500000037E-01,-2.346499989E-08, 1.924999974E-01, 1.678862630E-02
       314, 3.000000109E-01,-2.346500034E-08, 1.925000001E-01, 1.842844617E-01
       315, 4.499999767E-01,-2.346500000E-08, 1.924999972E-01, 2.267507962E-01
       316, 7.499999865E-01,-2.346500000E-08, 1.924999972E-01, 2.084189620E-01
       317, 1.049999957E+00,-2.346499987E-08, 1.924999972E-01, 1.632690076E-01
       318, 1.499999992E+00,-2.346499998E-08, 1.924999972E-01, 1.146624265E-01
       319, 2.099999885E+00,-2.346499997E-08, 1.924999972E-01, 8.057972696E-02
       320, 3.000000046E+00,-2.346500017E-08, 1.924999986E-01, 5.797795954E-02
       321,-1.500000037E-01,-2.346499988E-08, 1.999999973E-01, 1.616898644E-02
       322, 3.000000109E-01,-2.346500034E-08, 2.000000001E-01, 1.849884194E-01
       323, 4.499999767E-01,-2.346500000E-08, 1.999999971E-01, 2.260856612E-01
       324, 7.499999865E-01,-2.346500000E-08, 1.999999971E-01, 2.049064983E-01
       325, 1.049999957E+00,-2.346500000E-08, 1.999999971E-01, 1.598326457E-01
       326, 1.499999992E+00,-2.346500000E-08, 1.999999971E-01, 1.121569009E-01
       327, 2.099999885E+00,-2.346500000E-08, 1.999999971E-01, 7.883551482E-02
       328, 3.000000046E+00,-2.346500017E-08, 1.999999986E-01, 5.670611382E-02
       329,-1.500000036E-01,-2.346499988E-08, 2.074999979E-01, 1.557891005E-02
       330, 3.000000109E-01,-2.346500032E-08, 2.075000008E-01, 1.801088474E-01
       331, 4.499999767E-01,-2.346499997E-08, 2.074999977E-01, 2.192215125E-01
       332, 7.499999865E-01,-2.346499997E-08, 2.074999977E-01, 1.976530565E-01
       333, 1.049999957E+00,-2.346499993E-08, 2.074999977E-01, 1.543955269E-01
       334, 1.499999992E+00,-2.346499997E-08, 2.074999977E-01, 1.087641802E-01
       335, 2.099999885E+00,-2.346500000E-08, 2.074999977E-01, 7.671795723E-02
       336, 3.000000046E+00,-2.346500017E-08, 2.074999992E-01, 5.529326641E-02
       337,-1.500000036E-01,-2.346499992E-08, 2.154084161E-01, 1.499364291E-02
       338, 3.000000109E-01,-2.346500038E-08, 2.154084192E-01, 1.672799235E-01
       339, 4.499999767E-01,-2.346500003E-08, 2.154084160E-01, 2.044441857E-01
       340, 7.499999865E-01,-2.346500003E-08, 2.154084160E-01, 1.859514701E-01
       341, 1.049999957E+00,-2.346499993E-08, 2.154084160E-01, 1.466058528E-01
       342, 1.499999992E+00,-2.346500000E-08, 2.154084160E-01, 1.043056766E-01
       343, 2.099999885E+00,-2.346500003E-08, 2.154084160E-01, 7.411599639E-02
       344, 3.000000046E+00,-2.346500021E-08, 2.154084176E-01, 5.366282180E-02
       345,-1.500000035E-01,-2.346499995E-08, 2.237474927E-01, 1.442342866E-02
       346, 3.000000109E-01,-2.346500035E-08, 2.237474959E-01, 1.449871195E-01
       347, 4.499999767E-01,-2.346500000E-08, 2.237474926E-01, 1.810125802E-01
       348, 7.499999865E-01,-2.346500000E-08, 2.237474926E-01, 1.696261291E-01
       349, 1.049999957E+00,-2.346499986E-08, 2.237474926E-01, 1.363980156E-01
       350, 1.499999992E+00,-2.346499996E-08, 2.237474926E-01, 9.874955946E-02
       351, 2.099999885E+00,-2.346500000E-08, 2.237474926E-01, 7.100638477E-02
       352, 3.000000046E+00,-2.346500017E-08, 2.237474943E-01, 5.179956425E-02
       353,-1.500000035E-01,-2.346499996E-08, 2.325406795E-01, 1.387963641E-02
       354, 3.000000109E-01,-2.346500032E-08, 2.325406829E-01, 1.143636783E-01
       355, 4.499999767E-01,-2.346499997E-08, 2.325406794E-01, 1.500243559E-01
       356, 7.499999865E-01,-2.346499997E-08, 2.325406794E-01, 1.490969111E-01
       357, 1.049999957E+00,-2.346499977E-08, 2.325406794E-01, 1.238997720E-01
       358, 1.499999992E+00,-2.346499992E-08, 2.325406794E-01, 9.210790684E-02
       359, 2.099999885E+00,-2.346499998E-08, 2.325406794E-01, 6.737456505E-02
       360, 3.000000046E+00,-2.346500014E-08, 2.325406812E-01, 4.968882309E-02
       361,-1.500000034E-01,-2.346500001E-08, 2.418127053E-01, 1.337451211E-02
       362, 3.000000109E-01,-2.346500032E-08, 2.418127089E-01, 8.053790298E-02
       363, 4.499999767E-01,-2.346499998E-08, 2.418127053E-01, 1.148088903E-01
       364, 7.499999865E-01,-2.346499998E-08, 2.418127053E-01, 1.254254203E-01
       365, 1.049999957E+00,-2.346499973E-08, 2.418127053E-01, 1.094391242E-01
       366, 1.499999992E+00,-2.346499994E-08, 2.418127053E-01, 8.443845175E-02
       367, 2.099999885E+00,-2.346500002E-08, 2.418127053E-01, 6.321564256E-02
       368, 3.000000046E+00,-2.346500018E-08, 2.418127071E-01, 4.731755817E-02
       369,-1.500000034E-01,-2.346500004E-08, 2.515896456E-01, 1.292032818E-02
       370, 3.000000109E-01,-2.346500034E-08, 2.515896494E-01, 5.122304289E-02
       371, 4.499999767E-01,-2.346500001E-08, 2.515896457E-01, 8.040031944E-02
       372, 7.499999865E-01,-2.346500000E-08, 2.515896457E-01, 1.002199518E-01
       373, 1.049999957E+00,-2.346499969E-08, 2.515896457E-01, 9.352989257E-02
       374, 1.499999992E+00,-2.346499993E-08, 2.515896457E-01, 7.584647237E-02
       375, 2.099999885E+00,-2.346500002E-08, 2.515896457E-01, 5.853671291E-02
       376, 3.000000046E+00,-2.346500015E-08, 2.515896475E-01, 4.467620455E-02
       377,-1.500000033E-01,-2.346500008E-08, 2.618989960E-01, 1.252767517E-02
       378, 3.000000109E-01,-2.346500035E-08, 2.618990000E-01, 3.146505969E-02
       379, 4.499999767E-01,-2.346500000E-08, 2.618989961E-01, 5.187431476E-02
       380, 7.499999865E-01,-2.346500000E-08, 2.618989961E-01, 7.545546867E-02
       381, 1.049999957E+00,-2.346499961E-08, 2.618989961E-01, 7.685792388E-02
       382, 1.499999992E+00,-2.346499990E-08, 2.618989961E-01, 6.649227142E-02
       383, 2.099999885E+00,-2.346500002E-08, 2.618989961E-01, 5.336325565E-02
       384, 3.000000046E+00,-2.346500018E-08, 2.618989980E-01, 4.176210949E-02
       385,-1.500000032E-01,-2.346500011E-08, 2.727697492E-01, 1.220375191E-02
       386, 3.000000109E-01,-2.346500035E-08, 2.727697533E-01, 2.071979766E-02
       387, 4.499999767E-01,-2.346500001E-08, 2.727697493E-01, 3.221657277E-02
       388, 7.499999865E-01,-2.346499999E-08, 2.727697493E-01, 5.328440296E-02
       389, 1.049999957E+00,-2.346499955E-08, 2.727697493E-01, 6.029615754E-02
       390, 1.499999992E+00,-2.346499989E-08, 2.727697493E-01, 5.661496703E-02
       391, 2.099999885E+00,-2.346500003E-08, 2.727697493E-01, 4.775053537E-02
       392, 3.000000046E+00,-2.346500017E-08, 2.727697513E-01, 3.858413823E-02
       393,-1.500000032E-01,-2.346500011E-08, 2.842324767E-01, 1.195074553E-02
       394, 3.000000109E-01,-2.346500033E-08, 2.842324811E-01, 1.564005804E-02
       395, 4.499999767E-01,-2.346499998E-08, 2.842324768E-01, 2.105721768E-02
       396, 7.499999865E-01,-2.346499996E-08, 2.842324768E-01, 3.573575530E-02
       397, 1.049999957E+00,-2.346499946E-08, 2.842324768E-01, 4.495315705E-02
       398, 1.499999992E+00,-2.346499985E-08, 2.842324768E-01, 4.657663310E-02
       399, 2.099999885E+00,-2.346500000E-08, 2.842324768E-01, 4.180291738E-02
       400, 3.000000046E+00,-2.346500015E-08, 2.842324789E-01, 3.516944433E-02
       401,-1.500000031E-01,-2.346500017E-08, 2.963194150E-01, 1.176495577E-02
       402, 3.000000109E-01,-2.346500033E-08, 2.963194195E-01, 1.332528936E-02
       403, 4.499999767E-01,-2.346500000E-08, 2.963194151E-01, 1.563617923E-02
       404, 7.499999865E-01,-2.346499999E-08, 2.963194151E-01, 2.391510200E-02
       405, 1.049999957E+00,-2.346499939E-08, 2.963194151E-01, 3.211395557E-02
       406, 1.499999992E+00,-2.346499986E-08, 2.963194151E-01, 3.691652146E-02
       407, 2.099999885E+00,-2.346500004E-08, 2.963194151E-01, 3.570038748E-02
       408, 3.000000046E+00,-2.346500017E-08, 2.963194173E-01, 3.157230262E-02
       409,-1.500000030E-01,-2.346500021E-08, 3.090645557E-01, 1.163724756E-02
       410, 3.000000109E-01,-2.346500034E-08, 3.090645605E-01, 1.222305459E-02
       411, 4.499999767E-01,-2.346500000E-08, 3.090645559E-01, 1.316154386E-02
       412, 7.499999865E-01,-2.346499998E-08, 3.090645559E-01, 1.721334739E-02
       413, 1.049999957E+00,-2.346499931E-08, 3.090645559E-01, 2.278170982E-02
       414, 1.499999992E+00,-2.346499983E-08, 3.090645559E-01, 2.834656213E-02
       415, 2.099999885E+00,-2.346500003E-08, 3.090645559E-01, 2.972215659E-02
       416, 3.000000046E+00,-2.346500013E-08, 3.090645582E-01, 2.788369544E-02
       417,-1.500000030E-01,-2.346500025E-08, 3.225037420E-01, 1.155499349E-02
       418, 3.000000109E-01,-2.346500034E-08, 3.225037469E-01, 1.166313678E-02
       419, 4.499999767E-01,-2.346500000E-08, 3.225037421E-01, 1.200629680E-02
       420, 7.499999865E-01,-2.346499998E-08, 3.225037421E-01, 1.385405470E-02
       421, 1.049999957E+00,-2.346499924E-08, 3.225037421E-01, 1.699153813E-02
       422, 1.499999992E+00,-2.346499981E-08, 3.225037421E-01, 2.155526448E-02
       423, 2.099999885E+00,-2.346500003E-08, 3.225037421E-01, 2.423871816E-02
       424, 3.000000046E+00,-2.346500013E-08, 3.225037445E-01, 2.423758755E-02
       425,-1.500000029E-01,-2.346500034E-08, 3.366747683E-01, 1.150490151E-02
       426, 3.000000109E-01,-2.346500038E-08, 3.366747735E-01, 1.136184030E-02
       427, 4.499999767E-01,-2.346500003E-08, 3.366747685E-01, 1.144262642E-02
       428, 7.499999865E-01,-2.346500002E-08, 3.366747685E-01, 1.222660569E-02
       429, 1.049999957E+00,-2.346499918E-08, 3.366747685E-01, 1.382095237E-02
       430, 1.499999992E+00,-2.346499983E-08, 3.366747685E-01, 1.683341246E-02
       431, 2.099999885E+00,-2.346500009E-08, 3.366747685E-01, 1.962747770E-02
       432, 3.000000046E+00,-2.346500019E-08, 3.366747710E-01, 2.080523842E-02
       433,-1.500000028E-01,-2.346500031E-08, 3.516174877E-01, 1.147553603E-02
       434, 3.000000109E-01,-2.346500031E-08, 3.516174931E-01, 1.119232518E-02
       435, 4.499999767E-01,-2.346499997E-08, 3.516174879E-01, 1.115674407E-02
       436, 7.499999865E-01,-2.346499996E-08, 3.516174879E-01, 1.141882683E-02
       437, 1.049999957E+00,-2.346499901E-08, 3.516174879E-01, 1.216930236E-02
       438, 1.499999992E+00,-2.346499974E-08, 3.516174879E-01, 1.390489977E-02
       439, 2.099999885E+00,-2.346500004E-08, 3.516174879E-01, 1.611585154E-02
       440, 3.000000046E+00,-2.346500014E-08, 3.516174905E-01, 1.776686307E-02
       441,-1.500000027E-01,-2.346500041E-08, 3.673739231E-01, 1.145835576E-02
       442, 3.000000109E-01,-2.346500034E-08, 3.673739288E-01, 1.109344763E-02
       443, 4.499999767E-01,-2.346500000E-08, 3.673739233E-01, 1.100420404E-02
       444, 7.499999865E-01,-2.346499997E-08, 3.673739233E-01, 1.100461742E-02
       445, 1.049999957E+00,-2.346499894E-08, 3.673739233E-01, 1.129697760E-02
       446, 1.499999992E+00,-2.346499974E-08, 3.673739233E-01, 1.219827773E-02
       447, 2.099999885E+00,-2.346500006E-08, 3.673739233E-01, 1.367452782E-02
       448, 3.000000046E+00,-2.346500015E-08, 3.673739261E-01, 1.526135825E-02
       449,-1.500000026E-01,-2.346500046E-08, 3.839883861E-01, 1.144681569E-02
       450, 3.000000109E-01,-2.346500033E-08, 3.839883920E-01, 1.103119966E-02
       451, 4.499999767E-01,-2.346500000E-08, 3.839883863E-01, 1.091429996E-02
       452, 7.499999865E-01,-2.346499998E-08, 3.839883863E-01, 1.078130443E-02
       453, 1.049999957E+00,-2.346499884E-08, 3.839883863E-01, 1.081862842E-02
       454, 1.499999992E+00,-2.346499974E-08, 3.839883863E-01, 1.120864179E-02
       455, 2.099999885E+00,-2.346500008E-08, 3.839883863E-01, 1.207822121E-02
       456, 3.000000046E+00,-2.346500015E-08, 3.839883892E-01, 1.334140431E-02
       457,-1.500000025E-01,-2.346500049E-08, 4.015076012E-01, 1.143451207E-02
       458, 3.000000109E-01,-2.346500034E-08, 4.015076073E-01, 1.098397122E-02
       459, 4.499999767E-01,-2.346500001E-08, 4.015076013E-01, 1.085057063E-02
       460, 7.499999865E-01,-2.346499997E-08, 4.015076013E-01, 1.064674832E-02
       461, 1.049999957E+00,-2.346499875E-08, 4.015076013E-01, 1.054309665E-02
       462, 1.499999992E+00,-2.346499970E-08, 4.015076013E-01, 1.062152866E-02
       463, 2.099999885E+00,-2.346500007E-08, 4.015076013E-01, 1.106339782E-02
       464, 3.000000046E+00,-2.346500012E-08, 4.015076043E-01, 1.197094246E-02
       465,-1.500000024E-01,-2.346500054E-08, 4.199808371E-01, 1.141675745E-02
       466, 3.000000109E-01,-2.346500031E-08, 4.199808435E-01, 1.094075551E-02
       467, 4.499999767E-01,-2.346499999E-08, 4.199808372E-01, 1.079675335E-02
       468, 7.499999865E-01,-2.346499996E-08, 4.199808372E-01, 1.055414135E-02
       469, 1.049999957E+00,-2.346499860E-08, 4.199808372E-01, 1.037597766E-02
       470, 1.499999992E+00,-2.346499964E-08, 4.199808372E-01, 1.027071080E-02
       471, 2.099999885E+00,-2.346500006E-08, 4.199808372E-01, 1.043448085E-02
       472, 3.000000046E+00,-2.346500011E-08, 4.199808404E-01, 1.106703466E-02
       473,-1.500000023E-01,-2.346500065E-08, 4.394600459E-01, 1.139735010E-02
       474, 3.000000067E-01,-2.346500001E-08, 4.394600459E-01, 1.090464776E-02
       475, 4.499999892E-01,-2.346500074E-08, 4.394600590E-01, 1.075458947E-02
       476, 7.499999652E-01,-2.346499931E-08, 4.394600328E-01, 1.049246398E-02
       477, 1.049999957E+00,-2.346499852E-08, 4.394600459E-01, 1.027881576E-02
       478, 1.499999992E+00,-2.346499967E-08, 4.394600459E-01, 1.007791169E-02
       479, 2.099999885E+00,-2.346500013E-08, 4.394600459E-01, 1.008298987E-02
       480, 3.000000024E+00,-2.346499998E-08, 4.394600459E-01, 1.055052144E-02
       481,-1.500000037E-01,-2.346500074E-08, 4.600000083E-01, 1.138851624E-02
       482, 3.000000067E-01,-2.346499997E-08, 4.600000083E-01, 1.088940286E-02
       483, 4.499999892E-01,-2.346500070E-08, 4.600000221E-01, 1.073737162E-02
       484, 7.499999652E-01,-2.346499927E-08, 4.599999946E-01, 1.046943855E-02
       485, 1.049999957E+00,-2.346499836E-08, 4.600000083E-01, 1.024518410E-02
       486, 1.499999992E+00,-2.346499961E-08, 4.600000083E-01, 1.001442922E-02
       487, 2.099999885E+00,-2.346500010E-08, 4.600000083E-01, 9.966517345E-03
       488, 3.000000024E+00,-2.346499996E-08, 4.600000083E-01, 1.037858035E-02
