Generated by GetData Graph Digitizer 2.22 on March 06 2022, 13:30
from file 'C:\Users\Li Hang\Desktop\137-037-vh.jpg'

Line #1
 1.00809402751969e+000   -7.85987072356046e-001
 9.97395091143310e-001   -6.96097766732407e-001
 9.64614279688551e-001   -6.12478482426840e-001
 9.17161618349502e-001   -5.19602366648047e-001
 8.99121057011594e-001   -4.26635050559172e-001
 8.77381183096023e-001   -3.39880755594569e-001
 8.44600371641264e-001   -2.56261471289002e-001
 8.52249797649312e-001   -1.75617597099830e-001
 8.52625998928396e-001   -7.32908491888873e-002
 8.49234487397257e-001    4.21801434124869e-003
 8.82642300983823e-001    9.11433098872536e-002
 8.68301052223578e-001    1.90323647100400e-001
 8.72296765809004e-001    2.77157742336324e-001
 9.13057604395855e-001    3.64105837959849e-001
 9.17041917942521e-001    4.47839122653017e-001
 9.46784619067705e-001    5.37853828703018e-001
 9.61844070269839e-001    6.34024555683489e-001
 1.01357744616332e+000    7.05502798709516e-001
 1.01760735986502e+000    8.01639325573707e-001
