Generated by GetData Graph Digitizer 2.22 on March 06 2022, 13:31
from file 'C:\Users\Li Hang\Desktop\137-037-vh.jpg'

Line #1
 9.22861637729568e-001   -9.69197095270124e-001
 9.19367525849588e-001   -9.19595526624790e-001
 9.19618326702311e-001   -8.51377694684162e-001
 9.16124214822330e-001   -8.01776126038829e-001
 9.16318015481253e-001   -7.49062346811979e-001
 9.16546016256455e-001   -6.87046135956862e-001
 9.13017704260194e-001   -6.46746998939796e-001
 9.05892680035112e-001   -5.84753588162200e-001
 8.95056943193607e-001   -5.32074009051631e-001
 8.73203068890434e-001   -4.76327819514586e-001
 8.58633819354986e-001   -4.39163693156557e-001
 8.51474595013623e-001   -3.86472714007228e-001
 8.40638858172118e-001   -3.33793134896659e-001
 8.37133346253377e-001   -2.87292376794081e-001
 8.37315746873539e-001   -2.37679408109988e-001
 8.37475347416181e-001   -1.94268060511406e-001
 8.33935635381160e-001   -1.57069734037096e-001
 8.34083835885042e-001   -1.16759196981270e-001
 8.26947411621200e-001   -5.78665967464289e-002
 8.16077474663414e-001   -1.44894492641275e-002
 8.05230337783148e-001    3.50893193036856e-002
 8.01793226096969e-001    1.00194940662798e-001
 8.09431252066257e-001    1.77738004309215e-001
 8.20643190186847e-001    2.27385173109589e-001
 8.39151153113921e-001    2.61551089273704e-001
 8.42998666195465e-001    3.08074647453801e-001
 8.43089866505546e-001    3.32881131795848e-001
 8.50693692358554e-001    4.01121763813997e-001
 8.54495605285058e-001    4.35242079823071e-001
 8.62031030905505e-001    4.84877848584685e-001
 8.65867143948289e-001    5.28300596222027e-001
 8.73345569374936e-001    5.62432312269862e-001
 8.77193082456480e-001    6.08955870449960e-001
 8.81086195693065e-001    6.67882670801081e-001
 8.92241133619854e-001    7.02025786887675e-001
 9.03487271856724e-001    7.60975387316317e-001
 9.11045497554692e-001    8.16812777163442e-001
 9.22200435481481e-001    8.50955893250037e-001
 9.33423773640830e-001    9.03703872593167e-001
 9.37282686761135e-001    9.53328241316020e-001
 9.41038999532598e-001    9.75045315154071e-001
