Generated by GetData Graph Digitizer 2.22 on December 15 2023, 18:29
from file 'C:\Users\31425\Desktop\Blind Test 3\Fig_13\Fig_13a.jpg'

Line #1
-2.84732761870421e+000    5.15463917525773e-005
-2.72332125940373e+000    5.15463917525773e-005
-2.63744611804042e+000    1.03092783505155e-004
-2.51343975873994e+000    1.03092783505155e-004
-2.37989444872404e+000    1.03092783505155e-004
-2.17952731385115e+000    2.06185567010309e-004
-2.08403946699884e+000    4.12371134020619e-004
-2.01707013259469e+000    8.24742268041237e-004
-1.98830577090128e+000    1.13402061855670e-003
-1.93075246258994e+000    1.80412371134021e-003
-1.92077098323308e+000    2.73195876288660e-003
-1.90147181748152e+000    3.19587628865979e-003
-1.89178535721895e+000    3.50515463917526e-003
-1.88177929293757e+000    4.48453608247423e-003
-1.83327323685116e+000    6.18556701030928e-003
-1.76561552456034e+000    8.04123711340206e-003
-1.71772409158704e+000    8.45360824742268e-003
-1.66975890384017e+000    9.02061855670103e-003
-1.62191664071591e+000    9.32989690721650e-003
-1.59315227902250e+000    9.63917525773196e-003
-1.55487355153820e+000    9.89690721649485e-003
-1.45965613885565e+000    9.53608247422680e-003
-1.42169701539016e+000    9.12371134020619e-003
-1.40281579335551e+000    8.71134020618557e-003
-1.37437103568092e+000    8.35051546391753e-003
-1.32699588612263e+000    7.68041237113402e-003
-1.28913510235524e+000    7.06185567010309e-003
-1.27032763509416e+000    6.49484536082474e-003
-1.23241768147772e+000    5.97938144329897e-003
-1.16552210184715e+000    6.23711340206186e-003
-1.12712044974022e+000    6.75257731958763e-003
-1.06010194548703e+000    7.26804123711340e-003
-9.93034271384787e-001    7.88659793814433e-003
-9.73636765935129e-001    8.55670103092783e-003
-9.16181797321882e-001    9.02061855670103e-003
-8.78222673856391e-001    8.60824742268041e-003
-8.49827086030846e-001    8.14432989690722e-003
-7.73638404930097e-001    7.88659793814433e-003
-7.45193647255503e-001    7.52577319587629e-003
-7.26312425220855e-001    7.11340206185567e-003
-7.07504957959779e-001    6.54639175257732e-003
-6.79060200285185e-001    6.18556701030928e-003
-6.02478160392048e-001    6.75257731958763e-003
-5.45367380722141e-001    6.49484536082474e-003
-5.26633668234639e-001    5.77319587628866e-003
-4.98262665333617e-001    5.25773195876289e-003
-4.69916247357121e-001    4.69072164948454e-003
-4.41397734908954e-001    4.48453608247423e-003
-3.93678396407323e-001    4.53608247422680e-003
-3.46229492075459e-001    4.02061855670103e-003
-3.36887220756232e-001    3.60824742268041e-003
-3.08467048006163e-001    3.19587628865979e-003
-2.80046875256093e-001    2.78350515463918e-003
-2.03784439381771e-001    2.68041237113402e-003
-1.46649074787340e-001    2.47422680412371e-003
-7.02882992149214e-002    2.57731958762887e-003
-2.23968662416207e-002    2.98969072164948e-003
 3.50089325225769e-002    3.35051546391753e-003
 1.11418877944045e-001    3.55670103092784e-003
 1.49451756183109e-001    3.29896907216495e-003
 2.06611705702064e-001    3.14432989690722e-003
 2.63820825070067e-001    3.09278350515464e-003
 3.59259502073329e-001    3.19587628865979e-003
 4.45036303738548e-001    3.04123711340206e-003
 5.30813105403766e-001    2.88659793814433e-003
 6.16762001540655e-001    3.09278350515464e-003
 6.64309245570616e-001    2.78350515463918e-003
 7.02366708734204e-001    2.57731958762887e-003
 7.50258141707505e-001    2.98969072164948e-003
 7.88586039040860e-001    3.35051546391753e-003
 8.36207037844394e-001    3.19587628865979e-003
 8.93342402438824e-001    2.98969072164948e-003
 9.50772786127546e-001    3.40206185567010e-003
 9.89149853309951e-001    3.86597938144330e-003
 1.02760067526593e+000    4.48453608247423e-003
 1.06595315752381e+000    4.89690721649485e-003
 1.11382000557258e+000    5.25773195876289e-003
 1.14268270696409e+000    5.77319587628866e-003
 1.18105977414649e+000    6.23711340206186e-003
 1.20989789061348e+000    6.70103092783505e-003
 1.24839788241850e+000    7.42268041237113e-003
 1.26791831249078e+000    8.35051546391753e-003
 1.28751249733663e+000    9.43298969072165e-003
 1.30720502188058e+000    1.07216494845361e-002
 1.31716191631292e+000    1.15979381443299e-002
 1.35558815334437e+000    1.21649484536082e-002
 1.41299395210857e+000    1.25257731958763e-002
 1.44143870978316e+000    1.21649484536082e-002
 1.44094701129267e+000    1.11340206185567e-002
 1.47831609656958e+000    9.48453608247423e-003
 1.50624457082917e+000    8.04123711340206e-003
 1.52451116975071e+000    6.34020618556701e-003
 1.56188025502762e+000    4.69072164948454e-003
 1.59005457853244e+000    3.76288659793814e-003
 1.61827807188632e+000    2.93814432989691e-003
 1.66562863652009e+000    2.21649484536082e-003
 1.72237064232213e+000    1.18556701030928e-003
 1.76030518086309e+000    7.21649484536082e-004
 1.87462507990100e+000    4.12371134020619e-004
