Generated by GetData Graph Digitizer 2.22 on December 15 2023, 18:34
from file 'C:\Users\31425\Desktop\Blind Test 3\Fig_13\Fig_13b.jpg'

Line #1
-2.86218735637151e+000    2.40333434159717e-004
-2.76368914571246e+000    2.88965796286185e-004
-2.66521450485734e+000    3.85444860407836e-004
-2.57661561185247e+000    5.29692060511543e-004
-2.47828238982099e+000    9.13251336604298e-004
-2.31096035166147e+000    1.24951387279377e-003
-2.18292917666747e+000    1.34622863495481e-003
-2.07479091619756e+000    1.82555988105106e-003
-1.97702336946061e+000    3.35744000502823e-003
-1.89921944665957e+000    5.41547671892616e-003
-1.84102560073538e+000    7.28196949281710e-003
-1.79240109521022e+000    8.57422327675271e-003
-1.72381296574915e+000    9.34032047076755e-003
-1.67457564532159e+000    9.38856000282838e-003
-1.62517333626646e+000    9.10187262092292e-003
-1.58555249584582e+000    8.67156656701877e-003
-1.54593165542518e+000    8.24126051311463e-003
-1.52596803148926e+000    7.71510392319387e-003
-1.49622293891885e+000    7.33256600527178e-003
-1.44689133927554e+000    7.18941872935187e-003
-1.42683343612387e+000    6.47187533145037e-003
-1.40679910277613e+000    5.80217863554405e-003
-1.36713112274761e+000    5.27617917764954e-003
-1.29811873681564e+000    5.18103573575107e-003
-1.27829653170335e+000    4.94195935780141e-003
-1.26825579522554e+000    4.55926430785307e-003
-1.21890062577829e+000    4.36827032993797e-003
-1.18948551046303e+000    4.65558623994846e-003
-1.11069165589658e+000    4.70406147004867e-003
-1.07142436253501e+000    4.99145594607229e-003
-1.02235203073502e+000    5.37462239209940e-003
-9.53646052254255e-001    5.90148607613832e-003
-9.04597290258208e-001    6.33249922416062e-003
-8.85081492597117e-001    6.71542997214835e-003
-8.55713516889729e-001    7.09843928614921e-003
-8.36127009816823e-001    7.33782992815138e-003
-8.16139816076963e-001    6.76382663623543e-003
-7.96176192141042e-001    6.23767004631467e-003
-7.27328794836642e-001    6.47745351838248e-003
-6.68262866166725e-001    6.57361831845162e-003
-6.48417091250496e-001    6.28669523850677e-003
-6.18530579856460e-001    5.61707710861359e-003
-5.88620498658485e-001    4.89961227672521e-003
-5.68609735114687e-001    4.27776228281408e-003
-5.29036034301921e-001    3.94314963290030e-003
-4.79798713874365e-001    3.99138916496113e-003
-4.20662075792633e-001    3.94401385904472e-003
-3.81182654195622e-001    3.80078801711168e-003
-3.41915360834057e-001    4.08818249313529e-003
-2.82708013340509e-001    3.89726708123333e-003
-2.33234994873567e-001    3.46703959334232e-003
-1.93590584648987e-001    2.98888683744299e-003
-1.44494683045061e-001    3.32420658147492e-003
-9.50452343820585e-002    2.94182579557909e-003
-3.59085963003265e-002    2.89445048966268e-003
 2.32280417814055e-002    2.84707518374626e-003
 6.28017425941714e-002    2.51246253383249e-003
 1.12204051649297e-001    2.22577515192703e-003
 1.61299953253223e-001    2.56109489595896e-003
 2.20460161138893e-001    2.46587288804736e-003
 2.99206876097469e-001    2.61004152213794e-003
 3.38497739262972e-001    2.84958929616637e-003
 3.87640780474774e-001    3.08921563620793e-003
 4.56653166406744e-001    2.99407219430946e-003
 5.15954793116046e-001    2.61176997442676e-003
 5.85037888459831e-001    2.37308642654274e-003
 6.24564449664720e-001    2.13416718061934e-003
 6.73848909700153e-001    2.08671330868979e-003
 7.22968381108016e-001    2.37418635072654e-003
 7.72040712908003e-001    2.75735279675365e-003
 8.30965222754289e-001    3.14059780879389e-003
 8.60286058853800e-001    3.61930052678512e-003
 9.09381960457726e-001    3.95462027081705e-003
 9.68330040107950e-001    4.29001858086211e-003
 9.97650876207461e-001    4.76872129885333e-003
 1.01695454563311e+000    5.58227236479771e-003
 1.04596897428142e+000    6.68298220872633e-003
 1.07526624057699e+000    7.20953162871274e-003
 1.11455710374249e+000    7.44907940274117e-003
 1.12407930453365e+000    8.11901179668687e-003
 1.18290953516418e+000    8.69364361670785e-003
 1.21218323165582e+000    9.26803973868944e-003
 1.24129193951988e+000    1.01773627746373e-002
 1.26047775992583e+000    1.12301473505576e-002
 1.28968074700565e+000    1.19480835785248e-002
 1.31909586232092e+000    1.22353994885353e-002
 1.36849817137604e+000    1.19487121066298e-002
 1.37858604746173e+000    1.14703236526911e-002
 1.39885607884885e+000    1.03221599368329e-002
 1.42876616004683e+000    9.60469510494455e-003
 1.45846411300935e+000    9.31785059101283e-003
 1.46845770987928e+000    9.03084894505486e-003
 1.48839776401127e+000    8.55253905712928e-003
 1.52839572129493e+000    7.35668577130219e-003
 1.54861861307417e+000    6.30421545943440e-003
 1.57857583388002e+000    5.49105722355566e-003
 1.59886943507108e+000    4.29504680570232e-003
 1.62899164450450e+000    3.14696165585729e-003
 1.67870036101083e+000    2.23826714801444e-003
 1.70856330260093e+000    1.61649572011643e-003
 1.75803632106787e+000    1.18626823222542e-003
 1.81726723836536e+000    9.47506118328272e-004
 1.88625605449339e+000    9.00209378424987e-004
 1.95526844042536e+000    8.05065936526518e-004
 2.02432796596520e+000    6.14229090637681e-004
 2.12284974642819e+000    6.15014750768965e-004
 2.24107588298378e+000    6.15957542926506e-004
 2.35932558934331e+000    5.69053633088862e-004
 2.47766957491859e+000    3.30762915270483e-004
 2.57626206479339e+000    1.88008469416215e-004
 2.69455891076079e+000    4.54111555882041e-005
 2.82266079516662e+000   -1.41418823631085e-006
 2.90147821953701e+000   -7.85660131283808e-007
