Generated by GetData Graph Digitizer 2.22 on December 15 2023, 18:32
from file 'C:\Users\31425\Desktop\Blind Test 3\Fig_13\Fig_13b.jpg'

Line #1
-2.69611451782074e+000    3.11247117609393e-003
-2.57802980008878e+000    3.40049418022258e-003
-2.45973295412138e+000    3.25789686639457e-003
-2.36151758110959e+000    3.88068965246324e-003
-2.22377564689291e+000    4.26456319260851e-003
-2.13576599898650e+000    5.60497794259181e-003
-2.02765130832053e+000    6.13215589068325e-003
-1.90025651803286e+000    7.52073160671425e-003
-1.79178828030782e+000    7.33020902487793e-003
-1.67327930610497e+000    6.75699139309326e-003
-1.55484104131394e+000    6.32731386729415e-003
-1.47609432635536e+000    6.47148250138473e-003
-1.42669201730024e+000    6.18479511947926e-003
-1.38709474668353e+000    5.80233576757031e-003
-1.34754461567471e+000    5.51556981965172e-003
-1.30841874113677e+000    6.09004450764644e-003
-1.25927569992497e+000    6.32967084768800e-003
-1.20013906184324e+000    6.28229554177159e-003
-1.16106032691318e+000    6.95246363375667e-003
-1.11168158766199e+000    6.71362295384640e-003
-1.09221292960878e+000    7.19224710582449e-003
-1.02331839269650e+000    7.33633717390194e-003
-1.00384973464329e+000    7.81496132588004e-003
-9.74434619328025e-001    8.10227723589053e-003
-8.95570055349756e-001    8.00721236000519e-003
-8.66154940034490e-001    8.29452827001567e-003
-8.17059038430565e-001    8.62984801404760e-003
-7.67609589767563e-001    8.24746722815177e-003
-7.18466548555760e-001    8.48709356819334e-003
-6.49383453211975e-001    8.24841002030931e-003
-5.70448179821891e-001    8.00980503843842e-003
-4.91442197019991e-001    7.62765995058198e-003
-4.42252016200312e-001    7.77159288663317e-003
-4.02607605975731e-001    7.29344013073385e-003
-3.53181727116667e-001    6.95890604683320e-003
-3.03873697277295e-001    6.86360547290848e-003
-2.64040728621206e-001    6.00267910104768e-003
-2.24820574867518e-001    6.38576698106166e-003
-9.62944339908001e-002    5.47770100132384e-003
 2.58089353126723e-003    4.76078613152736e-003
 1.10978421844494e-001    4.71380365567659e-003
 2.29463826243405e-001    4.18843272588711e-003
 2.78866135298531e-001    3.90174534398165e-003
 3.77482194977275e-001    3.71114419613220e-003
 4.56063921308282e-001    4.19023974418906e-003
 5.35022764502304e-001    3.90378806032298e-003
 5.74125069236299e-001    4.52610945031289e-003
 6.43208164580084e-001    4.28742590242887e-003
 6.72481861071719e-001    4.86182202441046e-003
 7.90566578803675e-001    5.14984502853910e-003
 8.98115594175116e-001    6.82534382451495e-003
 1.01513967072984e+000    9.26646841842687e-003
 1.12224085982645e+000    1.18510545523112e-002
 1.16127245514863e+000    1.26169160482867e-002
 1.20011549203930e+000    1.37655511602236e-002
 1.24949423129049e+000    1.35267104803133e-002
 1.28852582661267e+000    1.42925719762888e-002
 1.32767527095454e+000    1.48191999622883e-002
 1.42596135337814e+000    1.52984526423714e-002
 1.38704760707566e+000    1.42933576364201e-002
 1.46574718242635e+000    1.45332196745010e-002
 1.53490098718196e+000    1.41509960206314e-002
 1.57445111819078e+000    1.38642300727128e-002
 1.61487333194533e+000    1.18071361509725e-002
 1.65543696452352e+000    9.46296201726095e-003
 1.70561707710861e+000    7.59733346951442e-003
 1.75589146890946e+000    5.54031811378716e-003
 1.78596653873501e+000    4.48792636793250e-003
 1.83584024386890e+000    3.24430494612336e-003
 1.87555536350530e+000    2.62261208423848e-003
 1.91508192471019e+000    2.38369283831507e-003
 1.96448423376532e+000    2.09700545640961e-003
 2.02366801145492e+000    1.95393674650283e-003
 2.13197126055240e+000    2.09834107863279e-003
 2.24018023043412e+000    2.43413221874349e-003
 2.35814709914638e+000    2.96138873284806e-003
 2.44672242234732e+000    3.15348263494695e-003
 2.57458860871376e+000    3.58512431107427e-003
 2.70280834213927e+000    3.29906545727384e-003
