Generated by GetData Graph Digitizer 2.22 on December 15 2023, 18:28
from file 'C:\Users\31425\Desktop\Blind Test 3\Fig_13\Fig_13a.jpg'

Line #1
-2.68467375805156e+000    1.08247422680412e-003
-2.57989280972907e+000    7.73195876288660e-004
-2.46537623129497e+000    8.76288659793814e-004
-2.36015275433104e+000    1.49484536082474e-003
-2.23528592267222e+000    3.29896907216495e-003
-2.12920197334994e+000    5.72164948453608e-003
-2.01340697884058e+000    8.50515463917526e-003
-1.89778407880288e+000    1.09278350515464e-002
-1.79268352646157e+000    1.12886597938144e-002
-1.66848048776490e+000    1.17010309278351e-002
-1.57314015045974e+000    1.15979381443299e-002
-1.52537164210906e+000    1.17525773195876e-002
-1.47799649255077e+000    1.10824742268041e-002
-1.42088571288086e+000    1.08247422680412e-002
-1.38265615524560e+000    1.09793814432990e-002
-1.33528100568731e+000    1.03092783505155e-002
-1.29739563699539e+000    9.74226804123711e-003
-1.25943651352990e+000    9.32989690721650e-003
-1.19271302837100e+000    9.22680412371134e-003
-1.15487682952813e+000    8.55670103092783e-003
-1.11711438545884e+000    7.73195876288660e-003
-1.07930277154049e+000    7.01030927835052e-003
-1.04129447822595e+000    6.70103092783505e-003
-9.74570993067051e-001    6.59793814432990e-003
-9.45904971071739e-001    6.70103092783505e-003
-9.17435628472621e-001    6.39175257731959e-003
-8.69839214593611e-001    6.18556701030928e-003
-8.41296117220920e-001    6.03092783505155e-003
-7.93724288266435e-001    5.77319587628866e-003
-7.17584777014735e-001    5.41237113402062e-003
-6.69742513890482e-001    5.72164948453608e-003
-6.31316276859030e-001    6.28865979381443e-003
-5.84014882074312e-001    5.46391752577320e-003
-5.36025109402914e-001    6.08247422680412e-003
-4.59787258453116e-001    5.92783505154639e-003
-4.02332289839870e-001    6.39175257731959e-003
-3.54342517168472e-001    7.01030927835052e-003
-3.16112959533214e-001    7.16494845360825e-003
-2.68614885352302e-001    6.75257731958763e-003
-2.20748037303525e-001    7.11340206185567e-003
-1.05887269926082e-001    7.93814432989691e-003
-8.85057282874246e-004    8.09278350515464e-003
 1.03945060888663e-001    7.88659793814433e-003
 2.18289544851097e-001    7.62886597938144e-003
 2.56666612033501e-001    8.09278350515464e-003
 3.23414682116926e-001    8.04123711340206e-003
 3.51810269942471e-001    7.57731958762887e-003
 4.08994804385951e-001    7.47422680412371e-003
 4.46880173077869e-001    6.90721649484536e-003
 4.84790126694311e-001    6.39175257731959e-003
 5.22650910461705e-001    5.77319587628866e-003
 5.69976890170947e-001    5.00000000000000e-003
 6.17499549276384e-001    4.63917525773196e-003
 6.65268057627063e-001    4.79381443298969e-003
 7.80448429023323e-001    6.28865979381443e-003
 8.95776309966728e-001    8.09278350515464e-003
 1.00043433366660e+000    7.52577319587629e-003
 1.11445921361021e+000    6.59793814432990e-003
 1.16239981643256e+000    7.11340206185567e-003
 1.20085063838854e+000    7.73195876288660e-003
 1.24896333568256e+000    8.60824742268041e-003
 1.29628931539180e+000    7.83505154639175e-003
 1.34312359661056e+000    6.03092783505155e-003
 1.39049874616885e+000    5.36082474226804e-003
 1.42885122842673e+000    5.77319587628866e-003
 1.46769540917509e+000    7.21649484536083e-003
 1.50717879796109e+000    1.00000000000000e-002
 1.55612738268894e+000    1.26288659793814e-002
 1.60281415436055e+000    1.05154639175258e-002
 1.64861586874928e+000    6.54639175257732e-003
 1.70484159113632e+000    4.43298969072165e-003
 1.73252421615066e+000    2.47422680412371e-003
 1.77967810138823e+000    1.34020618556701e-003
 1.82707783587104e+000    7.21649484536082e-004
 1.89372756625637e+000    4.63917525773196e-004
 1.96042646649075e+000    3.09278350515464e-004
 2.00807205021881e+000    2.06185567010309e-004
 2.12253945880386e+000    2.06185567010309e-004
 2.23698228246439e+000    1.54639175257732e-004
 2.34188615540950e+000    1.03092783505155e-004
 2.45635356399456e+000    1.03092783505155e-004
 2.57084555750414e+000    1.54639175257732e-004
 2.67579860029830e+000    2.06185567010309e-004
