Generated by GetData Graph Digitizer 2.22 on March 06 2022, 13:38
from file 'C:\Users\Li Hang\Desktop\137-081-vh.jpg'

Line #1
 9.20299070338537e-001   -9.76254165935801e-001
 9.27786791790914e-001   -9.09643045079811e-001
 9.31574504472899e-001   -8.64234344851780e-001
 9.35417032099632e-001   -8.03696719873706e-001
 9.10251490966497e-001   -7.49386072618839e-001
 8.99546132257499e-001   -7.04065076302403e-001
 8.85250394667602e-001   -6.49688651113840e-001
 8.78234081740046e-001   -5.86191019119453e-001
 8.63960270128048e-001   -5.25763024030872e-001
 8.46063190668304e-001   -4.65356954920189e-001
 8.24531880371865e-001   -4.07998596737414e-001
 8.10236142781968e-001   -3.53622171548851e-001
 7.99552710050868e-001   -3.02249605332398e-001
 7.96192553937906e-001   -2.29652692510086e-001
 7.92700841957551e-001   -1.93365199087879e-001
 7.67699745658656e-001   -9.36677775828803e-002
 7.64361515523592e-001   -1.50192948605508e-002
 7.50197333801088e-001    7.56665497281179e-002
 7.43246798807227e-001    1.57318891422557e-001
 7.43433169619365e-001    2.08757235572707e-001
 7.50920891071742e-001    2.75368356428697e-001
 7.58386686546220e-001    3.35927907384669e-001
 7.65808630064901e-001    3.84384318540607e-001
 7.80444220312226e-001    4.23807226802315e-001
 7.84231932994212e-001    4.69215927030346e-001
 7.87975793720400e-001    5.02521487458341e-001
 7.91697728468690e-001    5.29775477986318e-001
 7.99064857042624e-001    5.63102964392212e-001
 8.42752368005613e-001    6.20855990177162e-001
 8.50185274513243e-001    6.72338186283108e-001
 8.57596255042975e-001    7.17768812489037e-001
 8.68619540431503e-001    7.60195579722856e-001
 8.79664751797930e-001    8.08673916856692e-001
 8.97934572881951e-001    8.51144536046308e-001
 9.01799026486581e-001    9.17733730924399e-001
 9.01908656376074e-001    9.47991580424487e-001
 9.05696369058060e-001    9.93400280652517e-001
