Generated by GetData Graph Digitizer 2.22 on March 06 2022, 13:37
from file 'C:\Users\Li Hang\Desktop\137-081-vh.jpg'

Line #1
 9.34805963604473e-001   -9.99627274720456e-001
 9.27768033326025e-001   -9.42096031572024e-001
 9.20806840605130e-001   -8.63385222538917e-001
 9.17381056785793e-001   -8.08901556676167e-001
 8.95949353212015e-001   -7.24051743038807e-001
 8.74506687130015e-001   -6.42227581670686e-001
 8.42117956588467e-001   -5.81517211137908e-001
 7.95247752685814e-001   -5.17693488270116e-001
 7.37563034422276e-001   -4.38675729006797e-001
 7.05207191405394e-001   -3.68888401666301e-001
 6.83676825257619e-001   -3.11269458452094e-001
 6.65835343126507e-001   -2.35518526638895e-001
 6.55141416356062e-001   -1.87042315281736e-001
 6.55393554045166e-001   -1.17452313089235e-001
 6.59213988160491e-001   -6.30124972593730e-002
 6.70390265292699e-001    2.16399912299934e-002
 6.66953518965139e-001    7.30980048235037e-002
 6.59937513703135e-001    1.36680552510414e-001
 6.67501644376233e-001    2.24380618285464e-001
 6.85792589344442e-001    2.72681429511072e-001
 7.18630782723087e-001    3.36022802017101e-001
 7.40621574216181e-001    4.05481254110940e-001
 7.58945406709055e-001    4.62859022144267e-001
 7.66377987283490e-001    5.14251260688446e-001
 8.02861214645911e-001    5.83622012716509e-001
 8.24841043630783e-001    6.50054812541109e-001
 8.57624424468318e-001    6.98267923700943e-001
 8.83194474895856e-001    7.55601841701381e-001
 9.05031791273843e-001    7.82701162025871e-001
 9.16109405832054e-001    8.40122780092085e-001
 9.30744354308266e-001    8.79368559526420e-001
 9.30919754439816e-001    9.27778995834247e-001
 9.34641525981144e-001    9.54987941240956e-001
