Generated by GetData Graph Digitizer 2.22 on March 06 2022, 13:35
from file 'C:\Users\Li Hang\Desktop\137-081-vh.jpg'

Line #1
 1.02602445698182e+000   -7.88199697428139e-001
 9.50518031425965e-001   -7.03479576399395e-001
 8.13617918371137e-001   -6.24810892586989e-001
 6.91256547076140e-001   -5.18910741301059e-001
 6.04908873438669e-001   -4.37216338880484e-001
 4.96922396325445e-001   -3.49470499243570e-001
 4.39488358629579e-001   -2.58698940998487e-001
 3.85642582893221e-001   -1.73978819969743e-001
 3.42627132066610e-001   -8.92586989409985e-002
 3.14041191281124e-001   -7.56429652042356e-003
 3.21610949387483e-001    8.92586989409985e-002
 3.58017881232352e-001    1.73978819969743e-001
 4.26915787806463e-001    2.58698940998487e-001
 4.95802771208704e-001    3.40393343419062e-001
 6.08065670109286e-001    4.37216338880484e-001
 7.34725309535383e-001    5.21936459909228e-001
 8.10887125403475e-001    6.18759455370651e-001
 9.59196491477195e-001    7.00453857791225e-001
 1.03895749247667e+000    7.94251134644478e-001
