Generated by GetData Graph Digitizer 2.22 on March 06 2022, 13:39
from file 'C:\Users\Li Hang\Desktop\137-081-vh.jpg'

Line #1
 8.98975997378553e-001   -1.02298134949892e+000
 8.99096147019470e-001   -9.89699898965075e-001
 8.92138390540946e-001   -9.16998443516015e-001
 8.85191556757052e-001   -8.41271401654788e-001
 8.85377242565741e-001   -7.89836432647934e-001
 8.85639387236831e-001   -7.17222358755905e-001
 8.60566341716501e-001   -6.62455967887278e-001
 8.49944021190028e-001   -6.04838753720543e-001
 8.32112722208569e-001   -5.44108571584610e-001
 8.14303268616368e-001   -4.77327216624341e-001
 8.07312744053958e-001   -4.13702520411786e-001
 7.93124163731192e-001   -3.43939269817864e-001
 7.93288004150624e-001   -2.98555473635346e-001
 7.86341170366729e-001   -2.22828431774119e-001
 7.86537778870047e-001   -1.68367876355097e-001
 7.75915458343573e-001   -1.10750662188362e-001
 7.72523961661342e-001   -5.01952431664892e-002
 7.76363288823353e-001    1.32983807105214e-002
 7.80180770596106e-001    7.07408317631959e-002
 7.80366456404795e-001    1.22175800770050e-001
 7.80617678381257e-001    1.91764288249911e-001
 7.84413314764753e-001    2.43155566478250e-001
 7.88219873842877e-001    2.97572431118757e-001
 7.95680074274324e-001    3.64047950629420e-001
 8.03107506621884e-001    4.21446710903580e-001
 8.17820376286830e-001    4.96911608093717e-001
 8.28912372682341e-001    5.69394609650201e-001
 8.36339805029901e-001    6.26793369924360e-001
 8.47388110646897e-001    6.87174025832173e-001
 8.65776467054422e-001    7.80748750716802e-001
 8.83957292264002e-001    8.16837333770241e-001
 8.87752928647497e-001    8.68228611998580e-001
 8.87752928647497e-001    1.08228611998580e-000
