Generated by GetData Graph Digitizer 2.22 on December 16 2023, 17:57
from file 'C:\Users\31425\Desktop\2015-Krogstad-Blind Test 3\Fig_16\Fig_16b.jpg'

Line #1
-2.69838420107720e+000    1.18579234972678e+000
-2.57989228007181e+000    1.18961748633880e+000
-2.45062836624776e+000    1.16284153005464e+000
-2.35368043087971e+000    1.13606557377049e+000
-2.23518850987433e+000    1.10928961748634e+000
-2.13824057450628e+000    1.07103825136612e+000
-1.99820466786355e+000    1.03278688524590e+000
-1.91202872531418e+000    9.94535519125683e-001
-1.79353680430880e+000    9.48633879781421e-001
-1.68581687612208e+000    9.06557377049180e-001
-1.56732495511670e+000    8.75956284153005e-001
-1.47037701974865e+000    8.53005464480874e-001
-1.40574506283662e+000    8.30054644808743e-001
-1.29802513464991e+000    8.03278688524590e-001
-1.22262118491921e+000    7.76502732240437e-001
-1.11490125673250e+000    7.53551912568306e-001
-1.00718132854578e+000    7.30601092896175e-001
-8.99461400359066e-001    7.03825136612022e-001
-8.24057450628366e-001    6.77049180327869e-001
-7.37881508078995e-001    6.65573770491803e-001
-6.73249551166966e-001    6.42622950819672e-001
-5.65529622980252e-001    6.31147540983606e-001
-4.57809694793537e-001    6.12021857923497e-001
-3.07001795332137e-001    5.96721311475410e-001
-2.20825852782765e-001    5.81420765027322e-001
-1.23877917414722e-001    5.69945355191257e-001
 5.38599640933590e-003    5.62295081967213e-001
 1.13105924596050e-001    5.50819672131147e-001
 2.20825852782765e-001    5.43169398907104e-001
 3.17773788150808e-001    5.35519125683060e-001
 3.93177737881508e-001    5.24043715846995e-001
 4.57809694793537e-001    5.24043715846995e-001
 4.47037701974866e-001    5.58469945355191e-001
 5.33213644524237e-001    5.50819672131147e-001
 6.40933572710951e-001    5.62295081967213e-001
 7.91741472172352e-001    5.85245901639344e-001
 8.88689407540395e-001    6.34972677595628e-001
 1.00718132854578e+000    7.07650273224044e-001
 1.12567324955117e+000    7.72677595628415e-001
 1.16876122082585e+000    8.10928961748634e-001
 1.21184919210054e+000    8.33879781420765e-001
 1.24416517055655e+000    8.72131147540984e-001
 1.28725314183124e+000    8.98907103825137e-001
 1.34111310592460e+000    9.18032786885246e-001
 1.37342908438061e+000    9.56284153005464e-001
 1.41651705565530e+000    9.83060109289617e-001
 1.45960502692998e+000    1.01366120218579e+000
 1.52423698384201e+000    1.04426229508197e+000
 1.55655296229803e+000    1.07486338797814e+000
 1.59964093357271e+000    1.09781420765027e+000
 1.65350089766607e+000    1.11693989071038e+000
 1.71813285457810e+000    1.13224043715847e+000
 1.80430879712747e+000    1.13989071038251e+000
 1.87971274685817e+000    1.14371584699454e+000
 1.96588868940754e+000    1.14371584699454e+000
 2.03052064631957e+000    1.14371584699454e+000
 2.12746858168761e+000    1.14754098360656e+000
 2.23518850987433e+000    1.15519125683060e+000
 2.34290843806104e+000    1.17431693989071e+000
 2.47217235188510e+000    1.19344262295082e+000
 2.55834829443447e+000    1.20874316939891e+000
 2.68761220825853e+000    1.23169398907104e+000
