Generated by GetData Graph Digitizer 2.22 on December 16 2023, 17:54
from file 'C:\Users\31425\Desktop\2015-Krogstad-Blind Test 3\Fig_16\Fig_16a.jpg'

Line #1
-2.87096774193548e+000    1.11176470588235e+000
-2.79569892473118e+000    1.11176470588235e+000
-2.68817204301075e+000    1.11176470588235e+000
-2.61290322580645e+000    1.11550802139037e+000
-2.50537634408602e+000    1.11550802139037e+000
-2.37634408602151e+000    1.11550802139037e+000
-2.26881720430108e+000    1.11176470588235e+000
-2.15053763440860e+000    1.11176470588235e+000
-2.05376344086022e+000    1.10053475935829e+000
-1.94623655913979e+000    1.08556149732620e+000
-1.86021505376344e+000    1.06684491978610e+000
-1.80645161290323e+000    1.03689839572193e+000
-1.75268817204301e+000    1.01069518716578e+000
-1.65591397849462e+000    9.73262032085561e-001
-1.62365591397849e+000    9.43315508021390e-001
-1.56989247311828e+000    9.05882352941176e-001
-1.50537634408602e+000    8.72192513368984e-001
-1.41935483870968e+000    8.27272727272727e-001
-1.33333333333333e+000    7.93582887700535e-001
-1.23655913978495e+000    7.63636363636364e-001
-1.17204301075269e+000    7.37433155080214e-001
-9.46236559139785e-001    6.55080213903743e-001
-8.70967741935484e-001    6.32620320855615e-001
-1.10752688172043e+000    7.14973262032086e-001
-1.04301075268817e+000    7.00000000000000e-001
-9.89247311827957e-001    6.81283422459893e-001
-9.24731182795699e-001    6.51336898395722e-001
-8.38709677419355e-001    6.17647058823529e-001
-7.74193548387097e-001    5.98930481283422e-001
-6.98924731182796e-001    5.80213903743316e-001
-6.45161290322581e-001    5.61497326203208e-001
-5.69892473118280e-001    5.50267379679144e-001
-4.51612903225806e-001    5.42780748663102e-001
-3.76344086021505e-001    5.31550802139037e-001
-3.11827956989247e-001    5.24064171122995e-001
-2.58064516129032e-001    5.20320855614973e-001
-1.72043010752688e-001    5.12834224598930e-001
-1.07526881720430e-001    5.20320855614973e-001
-4.30107526881720e-002    5.24064171122995e-001
 1.07526881720430e-002    5.20320855614973e-001
 9.67741935483870e-002    5.16577540106952e-001
 1.50537634408602e-001    5.16577540106952e-001
 2.04301075268817e-001    5.16577540106952e-001
 2.68817204301075e-001    5.16577540106952e-001
 3.76344086021505e-001    5.16577540106952e-001
 4.19354838709678e-001    5.24064171122995e-001
 4.94623655913979e-001    5.27807486631016e-001
 5.59139784946237e-001    5.42780748663102e-001
 6.02150537634408e-001    5.57754010695187e-001
 6.34408602150538e-001    5.76470588235294e-001
 6.77419354838710e-001    5.95187165775401e-001
 7.20430107526882e-001    6.13903743315508e-001
 7.63440860215054e-001    6.40106951871658e-001
 7.95698924731183e-001    6.58823529411765e-001
 8.38709677419355e-001    6.92513368983957e-001
 8.92473118279570e-001    7.11229946524064e-001
 9.46236559139785e-001    7.29946524064171e-001
 9.89247311827957e-001    7.56149732620321e-001
 1.04301075268817e+000    7.71122994652406e-001
 1.08602150537634e+000    7.93582887700535e-001
 1.10752688172043e+000    8.08556149732620e-001
 1.15053763440860e+000    8.19786096256684e-001
 1.20430107526882e+000    8.23529411764706e-001
 1.24731182795699e+000    8.42245989304813e-001
 1.25806451612903e+000    8.53475935828877e-001
 1.27956989247312e+000    8.72192513368984e-001
 1.31182795698925e+000    8.94652406417112e-001
 1.33333333333333e+000    9.13368983957219e-001
 1.34408602150538e+000    9.28342245989305e-001
 1.35483870967742e+000    9.35828877005348e-001
 1.35483870967742e+000    9.65775401069519e-001
 1.37634408602151e+000    9.95721925133690e-001
 1.39784946236559e+000    1.02941176470588e+000
 1.41935483870968e+000    1.05561497326203e+000
 1.44086021505376e+000    1.07807486631016e+000
 1.47311827956989e+000    1.10802139037433e+000
 1.53763440860215e+000    1.10802139037433e+000
 1.59139784946237e+000    1.11176470588235e+000
 1.68817204301075e+000    1.11176470588235e+000
 1.78494623655914e+000    1.10802139037433e+000
 1.89247311827957e+000    1.11176470588235e+000
 2.05376344086022e+000    1.10802139037433e+000
 2.21505376344086e+000    1.10802139037433e+000
 2.38709677419355e+000    1.10802139037433e+000
 2.50537634408602e+000    1.10802139037433e+000
 2.62365591397850e+000    1.10802139037433e+000
 2.76344086021505e+000    1.10802139037433e+000
 2.89247311827957e+000    1.10802139037433e+000
