Generated by GetData Graph Digitizer 2.22 on December 16 2023, 17:53
from file 'C:\Users\31425\Desktop\2015-Krogstad-Blind Test 3\Fig_16\Fig_16a.jpg'

Line #1
-2.68817204301075e+000    1.24652406417112e+000
-2.58064516129032e+000    1.23529411764706e+000
-2.46236559139785e+000    1.22780748663102e+000
-2.35483870967742e+000    1.22780748663102e+000
-2.23655913978495e+000    1.21283422459893e+000
-2.12903225806452e+000    1.18663101604278e+000
-2.02150537634409e+000    1.14171122994652e+000
-1.91397849462366e+000    1.10053475935829e+000
-1.79569892473118e+000    1.05187165775401e+000
-1.67741935483871e+000    1.00320855614973e+000
-1.58064516129032e+000    9.54545454545454e-001
-1.52688172043011e+000    9.32085561497326e-001
-1.47311827956989e+000    9.17112299465241e-001
-1.44086021505376e+000    9.02139037433155e-001
-1.38709677419355e+000    8.79679144385027e-001
-1.33333333333333e+000    8.57219251336898e-001
-1.27956989247312e+000    8.38502673796791e-001
-1.21505376344086e+000    8.19786096256684e-001
-1.16129032258065e+000    8.01069518716577e-001
-1.10752688172043e+000    7.82352941176471e-001
-1.02150537634409e+000    7.67379679144385e-001
-9.35483870967742e-001    7.63636363636364e-001
-8.49462365591398e-001    7.59893048128342e-001
-7.63440860215054e-001    7.63636363636364e-001
-6.98924731182796e-001    7.71122994652406e-001
-6.12903225806452e-001    7.67379679144385e-001
-5.48387096774194e-001    7.67379679144385e-001
-4.62365591397850e-001    7.63636363636364e-001
-3.54838709677419e-001    7.56149732620321e-001
-2.25806451612903e-001    7.48663101604278e-001
-1.07526881720430e-001    7.37433155080214e-001
 1.07526881720430e-002    7.29946524064171e-001
 1.07526881720430e-001    7.22459893048128e-001
 2.25806451612903e-001    7.11229946524064e-001
 2.79569892473118e-001    7.00000000000000e-001
 3.22580645161290e-001    6.88770053475936e-001
 3.97849462365591e-001    6.73796791443850e-001
 5.05376344086021e-001    6.47593582887701e-001
 5.69892473118279e-001    6.28877005347594e-001
 6.23655913978495e-001    6.13903743315508e-001
 6.77419354838710e-001    6.21390374331551e-001
 7.84946236559140e-001    6.28877005347594e-001
 8.92473118279570e-001    6.85026737967914e-001
 9.89247311827957e-001    7.52406417112300e-001
 1.10752688172043e+000    8.34759358288770e-001
 1.16129032258065e+000    8.68449197860963e-001
 1.19354838709677e+000    9.02139037433155e-001
 1.23655913978495e+000    9.35828877005348e-001
 1.27956989247312e+000    9.62032085561497e-001
 1.32258064516129e+000    9.95721925133690e-001
 1.36559139784946e+000    1.01443850267380e+000
 1.41935483870968e+000    1.04064171122995e+000
 1.47311827956989e+000    1.07058823529412e+000
 1.51612903225806e+000    1.11550802139037e+000
 1.55913978494624e+000    1.16042780748663e+000
 1.59139784946237e+000    1.19037433155080e+000
 1.64516129032258e+000    1.21657754010695e+000
 1.73118279569893e+000    1.22406417112299e+000
 1.82795698924731e+000    1.22780748663102e+000
 1.94623655913979e+000    1.22780748663102e+000
 2.01075268817204e+000    1.22406417112299e+000
 2.11827956989247e+000    1.21657754010695e+000
 2.23655913978495e+000    1.22406417112299e+000
 2.33333333333333e+000    1.23155080213904e+000
 2.46236559139785e+000    1.23529411764706e+000
 2.55913978494624e+000    1.24278074866310e+000
 2.68817204301075e+000    1.24652406417112e+000
