Generated by GetData Graph Digitizer 2.22 on December 16 2023, 17:58
from file 'C:\Users\31425\Desktop\2015-Krogstad-Blind Test 3\Fig_16\Fig_16b.jpg'

Line #1
-2.85996409335727e+000    1.11693989071038e+000
-2.76301615798923e+000    1.11311475409836e+000
-2.57989228007181e+000    1.10928961748634e+000
-2.49371633752244e+000    1.11311475409836e+000
-2.33213644524237e+000    1.11693989071038e+000
-2.19210053859964e+000    1.10928961748634e+000
-2.10592459605027e+000    1.10546448087432e+000
-1.95511669658887e+000    1.09016393442623e+000
-1.85816876122083e+000    1.05956284153005e+000
-1.79353680430880e+000    1.03661202185792e+000
-1.71813285457810e+000    1.00218579234973e+000
-1.65350089766607e+000    9.71584699453552e-001
-1.58886894075404e+000    9.37158469945355e-001
-1.51346499102334e+000    8.98907103825137e-001
-1.45960502692998e+000    8.75956284153005e-001
-1.41651705565530e+000    8.49180327868852e-001
-1.35188509874327e+000    8.10928961748634e-001
-1.28725314183124e+000    7.76502732240437e-001
-1.21184919210054e+000    7.45901639344262e-001
-1.15798922800718e+000    7.22950819672131e-001
-1.06104129263914e+000    7.00000000000000e-001
-9.64093357271095e-001    6.69398907103825e-001
-8.88689407540395e-001    6.46448087431694e-001
-8.02513464991023e-001    6.15846994535519e-001
-7.16337522441652e-001    5.92896174863388e-001
-6.40933572710952e-001    5.69945355191257e-001
-5.43985637342908e-001    5.50819672131147e-001
-4.47037701974866e-001    5.31693989071038e-001
-3.50089766606822e-001    5.24043715846995e-001
-2.53141831238779e-001    5.12568306010929e-001
-1.66965888689408e-001    5.04918032786885e-001
-4.84739676840213e-002    4.93442622950820e-001
 4.84739676840218e-002    4.93442622950820e-001
 1.77737881508079e-001    4.93442622950820e-001
 2.85457809694794e-001    4.85792349726776e-001
 3.93177737881508e-001    4.78142076502732e-001
 4.68581687612208e-001    4.89617486338798e-001
 5.43985637342908e-001    5.01092896174863e-001
 6.08617594254937e-001    5.12568306010929e-001
 6.62477558348295e-001    5.27868852459016e-001
 7.16337522441652e-001    5.54644808743169e-001
 7.91741472172352e-001    5.89071038251366e-001
 8.56373429084381e-001    6.12021857923497e-001
 8.99461400359066e-001    6.65573770491803e-001
 9.31777378815081e-001    6.92349726775956e-001
 9.85637342908438e-001    7.30601092896175e-001
 1.03949730700180e+000    7.49726775956284e-001
 1.10412926391382e+000    7.87978142076503e-001
 1.13644524236984e+000    8.10928961748634e-001
 1.16876122082585e+000    8.37704918032787e-001
 1.21184919210054e+000    8.64480874316940e-001
 1.26570915619390e+000    9.02732240437159e-001
 1.30879712746858e+000    9.33333333333333e-001
 1.35188509874327e+000    9.60109289617486e-001
 1.41651705565530e+000    1.01366120218579e+000
 1.47037701974865e+000    1.06338797814208e+000
 1.51346499102334e+000    1.09781420765027e+000
 1.58886894075404e+000    1.11311475409836e+000
 1.63195691202873e+000    1.11693989071038e+000
 1.72890484739677e+000    1.11693989071038e+000
 1.84739676840215e+000    1.11311475409836e+000
 1.97666068222621e+000    1.10928961748634e+000
 2.07360861759426e+000    1.10928961748634e+000
 2.27827648114901e+000    1.10928961748634e+000
 2.41831238779174e+000    1.10928961748634e+000
 2.54757630161580e+000    1.10928961748634e+000
 2.69838420107720e+000    1.10928961748634e+000
 2.82764811490126e+000    1.10928961748634e+000
 2.90305206463196e+000    1.11311475409836e+000
