Generated by GetData Graph Digitizer 2.22 on December 17 2023, 20:06
from file 'C:\Users\31425\Desktop\Blind-Test\Fig_6\Fig_6b.jpg'

Line #1
-2.88652482269504e+000    0.00000000000000e+000
-2.43262411347518e+000    0.00000000000000e+000
-2.27659574468085e+000    0.00000000000000e+000
-2.13475177304965e+000    8.53242320819113e-005
-1.99290780141844e+000    8.53242320819113e-005
-1.85106382978723e+000    3.41296928327645e-004
-1.76595744680851e+000    8.53242320819113e-004
-1.70921985815603e+000    1.79180887372014e-003
-1.63829787234043e+000    3.24232081911263e-003
-1.56737588652482e+000    5.37542662116041e-003
-1.49645390070922e+000    7.59385665529010e-003
-1.42553191489362e+000    9.12969283276450e-003
-1.28368794326241e+000    1.07508532423208e-002
-1.19858156028369e+000    1.01535836177474e-002
-1.14184397163121e+000    8.95904436860068e-003
-1.07092198581560e+000    6.31399317406143e-003
-1.00000000000000e+000    3.24232081911263e-003
-8.58156028368794e-001    1.36518771331058e-003
-7.02127659574468e-001    1.19453924914676e-003
-5.60283687943262e-001    1.02389078498294e-003
-4.18439716312057e-001    1.02389078498294e-003
-3.47517730496454e-001    1.45051194539249e-003
-2.76595744680851e-001    1.96245733788396e-003
-2.19858156028369e-001    2.64505119453925e-003
-1.34751773049645e-001    3.66894197952218e-003
-6.38297872340425e-002    4.52218430034130e-003
 7.09219858156018e-003    4.94880546075085e-003
-7.09219858156018e-003    5.37542662116041e-003
 7.80141843971629e-002    5.71672354948805e-003
 1.48936170212766e-001    6.74061433447099e-003
 2.90780141843972e-001    8.53242320819113e-003
 4.32624113475177e-001    8.19112627986348e-003
 5.74468085106383e-001    7.25255972696246e-003
 6.59574468085106e-001    6.99658703071672e-003
 8.01418439716312e-001    5.97269624573379e-003
 8.72340425531915e-001    6.48464163822526e-003
 9.29078014184397e-001    7.42320819112628e-003
 1.00000000000000e+000    9.98293515358362e-003
 1.07092198581560e+000    1.34812286689420e-002
 1.14184397163121e+000    1.63822525597270e-002
 1.28368794326241e+000    1.92832764505119e-002
 1.36879432624113e+000    1.87713310580205e-002
 1.43971631205674e+000    1.64675767918089e-002
 1.51063829787234e+000    1.31399317406143e-002
 1.58156028368794e+000    8.78839590443686e-003
 1.65248226950355e+000    5.37542662116041e-003
 1.72340425531915e+000    2.47440273037543e-003
 1.80851063829787e+000    1.27986348122867e-003
 1.92198581560284e+000    2.55972696245734e-004
 2.06382978723404e+000    8.53242320819113e-005
 2.21985815602837e+000    8.53242320819113e-005
 2.36170212765957e+000    0.00000000000000e+000
 2.50354609929078e+000    0.00000000000000e+000
