Generated by GetData Graph Digitizer 2.22 on December 17 2023, 20:07
from file 'C:\Users\31425\Desktop\Blind-Test\Fig_6\Fig_6b.jpg'

Line #1
-3.00000000000000e+000    0.00000000000000e+000
-1.92198581560284e+000    5.11945392491468e-004
-1.83687943262411e+000    1.02389078498294e-003
-1.72340425531915e+000    2.13310580204778e-003
-1.60992907801418e+000    3.83959044368601e-003
-1.56737588652482e+000    6.48464163822526e-003
-1.51063829787234e+000    9.55631399317406e-003
-1.49645390070922e+000    1.06655290102389e-002
-1.38297872340426e+000    1.97098976109215e-002
-1.28368794326241e+000    2.67918088737201e-002
-1.22695035460993e+000    2.85836177474403e-002
-1.17021276595745e+000    2.64505119453925e-002
-1.05673758865248e+000    2.96928327645051e-002
-9.71631205673759e-001    2.57679180887372e-002
-8.58156028368794e-001    1.89419795221843e-002
-7.44680851063830e-001    1.16894197952218e-002
-6.45390070921986e-001    8.78839590443686e-003
-5.31914893617021e-001    7.67918088737201e-003
-4.32624113475177e-001    9.38566552901024e-003
-3.19148936170213e-001    1.26279863481229e-002
-2.05673758865248e-001    1.56143344709898e-002
-1.06382978723405e-001    1.14334470989761e-002
-7.09219858156018e-003    9.81228668941980e-003
 1.06382978723404e-001    1.47610921501707e-002
 2.19858156028369e-001    1.85153583617747e-002
 3.19148936170213e-001    1.01535836177474e-002
 4.32624113475177e-001    6.48464163822526e-003
 5.31914893617021e-001    9.04436860068259e-003
 6.02836879432624e-001    7.67918088737201e-003
 6.45390070921986e-001    8.70307167235495e-003
 7.58865248226950e-001    1.09215017064846e-002
 8.58156028368795e-001    1.84300341296928e-002
 9.71631205673758e-001    2.36348122866894e-002
 1.07092198581560e+000    2.70477815699659e-002
 1.18439716312057e+000    2.64505119453925e-002
 1.28368794326241e+000    2.32081911262799e-002
 1.39716312056738e+000    1.97952218430034e-002
 1.51063829787234e+000    1.09215017064846e-002
 1.58156028368794e+000    6.74061433447099e-003
 1.69503546099291e+000    2.73037542662116e-003
 1.92198581560284e+000    6.82593856655290e-004
