Generated by GetData Graph Digitizer 2.22 on December 17 2023, 20:26
from file 'C:\Users\31425\Desktop\Blind-Test\Fig_6\Fig_6f.jpg'

Line #1
-3.00000000000000e+000    1.70648464163823e-004
-2.14893617021277e+000    1.12131774501973e-003
-2.03546099290780e+000    1.80552529873567e-003
-1.92198581560284e+000    2.57505708453352e-003
-1.82269503546099e+000    4.70957487150937e-003
-1.70921985815603e+000    7.18559129894545e-003
-1.60992907801418e+000    1.05999725671500e-002
-1.51063829787234e+000    1.47822719240917e-002
-1.38297872340426e+000    1.83677050807252e-002
-1.26950354609929e+000    1.90519126344411e-002
-1.22695035460993e+000    1.84552481462655e-002
-1.12765957446809e+000    2.13576840219786e-002
-1.07092198581560e+000    2.12731666384270e-002
-9.71631205673759e-001    1.93121212854711e-002
-8.72340425531915e-001    1.85456151816619e-002
-7.58865248226950e-001    1.56462049879376e-002
-6.45390070921986e-001    1.27467947942133e-002
-4.32624113475177e-001    1.01900935137447e-002
-3.75886524822695e-001    1.05321972906026e-002
-3.19148936170213e-001    9.93573451455958e-003
-2.19858156028369e-001    7.97468916160369e-003
-7.09219858156018e-003    7.38044521901903e-003
 1.06382978723404e-001    7.04076198775204e-003
 2.05673758865248e-001    7.04217397268011e-003
 3.19148936170213e-001    6.95846343765885e-003
 4.18439716312057e-001    9.26362968879852e-003
 5.03546099290780e-001    8.41159764077490e-003
 5.31914893617021e-001    9.52121608210491e-003
 6.31205673758865e-001    1.30209215823913e-002
 7.44680851063830e-001    1.47290199210902e-002
 8.43971631205674e-001    1.60102953872470e-002
 9.57446808510638e-001    1.58412606201438e-002
 1.07092198581560e+000    1.72080620305150e-002
 1.15602836879433e+000    1.72092723033105e-002
 1.28368794326241e+000    1.78936815691590e-002
 1.36879432624113e+000    1.61884072003163e-002
 1.48226950354610e+000    1.53367785765578e-002
 1.59574468085106e+000    1.22667199186697e-002
 1.70921985815603e+000    1.15004155269931e-002
 1.82269503546099e+000    8.08905994077732e-003
 2.03546099290780e+000    3.14328016201519e-003
 2.14893617021277e+000    1.60905768160143e-003
 2.24822695035461e+000    8.42551577792301e-004
