Generated by GetData Graph Digitizer 2.22 on December 17 2023, 20:14
from file 'C:\Users\31425\Desktop\Blind-Test\Fig_6\Fig_6d.jpg'

Line #1
-2.64539150394414e+000    5.05140307771887e-006
-2.50357235225656e+000    9.25417043838097e-005
-2.34754461399198e+000    9.47643217380060e-005
-2.20570121556964e+000    9.67848829690935e-005
-1.99298461140566e+000    2.70755204965731e-004
-1.92213565239881e+000    5.28174705806285e-004
-1.85138368033105e+000    1.12747316694685e-003
-1.78092266908056e+000    2.75240850898746e-003
-1.71075261864736e+000    5.40298073192810e-003
-1.64060681494892e+000    8.13902269494375e-003
-1.57048525798526e+000    1.09605343980344e-002
-1.50031520755205e+000    1.36111066209750e-002
-1.42973296262770e+000    1.48086932626406e-002
-1.37323807060649e+000    1.56641988878831e-002
-1.28859271951377e+000    1.72893362860468e-002
-1.21745279968964e+000    1.65211189059873e-002
-1.13208004655373e+000    1.55821641019009e-002
-1.07483350575456e+000    1.37881077848183e-002
-1.00340262511315e+000    1.19942535238588e-002
-9.31777770593560e-001    9.51664134229924e-003
-8.60565110565111e-001    8.49201474201474e-003
-7.18624725203672e-001    8.15215634294582e-003
-6.33154985128670e-001    6.87132257855942e-003
-5.76247898616320e-001    6.27384262252683e-003
-5.05132225526962e-001    5.59109498254235e-003
-4.33822578559421e-001    4.22458942195784e-003
-3.34507952929005e-001    4.14053407474460e-003
-2.77552372947110e-001    3.37211463856201e-003
-1.35636234320445e-001    3.11772597956809e-003
-5.04574550627184e-002    2.86252909608173e-003
 6.15867063235509e-003    3.29068602094918e-003
 1.33769235742920e-001    3.46344400620716e-003
 2.18802534592008e-001    3.72106556317083e-003
 3.03787339971550e-001    4.14962660028449e-003
 3.60257985257985e-001    5.09060196560197e-003
 4.30791736712790e-001    6.45912808741756e-003
 5.58014354066986e-001    7.99940191387560e-003
 6.42635458424932e-001    9.71000905211432e-003
 7.13363183757920e-001    1.03947772533299e-002
 7.83799948273632e-001    1.21051823354455e-002
 8.54382193197983e-001    1.33027689771111e-002
 9.39100284495021e-001    1.46714971550498e-002
 9.95498189577137e-001    1.58688817405923e-002
 1.06605618776671e+000    1.71519381223329e-002
 1.13666267942584e+000    1.82640550239234e-002
 1.27802114315272e+000    1.99754703866546e-002
 1.36305444200181e+000    2.02330919436183e-002
 1.42032522953576e+000    1.83535658864606e-002
 1.49197433079012e+000    1.57904839648261e-002
 1.57763804474331e+000    1.38258922798397e-002
 1.63529678003362e+000    1.05788503814820e-002
 1.70709136169662e+000    7.50295001939739e-003
 1.77895868356395e+000    4.17064043708781e-003
 1.85031682400103e+000    2.63319539635329e-003
 1.92155373076426e+000    1.52309905599379e-003
 2.06376083020820e+000    2.43073516099832e-004
 2.21981281520755e+000    1.59826393379025e-004
 2.37584055347213e+000    1.62049010733221e-004
 2.48933951894478e+000    7.81957196430881e-005
 2.57442131126342e+000    1.64877796456744e-004
