Generated by GetData Graph Digitizer 2.22 on December 17 2023, 20:16
from file 'C:\Users\31425\Desktop\Blind-Test\Fig_6\Fig_6d.jpg'

Line #1
-3.00000000000000e+000    0.00000000000000e+000
-2.02145027802923e+000    6.12230053019527e-004
-1.93646547264968e+000    1.04079109013320e-003
-1.75291769041769e+000    4.03485872235872e-003
-1.59829626276995e+000    8.99432626406311e-003
-1.49980602612182e+000    1.18162420794000e-002
-1.40184921763869e+000    1.65184921763869e-002
-1.29048396482607e+000    2.39559760118971e-002
-1.19172701409544e+000    2.58377246864089e-002
-1.13542609595241e+000    2.73769882322514e-002
-6.35919112892797e-001    1.66148729471098e-002
-1.07815530841847e+000    2.54974621750938e-002
-1.02149068925385e+000    2.57546796198112e-002
-9.64510862537178e-001    2.49007904435536e-002
-9.07773503168240e-001    2.49015986680460e-002
-7.50169727143411e-001    1.93482881805250e-002
-5.49770464244149e-001    1.29408864606233e-002
-4.49995150653046e-001    1.12329060519850e-002
-3.22942260442260e-001    1.33714680589681e-002
-2.23166946851157e-001    1.16634876503298e-002
-1.80807901202638e-001    1.23478517392991e-002
-8.13235484288115e-002    1.16655082115608e-002
-2.43194749773696e-002    1.07261492952282e-002
 1.03145609724557e-001    1.14117257209362e-002
 1.59713241950084e-001    1.20108221259537e-002
 2.16571834992887e-001    1.15842816500711e-002
 2.58858140437088e-001    1.25250549592655e-002
 3.30119293935083e-001    1.13294888788310e-002
 4.14958618905987e-001    1.22708683563947e-002
 5.28991012543644e-001    1.03066807836545e-002
 6.42126276994698e-001    1.15048735936894e-002
 7.55019074098021e-001    1.35577638044743e-002
 8.53460817276607e-001    1.65506190999612e-002
 9.81144122591491e-001    1.64669678649942e-002
 1.06518330531488e+000    2.02288487650330e-002
 1.13513513513514e+000    2.36486486486487e-002
 1.17797911547912e+000    2.26236179361179e-002
 1.27765744213113e+000    2.12575164877796e-002
 1.34935503685504e+000    1.85234950859951e-002
 1.50499482736325e+000    1.98932335445493e-002
 1.60542480279322e+000    1.58775701538859e-002
 1.72040281908703e+000    1.05800627182206e-002
 1.82092978145610e+000    6.22252036725721e-003
 1.93559259019785e+000    2.03611955256692e-003
 2.03519817664554e+000    9.26427324453640e-004
