Generated by GetData Graph Digitizer 2.22 on December 17 2023, 20:02
from file 'C:\Users\31425\Desktop\Blind-Test\Fig_6\Fig_6a.jpg'

Line #1
-3.00000000000000e+000    1.11331058020478e+000
-2.90582959641256e+000    1.11331058020478e+000
-2.79820627802691e+000    1.11569965870307e+000
-1.72197309417040e+000    1.11331058020478e+000
-1.53363228699552e+000    1.05597269624573e+000
-1.45291479820628e+000    1.00341296928328e+000
-1.37219730941704e+000    9.41296928327645e-001
-1.30493273542601e+000    8.88737201365188e-001
-1.27802690582960e+000    8.67235494880546e-001
-1.17040358744395e+000    7.43003412969283e-001
-1.07623318385650e+000    6.23549488054608e-001
-9.68609865470852e-001    5.30375426621160e-001
-7.53363228699552e-001    4.20477815699659e-001
-6.32286995515695e-001    3.96587030716724e-001
-5.38116591928251e-001    4.20477815699659e-001
-3.22869955156951e-001    5.90102389078498e-001
-1.07623318385650e-001    8.40955631399317e-001
 0.00000000000000e+000    8.69624573378840e-001
 1.07623318385651e-001    8.21843003412969e-001
 2.15246636771300e-001    7.19112627986348e-001
 3.22869955156951e-001    5.68600682593857e-001
 3.90134529147982e-001    5.18430034129693e-001
 4.30493273542601e-001    4.73037542662116e-001
 5.38116591928251e-001    4.27645051194539e-001
 6.32286995515695e-001    4.08532423208191e-001
 7.53363228699552e-001    4.39590443686007e-001
 8.60986547085202e-001    5.13651877133106e-001
 1.00896860986547e+000    6.40273037542662e-001
 1.10313901345291e+000    7.19112627986348e-001
 1.19730941704036e+000    7.97952218430034e-001
 1.30493273542601e+000    8.86348122866894e-001
 1.46636771300448e+000    1.00819112627986e+000
 1.66816143497758e+000    1.11808873720137e+000
 1.82959641255605e+000    1.12286689419795e+000
 1.93721973094170e+000    1.12525597269625e+000
 2.04484304932735e+000    1.12286689419795e+000
 3.01345291479821e+000    1.11808873720137e+000
