Generated by GetData Graph Digitizer 2.22 on December 17 2023, 20:11
from file 'C:\Users\31425\Desktop\Blind-Test\Fig_6\Fig_6c.jpg'

Line #1
-2.98944463608141e+000    1.09846153846154e+000
-2.89529722892952e+000    1.09606837606838e+000
-2.78767391054387e+000    1.09606837606838e+000
-2.66659767736001e+000    1.09606837606838e+000
-2.57242727377257e+000    1.09606837606838e+000
-2.46478095895136e+000    1.09846153846154e+000
-2.34370472576751e+000    1.09846153846154e+000
-2.24953432218006e+000    1.09846153846154e+000
-2.12845808899621e+000    1.09846153846154e+000
-2.02085776704611e+000    1.09606837606838e+000
-1.92671035989422e+000    1.09367521367521e+000
-1.81917902725078e+000    1.08410256410256e+000
-1.71173968034955e+000    1.06495726495726e+000
-1.49722892951593e+000    9.88376068376068e-001
-1.16269978153386e+000    8.01709401709402e-001
-1.05567437047258e+000    7.39487179487179e-001
-9.48556973669081e-001    6.86837606837607e-001
-8.54892491663792e-001    6.34188034188034e-001
-7.47798091295849e-001    5.79145299145299e-001
-5.19420489824077e-001    5.45641025641026e-001
-4.25181096929976e-001    5.52820512820513e-001
-3.17626767850983e-001    5.45641025641026e-001
-2.09842474416465e-001    5.62393162393162e-001
-1.02219156030815e-001    5.62393162393162e-001
 1.87650914108310e-002    5.52820512820513e-001
 1.12820512820513e-001    5.40854700854701e-001
 2.20259859721743e-001    5.21709401709402e-001
 3.68149936759802e-001    5.12136752136752e-001
 5.42945843394274e-001    5.02564102564103e-001
 6.50753133264344e-001    5.21709401709402e-001
 8.53328734046223e-001    6.03076923076923e-001
 9.61319995400713e-001    6.41367521367521e-001
 1.04240542715879e+000    6.79658119658120e-001
 1.17757847533632e+000    7.46666666666667e-001
 1.40774979878119e+000    8.99829059829060e-001
 1.71843164309532e+000    1.03145299145299e+000
 1.83985282281246e+000    1.06735042735043e+000
 1.93425319075543e+000    1.09128205128205e+000
 2.04196849488329e+000    1.10085470085470e+000
 2.16304472806715e+000    1.10085470085470e+000
 2.25721513165459e+000    1.10085470085470e+000
 2.36483845004024e+000    1.10085470085470e+000
 2.48589168678855e+000    1.09846153846154e+000
 2.59353800160975e+000    1.10085470085470e+000
 2.70113832355985e+000    1.09846153846154e+000
 2.79530872714729e+000    1.09846153846154e+000
 2.90295504196849e+000    1.10085470085470e+000
 3.02403127515235e+000    1.10085470085470e+000
