Generated by GetData Graph Digitizer 2.22 on December 17 2023, 20:00
from file 'C:\Users\31425\Desktop\Blind-Test\Fig_6\Fig_6a.jpg'

Line #1
-2.43497757847534e+000    1.19692832764505e+000
-2.28699551569507e+000    1.18737201365188e+000
-2.13901345291480e+000    1.18259385665529e+000
-2.00448430493274e+000    1.18498293515358e+000
-1.92376681614350e+000    1.18259385665529e+000
-1.80269058295964e+000    1.16587030716724e+000
-1.70852017937220e+000    1.15631399317406e+000
-1.64125560538117e+000    1.13481228668942e+000
-1.57399103139013e+000    1.07986348122867e+000
-1.50672645739910e+000    1.00102389078498e+000
-1.42600896860987e+000    9.12627986348123e-001
-1.29147982062780e+000    7.45392491467577e-001
-1.21076233183857e+000    6.56996587030717e-001
-1.14349775784753e+000    5.63822525597270e-001
-1.07623318385650e+000    4.77815699658703e-001
-9.41704035874440e-001    4.13310580204778e-001
-8.60986547085202e-001    4.22866894197952e-001
-7.93721973094170e-001    4.39590443686007e-001
-7.26457399103139e-001    4.61092150170648e-001
-5.78475336322870e-001    4.89761092150171e-001
-4.30493273542601e-001    4.96928327645051e-001
-3.49775784753363e-001    4.94539249146758e-001
-2.69058295964125e-001    4.99317406143345e-001
-2.01793721973094e-001    5.11262798634812e-001
-1.47982062780269e-001    5.30375426621160e-001
-8.07174887892375e-002    5.51877133105802e-001
 0.00000000000000e+000    5.56655290102389e-001
 6.72645739910314e-002    5.78156996587031e-001
 1.61434977578475e-001    5.66211604095563e-001
 2.15246636771300e-001    5.44709897610921e-001
 2.82511210762332e-001    5.20819112627986e-001
 4.30493273542601e-001    4.99317406143345e-001
 5.78475336322870e-001    5.18430034129693e-001
 7.13004484304933e-001    5.30375426621160e-001
 8.60986547085202e-001    5.11262798634812e-001
 9.41704035874440e-001    5.11262798634812e-001
 1.00896860986547e+000    5.32764505119454e-001
 1.07623318385650e+000    5.85324232081911e-001
 1.14349775784753e+000    6.54607508532423e-001
 1.21076233183857e+000    7.35836177474403e-001
 1.29147982062780e+000    8.21843003412969e-001
 1.35874439461883e+000    9.12627986348123e-001
 1.42600896860987e+000    9.89078498293515e-001
 1.50672645739910e+000    1.06552901023891e+000
 1.57399103139013e+000    1.12047781569966e+000
 1.64125560538117e+000    1.15870307167235e+000
 1.78923766816143e+000    1.19215017064846e+000
 1.93721973094170e+000    1.19931740614334e+000
 2.07174887892377e+000    1.19931740614334e+000
 2.23318385650224e+000    1.20170648464164e+000
 2.36771300448430e+000    1.20648464163823e+000
 2.51569506726457e+000    1.21604095563140e+000
