Generated by GetData Graph Digitizer 2.22 on December 17 2023, 20:19
from file 'C:\Users\31425\Desktop\Blind-Test\Fig_6\Fig_6e.jpg'

Line #1
-3.00305330660096e+000    1.08225255972696e+000
-2.89542998821531e+000    1.08225255972696e+000
-2.77435375503145e+000    1.08225255972696e+000
-2.68018335144401e+000    1.08225255972696e+000
-2.57256003305836e+000    1.08225255972696e+000
-2.46493671467271e+000    1.08225255972696e+000
-2.35731339628706e+000    1.08225255972696e+000
-2.24971303509389e+000    1.07986348122867e+000
-2.14211267390073e+000    1.07747440273038e+000
-2.03455822709255e+000    1.07030716723549e+000
-1.92700378028436e+000    1.06313993174061e+000
-1.81958707663111e+000    1.04163822525597e+000
-1.49770428075116e+000    9.38907849829351e-001
-1.39042532025284e+000    9.03071672354949e-001
-1.28323818852446e+000    8.57679180887372e-001
-1.17609697118107e+000    8.07508532423208e-001
-1.06886392506772e+000    7.66894197952218e-001
-9.61562007376911e-001    7.33447098976109e-001
-8.54260089686099e-001    7.00000000000000e-001
-7.47027043572751e-001    6.59385665529010e-001
-6.39748083074427e-001    6.23549488054608e-001
-5.32377293806150e-001    5.97269624573379e-001
-4.24868761382942e-001    5.85324232081911e-001
-3.17314314574756e-001    5.78156996587031e-001
-2.09736910574083e-001    5.73378839590444e-001
-1.15727207334058e-001    5.56655290102389e-001
-8.19571771836092e-003    5.47098976109215e-001
 9.93587290898237e-002    5.39931740614334e-001
 2.07050919052939e-001    5.47098976109215e-001
 3.14743109016055e-001    5.54266211604096e-001
 4.22504170556635e-001    5.68600682593857e-001
 5.30380018059658e-001    5.94880546075085e-001
 6.38209951177704e-001    6.16382252559727e-001
 1.08339582791288e+000    7.45392491467577e-001
 1.17786467500268e+000    7.76450511945393e-001
 1.29942300922879e+000    8.26621160409556e-001
 1.35346424034650e+000    8.50511945392492e-001
 1.61014860955938e+000    9.62798634812287e-001
 1.82603804772035e+000    1.02969283276451e+000
 1.92046098042517e+000    1.05597269624573e+000
 2.04169791395644e+000    1.07269624573379e+000
 2.14941306111205e+000    1.08225255972696e+000
 2.25705933669019e+000    1.08464163822526e+000
 2.36470561226832e+000    1.08703071672355e+000
 2.47232893065397e+000    1.08703071672355e+000
 2.57997520623211e+000    1.08941979522184e+000
 2.68757556742527e+000    1.08703071672355e+000
 2.78174597101272e+000    1.08703071672355e+000
 2.88936928939837e+000    1.08703071672355e+000
 3.01044552258223e+000    1.08703071672355e+000
