Generated by GetData Graph Digitizer 2.22 on December 17 2023, 20:18
from file 'C:\Users\31425\Desktop\Blind-Test\Fig_6\Fig_6e.jpg'

Line #1
-2.57180244570624e+000    1.16109215017065e+000
-2.35664763770489e+000    1.15153583617747e+000
-2.14151578689603e+000    1.13959044368601e+000
-2.02048546809715e+000    1.13481228668942e+000
-1.92654463643460e+000    1.11092150170648e+000
-1.81926567593627e+000    1.07508532423208e+000
-1.71217037297785e+000    1.02013651877133e+000
-1.60512098440441e+000    9.60409556313993e-001
-1.49804863863849e+000    9.03071672354949e-001
-1.39095333568007e+000    8.48122866894198e-001
-1.28388098991414e+000    7.90784982935154e-001
-1.17680864414821e+000    7.33447098976109e-001
-1.06962151241984e+000    6.88054607508532e-001
-9.62365509114005e-001    6.49829351535836e-001
-8.55040634230705e-001    6.18771331058021e-001
-7.47600973384961e-001    5.99658703071672e-001
-6.40115398154242e-001    5.85324232081911e-001
-5.32606865731034e-001    5.73378839590444e-001
-4.38574205298520e-001    5.59044368600683e-001
-2.90798757250647e-001    5.37542662116041e-001
-2.10219011616339e-001    5.23208191126280e-001
-1.16278179953780e-001    4.99317406143345e-001
-8.79260472305976e-003    4.84982935153584e-001
 1.39143543672232e-001    4.80204778156997e-001
 2.87217435222455e-001    4.89761092150171e-001
 3.54688623945882e-001    5.11262798634812e-001
 4.22113898284332e-001    5.27986348122867e-001
 4.89585087007760e-001    5.49488054607508e-001
 5.70509190529393e-001    5.70989761092150e-001
 6.51525122820980e-001    6.02047781569966e-001
 7.19042225929384e-001    6.28327645051195e-001
 7.86559329037787e-001    6.54607508532423e-001
 8.54145303723656e-001    6.88054607508532e-001
 9.35092364437779e-001    7.11945392491468e-001
 1.00265538193116e+000    7.43003412969283e-001
 1.07017248503956e+000    7.69283276450512e-001
 1.13771254534046e+000    7.97952218430034e-001
 1.21868256324707e+000    8.24232081911263e-001
 1.29985919588607e+000    8.72013651877133e-001
 1.35385451261880e+000    8.91126279863481e-001
 1.43489340210288e+000    9.24573378839590e-001
 1.50245641959626e+000    9.55631399317406e-001
 1.58347235188785e+000    9.86689419795222e-001
 1.63753654019804e+000    1.01296928327645e+000
 1.71855247248963e+000    1.04402730375427e+000
 1.78602366121306e+000    1.06552901023891e+000
 1.85356372151395e+000    1.09419795221843e+000
 1.93444191065061e+000    1.11092150170648e+000
 2.08269945974074e+000    1.13959044368601e+000
 2.21734339368524e+000    1.15153583617747e+000
 2.33848849844656e+000    1.15870307167235e+000
 2.44618068840968e+000    1.16587030716724e+000
 2.55384992118031e+000    1.17064846416382e+000
