Generated by GetData Graph Digitizer 2.22 on December 17 2023, 20:10
from file 'C:\Users\31425\Desktop\Blind-Test\Fig_6\Fig_6c.jpg'

Line #1
-2.63872599747039e+000    1.19658119658120e+000
-2.49083592043233e+000    1.18700854700855e+000
-2.34289985052317e+000    1.18222222222222e+000
-2.20846268828332e+000    1.17264957264957e+000
-1.99321605151202e+000    1.17264957264957e+000
-1.84534897090951e+000    1.16068376068376e+000
-1.77831436127400e+000    1.13675213675214e+000
-1.69794181901805e+000    1.10085470085470e+000
-1.63106818443141e+000    1.06017094017094e+000
-1.56430953202254e+000    1.00752136752137e+000
-1.49764286535587e+000    9.45299145299145e-001
-1.41740830171323e+000    8.95042735042735e-001
-1.35076463148212e+000    8.30427350427350e-001
-1.28402897550880e+000    7.75384615384615e-001
-1.21729331953547e+000    7.20341880341880e-001
-1.13715074163505e+000    6.60512820512820e-001
-1.07043808209728e+000    6.03076923076923e-001
-1.00365643325285e+000    5.52820512820513e-001
-9.36782798666207e-001    5.12136752136752e-001
-8.56295274232494e-001    4.88205128205128e-001
-7.08451190065539e-001    4.73846153846154e-001
-5.73899045647924e-001    4.76239316239316e-001
-4.25962975738761e-001    4.71452991452991e-001
-3.58859376796596e-001    4.54700854700855e-001
-2.77980912958491e-001    4.71452991452991e-001
-2.10900310451880e-001    4.52307692307692e-001
-1.03230999195125e-001    4.57094017094017e-001
-2.23985282281243e-002    4.69059829059829e-001
 7.18638611015292e-002    4.78632478632479e-001
 1.52673335632977e-001    4.88205128205128e-001
 2.33482810164425e-001    4.97777777777778e-001
 3.00816373462114e-001    5.04957264957265e-001
 4.22053581694837e-001    5.21709401709402e-001
 5.83672530757733e-001    5.40854700854701e-001
 7.05070714039324e-001    5.74358974358974e-001
 7.86041163619639e-001    6.00683760683761e-001
 8.66873634586639e-001    6.12649572649573e-001
 9.20892261699437e-001    6.34188034188034e-001
 9.88409796481545e-001    6.60512820512820e-001
 1.08292514660228e+000    6.96410256410256e-001
 1.15060365643325e+000    7.39487179487179e-001
 1.21830516269978e+000    7.84957264957265e-001
 1.29939059445786e+000    8.23247863247863e-001
 1.36718408646660e+000    8.78290598290598e-001
 1.43490858916868e+000    9.26153846153846e-001
 1.51606301023341e+000    9.71623931623932e-001
 1.58371852362884e+000    1.01230769230769e+000
 1.65137403702426e+000    1.05299145299145e+000
 1.71893756467747e+000    1.08410256410256e+000
 1.79997700356445e+000    1.11760683760684e+000
 1.94818903070024e+000    1.14153846153846e+000
 2.08281016442451e+000    1.15111111111111e+000
 2.23083822007589e+000    1.15589743589744e+000
 2.36539036449350e+000    1.15829059829060e+000
 2.44619983902495e+000    1.16786324786325e+000
 2.55386915028171e+000    1.17264957264957e+000
