Generated by GetData Graph Digitizer 2.22 on December 13 2023, 23:00
from file 'C:\Users\31425\Desktop\¿ÙÍ¼Í¼Æ¬\1+les\1.jpg'

Line #1
 5.98337950138504e-001    7.79727095516568e-003
 8.14404432132964e-001    1.05263157894737e-002
 1.21329639889197e+000    1.87134502923976e-002
 1.62880886426593e+000    3.23586744639376e-002
 2.01108033240997e+000    5.14619883040935e-002
 2.42659279778393e+000    7.32943469785575e-002
 2.82548476454294e+000    1.18323586744639e-001
 3.24099722991690e+000    2.45224171539961e-001
 3.65650969529086e+000    3.32553606237817e-001
 4.08864265927978e+000    3.89863547758285e-001
 4.50415512465374e+000    4.22612085769981e-001
 4.91966759002770e+000    4.36257309941520e-001
 5.31855955678670e+000    4.43079922027290e-001
 5.73407202216066e+000    4.48538011695906e-001
 6.18282548476454e+000    4.48538011695906e-001
 6.56509695290859e+000    4.44444444444444e-001
 7.01385041551247e+000    4.33528265107212e-001
 7.39612188365651e+000    4.14424951267057e-001
 7.82825484764543e+000    3.89863547758285e-001
 8.26038781163435e+000    3.61208576998051e-001
 8.65927977839335e+000    3.28460038986355e-001
 9.09141274238227e+000    2.88888888888889e-001
 9.49030470914127e+000    2.47953216374269e-001
 9.93905817174515e+000    2.01559454191033e-001
 1.03213296398892e+001    1.52436647173489e-001
 1.07368421052632e+001    9.92202729044834e-002
 1.11523545706371e+001    5.14619883040935e-002
 1.15678670360111e+001   -3.11890838206630e-003
