Generated by GetData Graph Digitizer 2.22 on December 13 2023, 23:05
from file 'C:\Users\31425\Desktop\¿ÙÍ¼Í¼Æ¬\2\2.jpg'

Line #1
 5.87155963302752e-001    1.35775862068966e-001
 7.88990825688073e-001    1.53879310344828e-001
 1.21100917431193e+000    1.93103448275862e-001
 1.61467889908257e+000    2.32327586206897e-001
 2.03669724770642e+000    2.86637931034483e-001
 2.44036697247706e+000    3.37931034482759e-001
 2.82568807339450e+000    3.95258620689655e-001
 3.24770642201835e+000    4.94827586206896e-001
 3.66972477064220e+000    5.94396551724138e-001
 4.09174311926605e+000    6.93965517241379e-001
 4.51376146788991e+000    7.63362068965517e-001
 4.91743119266055e+000    8.05603448275862e-001
 5.32110091743119e+000    8.47844827586207e-001
 5.74311926605505e+000    8.87068965517241e-001
 6.16513761467890e+000    9.23275862068965e-001
 6.58715596330275e+000    9.56465517241379e-001
 7.00917431192661e+000    9.86637931034483e-001
 7.43119266055046e+000    1.01681034482759e+000
 7.83486238532110e+000    1.04396551724138e+000
 8.25688073394495e+000    1.05905172413793e+000
 8.67889908256881e+000    1.08017241379310e+000
 9.10091743119266e+000    1.09827586206897e+000
 9.48623853211009e+000    1.12844827586207e+000
 9.90825688073395e+000    1.14655172413793e+000
 1.03302752293578e+001    1.16163793103448e+000
 1.07339449541284e+001    1.17974137931034e+000
 1.11559633027523e+001    1.20689655172414e+000
 1.15596330275229e+001    1.21293103448276e+000
