Generated by GetData Graph Digitizer 2.22 on March 06 2022, 13:38
from file 'C:\Users\Li Hang\Desktop\137-081-vh.jpg'

Line #1
 9.61011441522624e-001   -8.39163321591437e-001
 9.36069468337839e-001   -7.48089893776795e-001
 9.03874825919554e-001   -6.66005843641626e-001
 8.64536741214058e-001   -5.62655307064253e-001
 8.43215641298708e-001   -4.68599983615958e-001
 8.32658856940007e-001   -3.92829250976216e-001
 8.32953769694984e-001   -3.11138417847683e-001
 8.15209852270555e-001   -2.26203544414407e-001
 8.11993118702384e-001   -1.17238742797848e-001
 8.26695065672701e-001   -4.47994320198793e-002
 8.19780999972693e-001    4.00043690778515e-002
 8.20086835422299e-001    1.24720788618552e-001
 8.34887086644275e-001    2.24390377106032e-001
 8.60440730728271e-001    3.02749788372792e-001
 8.96835149231315e-001    3.84003713716174e-001
 9.00761857950356e-001    4.71702028890527e-001
 9.15562109172333e-001    5.71371617378007e-001
 9.37505802681522e-001    6.49774719423282e-001
 9.59515032358483e-001    7.46331339941564e-001
