Generated by GetData Graph Digitizer 2.22 on December 13 2023, 23:19
from file 'C:\Users\31425\Desktop\¿ÙÍ¼Í¼Æ¬\4\4.jpg'

Line #1
-2.00520604959667e+000   -6.63743483738055e-002
-1.96145574509845e+000   -6.63353726014240e-002
-1.91145539710048e+000   -6.62908288615595e-002
-1.86145504910251e+000   -6.62462851216949e-002
-1.81770474460429e+000   -6.62073093493134e-002
-1.77395444010607e+000   -6.61683335769319e-002
-1.72395409210810e+000   -6.61237898370673e-002
-1.68017594777246e+000   -6.25213148755211e-002
-1.63643956319295e+000   -6.42640886977220e-002
-1.59268925869473e+000   -6.42251129253405e-002
-1.53642494727831e+000   -6.23932516234105e-002
-1.49891076636112e+000   -6.05780942239297e-002
-1.44886865860703e+000   -5.51883017003181e-002
-1.36125669026093e+000   -4.08563533988962e-002
-1.31742286625046e+000   -3.01268800590205e-002
-1.26729723898412e+000   -1.40465899679146e-002
-1.22333813570529e+000    1.27186297232024e-002
-1.12837645028153e+000    1.67814363964114e-001
-1.08358215188023e+000    3.01484559330174e-001
-1.03933073030854e+000    3.65666520507520e-001
-9.89024144098998e-001    4.04909555328197e-001
-9.45092880657577e-001    4.28111275830149e-001
-8.51161269218188e-001    4.51357540071966e-001
-6.63604284550978e-001    4.58651577474788e-001
-6.19909659727587e-001    4.51563554868840e-001
-5.82492918241357e-001    4.40906465106244e-001
-5.20145602349682e-001    4.21362899240669e-001
-4.76534497038537e-001    4.03584379067226e-001
-3.89367966091078e-001    3.60900340342012e-001
-3.45812540454764e-001    3.35994821790241e-001
-3.02284954655865e-001    3.07525804049304e-001
-2.52507325357220e-001    2.79062354275851e-001
-2.09007579395736e-001    2.47029837345750e-001
-1.65577433027791e-001    2.06088572442737e-001
-1.22328245603046e-001    1.41984562810153e-001
-7.28150947598467e-002    7.96678707396349e-002
-2.92735890422400e-002    5.29806025932809e-002
 2.06571593621891e-002    4.41163983602336e-002
 6.46301825597337e-002    7.26633676459330e-002
 1.08937283806263e-001    1.43972327201609e-001
 1.59577948064783e-001    2.25977352292263e-001
 2.03731930205528e-001    2.77687066307533e-001
 3.91887471377167e-001    3.61596336277396e-001
 5.29638986908316e-001    3.93790324264506e-001
 5.73458891000076e-001    4.02738048009800e-001
 6.17306634929252e-001    4.15249270944258e-001
 7.61182914691778e-001    4.31413080547610e-001
 8.04961059027415e-001    4.35015555509156e-001
 8.92378148511613e-001    4.24403009486425e-001
 9.42322816834750e-001    4.17320554847960e-001
 9.92156125808225e-001    3.95984103452836e-001
 1.03562803193229e+000    3.60388087333570e-001
 1.07897465878799e+000    3.08756324863063e-001
 1.12173664905797e+000    1.82291079420096e-001
 1.21413706943951e+000    9.54488825785255e-003
 1.25767857515712e+000   -1.71423798885015e-002
 1.30758148372413e+000   -2.95700833107135e-002
 1.35124826871011e+000   -4.02216051058262e-002
 1.44488756185664e+000   -5.43920823502391e-002
 1.48234606309899e+000   -5.97039233290878e-002
 1.53234641109696e+000   -5.96593795892232e-002
 1.71354199291476e+000   -6.66249069105437e-002
 1.75730621733169e+000   -6.48041815435798e-002
 1.81354268891070e+000   -6.65358194308145e-002
 1.85729299340892e+000   -6.64968436584330e-002
 1.90105721782585e+000   -6.46761182914692e-002
 1.94479360240536e+000   -6.64188921136701e-002
 1.99479395040333e+000   -6.63743483738055e-002
