Generated by GetData Graph Digitizer 2.22 on December 13 2023, 23:31
from file 'C:\Users\31425\Desktop\¿ÙÍ¼Í¼Æ¬\5\5.jpg'

Line #1
-1.90625000000000e+000   -9.38053097345133e-002
-1.80000000000000e+000   -9.38053097345133e-002
-1.68125000000000e+000   -9.38053097345133e-002
-1.34375000000000e+000   -9.20353982300885e-002
-1.23750000000000e+000   -2.47787610619469e-002
-1.12500000000000e+000    1.39823008849558e-001
-1.01250000000000e+000    3.16814159292035e-001
-9.06250000000000e-001    4.21238938053097e-001
-7.87500000000000e-001    3.92920353982301e-001
-6.81250000000000e-001    3.48672566371681e-001
-5.68750000000000e-001    3.23893805309734e-001
-4.50000000000000e-001    3.07964601769912e-001
-3.37500000000000e-001    3.11504424778761e-001
-2.31250000000000e-001    3.15044247787611e-001
-1.12500000000000e-001    2.79646017699115e-001
 0.00000000000000e+000    2.60176991150443e-001
 1.06250000000000e-001    2.83185840707965e-001
 2.25000000000000e-001    2.51327433628319e-001
 3.37500000000000e-001    2.81415929203540e-001
 6.68750000000000e-001    4.14159292035398e-001
 7.81250000000000e-001    4.10619469026549e-001
 8.93750000000000e-001    3.41592920353982e-001
 1.11875000000000e+000    4.95575221238938e-002
 1.22500000000000e+000   -6.37168141592921e-002
 1.33750000000000e+000   -9.73451327433628e-002
 1.55625000000000e+000   -9.20353982300885e-002
 1.90000000000000e+000   -9.38053097345133e-002
