Generated by GetData Graph Digitizer 2.22 on December 13 2023, 23:15
from file 'C:\Users\31425\Desktop\¿ÙÍ¼Í¼Æ¬\3\3.jpg'

Line #1
-1.50454483023360e+000   -7.35547580727525e-002
-1.46019883852382e+000   -7.70906042986593e-002
-1.42214975224424e+000   -7.52959158158684e-002
-1.38411475300142e+000   -7.52790113717604e-002
-1.33975467425488e+000   -7.70370735589842e-002
-1.27637709588694e+000   -7.87866835241540e-002
-1.23198884306689e+000   -7.69891776340118e-002
-1.20013805296021e+000   -5.74194661717421e-002
-1.15510179644936e+000    2.61561054978183e-002
-1.12208178229189e+000    1.93281892170777e-001
-1.03751730064202e+000    4.65319476384844e-001
-9.99355518068386e-001    4.81336437177099e-001
-9.61221909568267e-001    4.93797829891988e-001
-9.23200997362202e-001    4.92036950297413e-001
-8.91561512806877e-001    4.84939901179437e-001
-8.47229608133855e-001    4.79626270914847e-001
-8.09265044074816e-001    4.70754255165540e-001
-7.77639646556248e-001    4.61879422008882e-001
-7.46028336074436e-001    4.51226804813541e-001
-5.43668053065868e-001    3.89094520494878e-001
-5.12099003694325e-001    3.73108551183487e-001
-4.67851621241843e-001    3.57128216686799e-001
-4.29943405329830e-001    3.41145064782760e-001
-3.92063363491331e-001    3.21606344801355e-001
-3.54169234616075e-001    3.03845408858633e-001
-3.09893678090080e-001    2.91420642439311e-001
-1.71277236405129e-001    1.84815583080060e-001
-1.27522900239127e-001    1.06612807229467e-001
-9.02063398708923e-002    1.59627257007420e-002
-5.25376035837422e-002   -3.02427548609081e-002
-1.46153006349732e-002   -4.44481227262642e-002
 2.34760467548751e-002   -3.73200821274243e-002
 6.17786996960721e-002   -3.52528094833932e-003
 9.40239268319312e-002    6.58223835970544e-002
 1.32791451986096e-001    1.58284058052678e-001
 2.85987976714128e-001    2.91685478730335e-001
 3.24135672251003e-001    3.05924655483907e-001
 3.62297454824634e-001    3.21941616276162e-001
 4.00473324435022e-001    3.39736361107100e-001
 4.38606932935140e-001    3.52197753821989e-001
 4.76796889582284e-001    3.71770282691610e-001
 5.59417360159747e-001    3.98473669567422e-001
 5.97565055696621e-001    4.12712846320994e-001
 6.35698664196739e-001    4.25174239035883e-001
 6.73818185660101e-001    4.35857847712089e-001
 8.26296271513546e-001    4.78592282416913e-001
 8.64401705940151e-001    4.87498107054436e-001
 9.02493053329999e-001    4.94626147653276e-001
 9.78548964778887e-001    4.92882172502809e-001
 1.01007575304016e+000    4.71562851075369e-001
 1.04782901154785e+000    4.36024074745817e-001
 1.09111847550088e+000    2.99154425618685e-001
 1.15827137971960e+000   -2.61490619794400e-002
 1.20227928254722e+000   -7.23517251337388e-002
 1.24025793364301e+000   -7.94459568443629e-002
