Generated by GetData Graph Digitizer 2.22 on December 13 2023, 23:12
from file 'C:\Users\31425\Desktop\¿ÙÍ¼Í¼Æ¬\3\3.jpg'

Line #1
-2.00578977210696e+000   -1.30666422491363e-001
-1.78387668208023e+000   -1.25234461118018e-001
-1.56203402723729e+000   -1.28691419938087e-001
-1.34017728535758e+000   -1.30370594719474e-001
-1.25145712786451e+000   -1.33886719093922e-001
-1.20077196961426e+000   -1.37419747912477e-001
-1.15653867419854e+000   -1.55177866447848e-001
-1.14329685964733e+000   -8.40608700858253e-002
-1.14259250780950e+000    4.82833184832487e-003
-1.12288474338702e+000    9.19482019658460e-002
-1.10957249365203e+000    1.71954118521284e-001
-1.10264167156778e+000    2.46623865553321e-001
-1.08310295158638e+000    3.12410327206646e-001
-1.07008652962328e+000    3.55082778949741e-001
-1.06353605753146e+000    3.81752356937337e-001
-1.04440586161599e+000    3.95983081468855e-001
-1.03160074520424e+000    4.11988772631705e-001
-1.00615955682182e+000    4.22666746493208e-001
-9.36358289692867e-001    4.31586658167488e-001
-8.66585196637424e-001    4.36951001764401e-001
-7.96868451729008e-001    4.35204209206583e-001
-7.39872301011801e-001    4.28118429718013e-001
-6.63788215489401e-001    4.29930022644912e-001
-6.06763890698682e-001    4.26399811233707e-001
-5.30834762580604e-001    4.08655779735093e-001
-4.61230713966240e-001    3.92686714867811e-001
-3.98008093002617e-001    3.71381480477128e-001
-3.28389957351496e-001    3.57190199648528e-001
-3.28615349939602e-001    3.28745655029600e-001
-2.65237771571655e-001    3.26996045064431e-001
-2.65660382674354e-001    2.73662523903941e-001
-2.14975224424104e-001    2.70129495085385e-001
-2.27822601946124e-001    2.48790451806486e-001
-1.83673828750938e-001    2.20365629039018e-001
-1.39468707408725e-001    1.99051942426281e-001
-8.85722436071266e-002    2.22185674187970e-001
-4.39585981989723e-002    2.52427724697041e-001
 6.81108227181637e-003    2.59561400110583e-001
 5.12979443491615e-002    2.73803394271507e-001
 8.96569454373850e-002    3.14709331605323e-001
 1.40764714790332e-001    3.64509823947258e-001
 1.79180064025582e-001    4.12526897435807e-001
 2.23850057580763e-001    4.49880084099610e-001
 2.74718347308848e-001    4.69458247783933e-001
 3.38110012713551e-001    4.69486421857446e-001
 4.01234024419878e-001    4.35736699195982e-001
 4.70654941556406e-001    3.96656441825821e-001
 5.33891649556787e-001    3.77128991473821e-001
 6.09989822115943e-001    3.80718368439403e-001
 6.73536444924969e-001    4.00302166938429e-001
 7.37012632550211e-001    4.10997045244040e-001
 8.06799812642411e-001    4.18139172879637e-001
 8.70290087304410e-001    4.30611835223931e-001
 9.40006832212827e-001    4.28865042666113e-001
 1.00965314193746e+000    4.18229329914879e-001
 1.04119401723549e+000    3.98687792526123e-001
 1.07274897957027e+000    3.80924039176049e-001
 1.07894727574318e+000    3.63149016196571e-001
 1.09766894759270e+000    3.25824003606281e-001
 1.10985423438716e+000    2.63607197067079e-001
 1.12174369340973e+000    1.64056925715533e-001
 1.12091255824109e+000    5.91676674332363e-002
 1.13277384319015e+000   -4.39381719956753e-002
 1.14493095591110e+000   -1.09710546612244e-001
 1.15736980936718e+000   -1.39927240455152e-001
 1.19546115675702e+000   -1.32799199856312e-001
 1.24623083722781e+000   -1.25665524442770e-001
 1.33503551694142e+000   -1.18514944585119e-001
 1.55697678104167e+000   -1.09527415134408e-001
 1.77881943588461e+000   -1.12984373954478e-001
 2.00705760541506e+000   -1.09327379212464e-001
