Generated by GetData Graph Digitizer 2.22 on December 13 2023, 23:21
from file 'C:\Users\31425\Desktop\¿ÙÍ¼Í¼Æ¬\5\5.jpg'

Line #1
-2.00625000000000e+000   -1.11504424778761e-001
-1.78125000000000e+000   -1.13274336283186e-001
-1.69375000000000e+000   -1.07964601769912e-001
-1.60000000000000e+000   -9.73451327433628e-002
-1.51250000000000e+000   -7.78761061946903e-002
-1.42500000000000e+000   -3.53982300884956e-002
-1.33750000000000e+000    3.00884955752213e-002
-1.25000000000000e+000    8.67256637168142e-002
-1.16250000000000e+000    1.55752212389381e-001
-1.07500000000000e+000    2.15929203539823e-001
-9.81250000000000e-001    2.83185840707965e-001
-8.87500000000000e-001    3.34513274336283e-001
-8.18750000000000e-001    3.68141592920354e-001
-7.12500000000000e-001    3.98230088495575e-001
-6.31250000000000e-001    4.21238938053097e-001
-5.31250000000000e-001    4.37168141592920e-001
-4.50000000000000e-001    4.42477876106195e-001
-3.62500000000000e-001    4.46017699115044e-001
-2.68750000000000e-001    4.35398230088496e-001
-1.81250000000000e-001    4.19469026548673e-001
-9.37500000000000e-002    3.96460176991150e-001
 0.00000000000000e+000    3.82300884955752e-001
 9.37500000000000e-002    3.76991150442478e-001
 1.81250000000000e-001    3.73451327433628e-001
 2.62500000000000e-001    3.71681415929204e-001
 3.56250000000000e-001    3.66371681415929e-001
 4.37500000000000e-001    3.53982300884956e-001
 5.31250000000000e-001    3.29203539823009e-001
 6.25000000000000e-001    2.97345132743363e-001
 7.12500000000000e-001    2.63716814159292e-001
 7.93750000000000e-001    2.23008849557522e-001
 8.87500000000000e-001    1.71681415929204e-001
 9.75000000000000e-001    1.30973451327434e-001
 1.06875000000000e+000    8.14159292035398e-002
 1.15625000000000e+000    4.07079646017699e-002
 1.24375000000000e+000    3.53982300884956e-003
 1.33125000000000e+000   -3.18584070796460e-002
 1.41875000000000e+000   -6.01769911504425e-002
 1.50625000000000e+000   -7.78761061946903e-002
 1.59375000000000e+000   -9.02654867256637e-002
 1.68750000000000e+000   -9.20353982300885e-002
 1.77500000000000e+000   -9.91150442477876e-002
 1.99375000000000e+000   -9.91150442477876e-002
