Generated by GetData Graph Digitizer 2.22 on December 13 2023, 23:17
from file 'C:\Users\31425\Desktop\¿ÙÍ¼Í¼Æ¬\4\4.jpg'

Line #1
-2.00591596545076e+000   -1.57243577697506e-001
-1.78713660312224e+000   -1.53485199646434e-001
-1.55584323387551e+000   -1.47933936065813e-001
-1.44331461104267e+000   -1.44270213461953e-001
-1.33066070894146e+000   -1.24570744506852e-001
-1.29286812965012e+000   -8.71205952157240e-002
-1.24865846783455e+000   -2.82838828221243e-002
-1.20425392715707e+000    5.54973238956284e-002
-1.15361326289854e+000    1.37502348986282e-001
-1.11545876572081e+000    2.21277987736552e-001
-1.07117950431170e+000    2.89023448103063e-001
-1.02073371891508e+000    3.46083978869563e-001
-9.76677176205291e-001    3.85321445722757e-001
-9.32718072926454e-001    4.12086665413874e-001
-8.88828569241156e-001    4.29943137132079e-001
-8.20008491150412e-001    4.38913132747305e-001
-7.51313692328037e-001    4.31847382011289e-001
-6.88938536598946e-001    4.15867315334878e-001
-6.14049373951656e-001    4.01680134188016e-001
-5.51646378385150e-001    3.89263566700771e-001
-4.89201623062521e-001    3.82192247997272e-001
-4.20395464890485e-001    3.89380494017915e-001
-3.51505787206203e-001    4.07259237606052e-001
-2.88824393265543e-001    4.30477662010454e-001
-2.20046074930922e-001    4.34102408841932e-001
-1.51504395214332e-001    4.07437412565511e-001
-8.91988390787797e-002    3.82548597916188e-001
-4.56294935237578e-002    3.59424828958999e-001
 4.18989553101001e-003    3.36306627969293e-001
 4.78149207608629e-002    3.20309857390433e-001
 9.14817057468382e-002    3.09658335595320e-001
 1.53968220825591e-001    3.07932265675568e-001
 2.16482575741758e-001    3.09769694944981e-001
 2.91622296925786e-001    3.27654006500602e-001
 3.54303690866445e-001    3.50872430905004e-001
 4.23262968144266e-001    3.77659922466053e-001
 4.85986121841048e-001    4.06223595654201e-001
 5.54834039769208e-001    4.18757090458592e-001
 6.23654117859952e-001    4.27727086073817e-001
 6.98654639856903e-001    4.27793901683614e-001
 7.54765832167540e-001    4.10026517445138e-001
 8.23251832209300e-001    3.76234522790387e-001
 8.85292909889406e-001    3.17492465844000e-001
 9.34917420082267e-001    2.69429770530140e-001
 9.78194447344428e-001    2.08889260086721e-001
 1.02151323436271e+000    1.53693998427049e-001
 1.06483202138100e+000    9.84987367673772e-002
 1.10815080839928e+000    4.33034751077054e-002
 1.14521955191782e+000   -1.18973545194496e-002
 1.18858009869222e+000   -6.17473673953744e-002
 1.23834380807216e+000   -9.19925667634101e-002
 1.28198275322072e+000   -1.06207587747688e-001
 1.33195526138127e+000   -1.09726543196988e-001
 1.44448388421412e+000   -1.06062820593128e-001
 1.55073462370980e+000   -1.05968165145916e-001
 1.76944438644478e+000   -1.11118535067755e-001
 2.00069599593538e+000   -1.10912520270882e-001
