Generated by GetData Graph Digitizer 2.22 on March 06 2022, 13:53
from file 'C:\Users\Li Hang\Desktop\137-037-th.jpg'

Line #1
 3.98649986499865e-001   -9.77235772357724e-001
 3.98973989739897e-001   -9.18699186991870e-001
 4.21510215102151e-001   -8.47154471544715e-001
 4.36774367743677e-001   -7.56097560975610e-001
 4.44622446224462e-001   -6.71544715447155e-001
 4.55962559625596e-001   -6.22764227642276e-001
 4.63792637926379e-001   -5.41463414634146e-001
 4.67932679326793e-001   -4.60162601626016e-001
 4.79560795607956e-001   -3.59349593495935e-001
 4.72630726307263e-001   -2.78048780487805e-001
 4.69354693546935e-001   -2.03252032520325e-001
 4.69786697866979e-001   -1.25203252032520e-001
 4.66528665286653e-001   -4.71544715447154e-002
 4.52218522185222e-001    3.41463414634147e-002
 4.52506525065251e-001    8.61788617886179e-002
 4.45396453964540e-001    1.34959349593496e-001
 4.38394383943839e-001    2.03252032520325e-001
 4.38682386823868e-001    2.55284552845529e-001
 4.46440464404644e-001    3.23577235772358e-001
 4.61434614346143e-001    3.65853658536585e-001
 4.58230582305823e-001    4.53658536585366e-001
 4.62208622086221e-001    5.05691056910569e-001
 4.66186661866619e-001    5.57723577235772e-001
 4.70164701647016e-001    6.09756097560976e-001
 4.81720817208172e-001    6.97560975609756e-001
 4.85752857528575e-001    7.59349593495935e-001
 4.97236972369724e-001    8.34146341463415e-001
 4.93834938349383e-001    8.86178861788618e-001
 4.75636756367564e-001    9.31707317073171e-001
 4.50220502205022e-001    1.00650406504065e+000
