Generated by GetData Graph Digitizer 2.22 on March 06 2022, 13:55
from file 'C:\Users\Li Hang\Desktop\137-037-th.jpg'

Line #1
 3.80662892921498e-001   -1.00792365143214e+000
 3.96043027975465e-001   -9.26672855123375e-001
 4.15118035711035e-001   -8.51938139701377e-001
 4.19213337944340e-001   -7.86910807350916e-001
 4.34739083744380e-001   -6.79644224410428e-001
 4.27840774649169e-001   -5.78808782754834e-001
 4.24364318086675e-001   -5.33269021920484e-001
 4.28459620319980e-001   -4.68241689570024e-001
 4.25165177190077e-001   -3.90182195446024e-001
 4.14371780637411e-001   -3.18602379522275e-001
 4.11095538850767e-001   -2.37290912069311e-001
 4.07710089004569e-001   -1.75491284590136e-001
 4.30589177481298e-001   -8.77608100811174e-002
 4.31026009719517e-001   -9.71345018595704e-003
 4.24036693908010e-001    7.48621248248120e-002
 4.24400720773193e-001    1.39901591404112e-001
 4.24782948981635e-001    2.08193031312377e-001
 4.28769043155385e-001    2.53708523689048e-001
 4.36541016727034e-001    3.08967801823775e-001
 4.44422198358239e-001    3.83738919932291e-001
 4.55961849984529e-001    4.45490010496108e-001
 4.71323783695237e-001    5.23488833475910e-001
 4.75273475182468e-001    5.62500379194651e-001
 4.75528293988096e-001    6.08028005800161e-001
 4.72270253544712e-001    6.92591446582091e-001
 4.65117125643873e-001    7.47899261632175e-001
 4.54214521031652e-001    7.99967237582134e-001
 4.46970386414517e-001    8.39015185987392e-001
 4.32427513150471e-001    9.07355162811015e-001
 4.28914653901458e-001    9.46390976987435e-001
 4.28914653901458e-001    1.06390976987435e-000
