Generated by GetData Graph Digitizer 2.22 on March 06 2022, 13:53
from file 'C:\Users\Li Hang\Desktop\137-037-th.jpg'

Line #1
 3.87543875438754e-001   -9.83739837398374e-001
 4.10152101521015e-001   -8.99186991869919e-001
 4.14256142561426e-001   -8.24390243902439e-001
 4.29628296282963e-001   -7.13821138211382e-001
 4.37440374403744e-001   -6.35772357723577e-001
 4.56358563585636e-001   -5.51219512195122e-001
 4.56772567725677e-001   -4.76422764227642e-001
 4.49860498604986e-001   -3.91869918699187e-001
 4.46548465484655e-001   -3.23577235772358e-001
 4.46980469804698e-001   -2.45528455284553e-001
 4.62172621726217e-001   -1.67479674796748e-001
 4.69876698766988e-001   -1.08943089430894e-001
 4.66564665646656e-001   -4.06504065040650e-002
 4.48528485284853e-001    3.41463414634147e-002
 4.34200342003420e-001    1.12195121951220e-001
 4.19890198901989e-001    1.93495934959350e-001
 4.23958239582396e-001    2.61788617886179e-001
 4.24336243362434e-001    3.30081300813008e-001
 4.39384393843938e-001    3.82113821138211e-001
 4.47178471784718e-001    4.56910569105691e-001
 4.58698586985870e-001    5.38211382113821e-001
 4.74034740347403e-001    6.42276422764228e-001
 4.92934929349294e-001    7.23577235772358e-001
 4.97020970209702e-001    7.95121951219512e-001
 4.90072900729007e-001    8.73170731707317e-001
 4.82908829088291e-001    9.12195121951219e-001
 4.57366573665737e-001    9.64227642276423e-001
