Generated by GetData Graph Digitizer 2.22 on March 06 2022, 13:50
from file 'C:\Users\Li Hang\Desktop\137-037-th.jpg'

Line #1
 4.29204017712496e-001   -7.87210041881173e-001
 4.40760341289556e-001   -6.99367582292304e-001
 4.85491593764625e-001   -6.17921301796450e-001
 4.97047917341686e-001   -5.30078842207582e-001
 5.38179069013932e-001   -4.32384106754989e-001
 5.23886668826727e-001   -3.47877740576736e-001
 4.57914821615005e-001   -2.66791470161165e-001
 4.28898009144256e-001   -1.75828923209850e-001
 4.10969507146200e-001   -8.15782841919573e-002
 3.96695107463009e-001    6.18017304484519e-003
 4.26629945638478e-001    8.10742700795621e-002
 4.52964683011124e-001    1.72216822071018e-001
 4.79371422399827e-001    2.76367738296672e-001
 5.46207293804227e-001    3.51381838691483e-001
 5.24624689491306e-001    4.52124659490466e-001
 5.14076394139036e-001    5.46399299180377e-001
 4.81315476833351e-001    6.27593572620033e-001
 4.44828455196746e-001    7.02271663606581e-001
 4.30554055513554e-001    7.90030120843384e-001
