 3.33317502063012e-001    9.46907856070006e-003
 3.55259642727807e-001    2.17135766995363e-002
 3.84539577186348e-001    2.99359427224640e-002
 4.17482471815392e-001    3.81731505613175e-002
 4.65089080579187e-001    4.24179099161141e-002
 4.90670434509003e-001    6.27808813663969e-002
 4.75899859299585e-001    1.03239671580297e-001
 4.53874604465606e-001    1.19357883675784e-001
 4.42814483237653e-001    1.43624252714568e-001
 4.57335715939517e-001    1.88253593203636e-001
 4.64554775205856e-001    2.24749618565331e-001
 4.79052261002238e-001    2.77482590549919e-001
 5.04419892782722e-001    3.70778245459889e-001
 5.04289284802574e-001    4.15348218685253e-001
 5.07774143181967e-001    4.76140296717584e-001
 5.03921207767613e-001    5.40954506865824e-001
 5.00103892711481e-001    5.93613269770783e-001
 4.88996277672566e-001    6.34086901800609e-001
 4.88841922786937e-001    6.86760506521494e-001
 4.88687567901308e-001    7.39434111242379e-001
 4.70254032521387e-001    7.79878059640353e-001
 4.66389223654293e-001    8.48744085536354e-001
 4.62595655503642e-001    8.93299216945792e-001
 4.51369305937320e-001    9.74291006453222e-001
 4.51298065220876e-001    9.98601900939784e-001
 4.54818543958490e-001    1.04723853172883e+000
 4.61978235961126e-001    1.10399363582933e+000
 4.76499468662990e-001    1.14862297631840e+000
 4.98370368611340e-001    1.18517836894380e+000
 5.42076548149819e-001    1.27044460143788e+000
 5.52958567586661e-001    1.30695546861550e+000
 5.49141252530530e-001    1.35961423152045e+000
 5.34430044584815e-001    1.37981394299555e+000
 4.72029113706120e-001    1.42413160535018e+000
 4.27966730585421e-001    1.46041984528891e+000
 3.65565799706726e-001    1.50473750764354e+000
 3.28853083832513e-001    1.53295179971860e+000
 2.99466288299306e-001    1.56119577542551e+000
 2.59019371538146e-001    1.61370612017122e+000
 2.36899129082241e-001    1.66223885824878e+000
 2.11104053003093e-001    1.71480857025819e+000
 2.03611904323718e-001    1.77150430709498e+000
 1.85083381321871e-001    1.84436278147504e+000
 1.81087964474629e-001    1.95779878059640e+000
 1.80933609589000e-001    2.01047238531729e+000
 1.77128167985609e-001    2.05907933247449e+000
 1.62215111343303e-001    2.14815991166151e+000
 1.54687342305706e-001    2.21701109574159e+000
 1.50929394513278e-001    2.24941077990774e+000
 1.47135826362627e-001    2.29396591131718e+000
 1.46981471476998e-001    2.34663951603807e+000
 1.46862736949591e-001    2.38715767351567e+000
 1.50395089139946e-001    2.43174248855696e+000
 1.46554027178333e-001    2.49250488295744e+000
