 2.34444031545481e-001    1.20772946859903e-002
 2.52770846973746e-001    2.01288244766506e-002
 2.71097662402010e-001    2.81803542673108e-002
 2.93087481493279e-001    3.62318840579710e-002
 3.04094188152159e-001    4.83091787439614e-002
 3.00484271498764e-001    8.45410628019324e-002
 2.89518854736246e-001    1.00644122383253e-001
 2.93211351182366e-001    1.20772946859903e-001
 2.96921543298355e-001    1.52979066022544e-001
 3.04288840520725e-001    1.81159420289855e-001
 3.11650239186471e-001    2.05314009661836e-001
 3.11715123309326e-001    2.49597423510467e-001
 3.19064724861826e-001    2.65700483091787e-001
 3.26455616310689e-001    3.09983896940419e-001
 3.26532297546790e-001    3.62318840579710e-001
 3.22898786666903e-001    3.82447665056361e-001
 3.26603080226269e-001    4.10628019323672e-001
 3.33952681778769e-001    4.26731078904992e-001
 3.55995587879646e-001    4.71014492753623e-001
 3.56013283549515e-001    4.83091787439614e-001
 3.56054573445878e-001    5.11272141706924e-001
 3.63427769224871e-001    5.43478260869565e-001
 3.78150566556364e-001    5.91787439613527e-001
 3.78203653565972e-001    6.28019323671498e-001
 3.89222157338099e-001    6.48148148148148e-001
 3.96613048786962e-001    6.92431561996779e-001
 3.96642541570078e-001    7.12560386473430e-001
 4.03998041679201e-001    7.32689210950081e-001
 4.07708233795190e-001    7.64895330112721e-001
 4.15075531017560e-001    7.93075684380032e-001
 4.22442828239930e-001    8.21256038647343e-001
 4.29816024018923e-001    8.53462157809984e-001
 4.37171524128046e-001    8.73590982286634e-001
 4.37201016911162e-001    8.93719806763285e-001
 4.37242306807524e-001    9.21900161030596e-001
 4.00683052856966e-001    9.70209339774557e-001
 3.93398335427321e-001    9.98389694041868e-001
 4.04405042086201e-001    1.01046698872786e+000
 4.19080650964709e-001    1.02657004830918e+000
 4.37436959176090e-001    1.05475040257649e+000
 4.52124365167843e-001    1.07890499194847e+000
 4.74167271268721e-001    1.12318840579710e+000
 4.77871564828087e-001    1.15136876006441e+000
 4.77918753281072e-001    1.18357487922705e+000
 4.81640742510308e-001    1.22383252818035e+000
 4.81717423746409e-001    1.27616747181965e+000
 4.85474804315384e-001    1.34057971014493e+000
 4.85510195655123e-001    1.36473429951691e+000
 4.74574271675721e-001    1.40096618357488e+000
 4.70934862239210e-001    1.41706924315620e+000
 4.56353630266674e-001    1.46537842190016e+000
 4.56389021606413e-001    1.48953301127214e+000
 4.30801082974996e-001    1.52576489533011e+000
 4.05224941456826e-001    1.57004830917874e+000
 3.94277220364177e-001    1.59822866344605e+000
 3.72369981065633e-001    1.64653784219002e+000
 3.57782850536474e-001    1.69082125603865e+000
 3.32224404688173e-001    1.74718196457327e+000
 3.21282582152147e-001    1.77938808373591e+000
 3.03050143629854e-001    1.83574879227053e+000
 2.88486607327187e-001    1.89613526570048e+000
 2.70218777465154e-001    1.92834138486312e+000
 2.55608052709502e-001    1.95652173913043e+000
 2.41003226510473e-001    1.98872785829308e+000
 2.30067302531071e-001    2.02495974235105e+000
 2.22835672111034e-001    2.08937198067633e+000
 2.19231654014263e-001    2.12962962962963e+000
 2.15615838804245e-001    2.16183574879227e+000
 2.12011820707473e-001    2.20209339774557e+000
 2.12059009160458e-001    2.23429951690821e+000
 2.08449092507064e-001    2.27053140096618e+000
 2.04880465750031e-001    2.33494363929147e+000
 2.04951248429509e-001    2.38325281803543e+000
 2.04980741212625e-001    2.40338164251208e+000
 2.05016132552364e-001    2.42753623188406e+000
 2.05051523892104e-001    2.45169082125604e+000
 2.01423911568839e-001    2.47584541062802e+000
