Generated by GetData Graph Digitizer 2.22 on March 06 2022, 13:17
from file 'C:\Users\Li Hang\Desktop\137-081-vv.jpg'

Line #1
 2.26532339404338e-002    2.03316832257092e-002
 1.05672583094705e-001    2.06504979306027e-002
 1.77382705171754e-001    2.86063739754455e-002
 2.83049491635461e-001    3.28524061815273e-002
 3.77407051021946e-001    4.47354997275583e-002
 4.26504515575547e-001    7.18057664885169e-002
 4.41651112373489e-001    1.06426145124454e-001
 4.49273682135943e-001    1.56378612750270e-001
 4.45610211345166e-001    2.29329213860904e-001
 4.26852313435431e-001    3.02221848661558e-001
 4.38306456287606e-001    3.90591488227042e-001
 4.30880971979086e-001    4.71208133832617e-001
 4.23449691039568e-001    5.47984511401973e-001
 4.19780423617793e-001    6.17094844476390e-001
 4.38770186767451e-001    6.97812931124431e-001
 4.57765746548106e-001    7.82371285808688e-001
 4.84279536733251e-001    8.47757283466849e-001
 5.22137333781606e-001    9.28547828002365e-001
 5.52517476842459e-001    1.05539260581750e+000
 5.71472460206128e-001    1.11306908424823e+000
 6.09324460623486e-001    1.19001936074753e+000
 6.58503078011060e-001    1.27085338001554e+000
 6.92535098600693e-001    1.31706702064760e+000
 7.37922719315534e-001    1.38636574422945e+000
 7.68204319649420e-001    1.44792596542889e+000
 8.17377140405996e-001    1.52491971666068e+000
 8.51414957626627e-001    1.57497362532896e+000
 9.19455812281902e-001    1.65203983444822e+000
 9.49720022722794e-001    1.70207925153901e+000
 9.95130829961626e-001    1.78673904726573e+000
 1.02163882351577e+000    1.84828477688767e+000
 1.03307557647495e+000    1.92513361234451e+000
 1.03697091250565e+000    2.00579373268257e+000
 1.04462246542310e+000    2.07494754048947e+000
 1.04473260141206e+000    2.14791263317760e+000
 1.05246530716348e+000    2.27083019349154e+000
 1.05258123978344e+000    2.34763555421589e+000
 1.03380015534971e+000    2.40516711687167e+000
 1.02633989125520e+000    2.46274215425994e+000
