Generated by GetData Graph Digitizer 2.22 on March 06 2022, 13:13
from file 'C:\Users\Li Hang\Desktop\137-081-vv.jpg'

Line #1
 1.12533408355606e-005    9.46687297791532e-003
 2.93149528766353e-002    9.24180616120411e-003
 6.96244197496132e-002    2.04529469686313e-002
 1.20905893937263e-001    2.00590800393867e-002
 1.79524546349698e-001    2.72893515262344e-002
 2.27154311436208e-001    3.46040230693487e-002
 3.04065269376846e-001    2.63328175552117e-002
 3.84689829793220e-001    5.25953017302012e-002
 4.21341960894641e-001    6.76747784498523e-002
 4.39769306512871e-001    1.44338162892109e-001
 4.14246729497820e-001    2.25179350119567e-001
 4.03376002250668e-001    3.05908003938669e-001
 3.81516387677592e-001    3.86721057814039e-001
 3.48634125756084e-001    4.44577296384864e-001
 2.90122380081587e-001    5.10310873540582e-001
 2.60891827261218e-001    5.60458573639049e-001
 2.24402869601913e-001    6.56744971163314e-001
 1.91599381066254e-001    7.68364045576030e-001
 1.77043184695456e-001    8.33760022506682e-001
 1.73492755661837e-001    9.10592207061471e-001
 1.55301730201153e-001    9.95217330144887e-001
 1.55442396961598e-001    1.09122239414826e+000
 1.99504853003235e-001    1.16384864256576e+000
 2.47202138134759e-001    1.21724574483050e+000
 3.24163736109157e-001    1.24353636235757e+000
 4.01147840765227e-001    1.28518779012519e+000
 4.96446757631172e-001    1.32669855113237e+000
 5.77093824729216e-001    1.36832184554790e+000
 6.46746377830919e-001    1.40618933745956e+000
 7.38365452243635e-001    1.43620762413842e+000
 8.11692221128147e-001    1.48172738781826e+000
 8.81406667604445e-001    1.56183710789141e+000
 9.32772541848361e-001    1.61904627936419e+000
 9.69492192994795e-001    1.68020818680546e+000
 9.87885778590519e-001    1.73383035588690e+000
 9.98970319313546e-001    1.79902939935293e+000
 1.00636939091293e+000    1.84889576593051e+000
 1.02113377408918e+000    1.92558728372486e+000
 1.02124630749754e+000    2.00239133492756e+000
 1.01769587846392e+000    2.07922351948235e+000
 1.02148262765509e+000    2.16367984245323e+000
 1.02158953439302e+000    2.23664369109579e+000
 1.02899423266282e+000    2.29035026023351e+000
 1.02907863271909e+000    2.34795329863553e+000
 1.02913489942327e+000    2.38635532423688e+000
 1.02190462793642e+000    2.45169503446336e+000
