Generated by GetData Graph Digitizer 2.22 on March 06 2022, 13:20
from file 'C:\Users\Li Hang\Desktop\137-081-vv.jpg'

Line #1
-1.48091255618137e-002    7.68049155145929e-003
 3.70654833020424e-002    2.30414746543779e-002
 1.18541275530523e-001    1.92012288786482e-002
 2.25960061443932e-001    2.68817204301075e-002
 2.92655174375605e-001    4.60829493087558e-002
 3.77851738066792e-001    5.37634408602151e-002
 4.00136542072026e-001    9.60061443932412e-002
 4.07623599021448e-001    1.49769585253456e-001
 3.92933947772657e-001    2.34254992319508e-001
 3.89372475393981e-001    3.30261136712750e-001
 4.04284007509814e-001    3.95545314900154e-001
 4.08101496273539e-001    4.72350230414747e-001
 4.11873471013256e-001    5.18433179723502e-001
 4.26813449394095e-001    6.02918586789555e-001
 4.45457131478637e-001    6.87403993855607e-001
 4.52961256187063e-001    7.52688172043011e-001
 4.60454002389486e-001    8.10291858678955e-001
 4.86476645616431e-001    8.75576036866359e-001
 5.12527735108380e-001    9.60061443932412e-001
 5.34858053137623e-001    1.03302611367128e+000
 5.64595778574273e-001    1.10599078341014e+000
 5.90601354042214e-001    1.15975422427035e+000
 6.27752176139273e-001    1.23655913978495e+000
 6.79740570063151e-001    1.32872503840246e+000
 7.13164931444501e-001    1.39016897081413e+000
 7.57751607213973e-001    1.48617511520737e+000
 8.13403880070547e-001    1.55145929339478e+000
 8.65403652500427e-001    1.65130568356375e+000
 8.98856460146783e-001    1.73195084485407e+000
 9.28582807077431e-001    1.79723502304147e+000
 9.54656653581385e-001    1.89708141321045e+000
 9.62177846048814e-001    1.97388632872504e+000
 9.69681970757240e-001    2.03917050691244e+000
 9.88314274335780e-001    2.11597542242704e+000
 1.00324856346362e+000    2.19662058371736e+000
 1.01082664846106e+000    2.31182795698925e+000
 1.00720828355237e+000    2.36943164362519e+000
 1.00735051487740e+000    2.46543778801843e+000
