Generated by GetData Graph Digitizer 2.22 on March 06 2022, 13:18
from file 'C:\Users\Li Hang\Desktop\137-081-vv.jpg'

Line #1
-1.11054218581100e-002    7.68049155145929e-003
 5.55783125675599e-002    1.92012288786482e-002
 1.62997098480969e-001    2.68817204301075e-002
 2.44489958468453e-001    3.45622119815668e-002
 3.18575411048529e-001    4.22427035330261e-002
 4.00091028048017e-001    6.52841781874040e-002
 4.11321613472151e-001    1.45929339477727e-001
 4.11435398532173e-001    2.22734254992320e-001
 4.18973658758605e-001    3.11059907834101e-001
 4.26534675997042e-001    4.14746543778802e-001
 4.19292256926666e-001    5.26113671274962e-001
 4.19388974227684e-001    5.91397849462366e-001
 4.34368777379530e-001    7.02764976958525e-001
 4.45616430562667e-001    7.94930875576037e-001
 4.71650452295614e-001    8.67895545314900e-001
 5.16214371053081e-001    9.48540706605223e-001
 5.64487682767253e-001    1.03302611367128e+000
 5.68293793024976e-001    1.10215053763441e+000
 6.16572793992149e-001    1.19047619047619e+000
 6.61119644990613e-001    1.25960061443932e+000
 6.87147977470558e-001    1.32872503840246e+000
 7.20600785116914e-001    1.40937019969278e+000
 7.46589292825852e-001    1.45161290322581e+000
 7.80030721966206e-001    1.52457757296467e+000
 7.98611822267736e-001    1.56682027649770e+000
 8.50600216191614e-001    1.65898617511521e+000
 8.76611480912556e-001    1.71658986175115e+000
 9.13767992262616e-001    1.79723502304147e+000
 9.36115378050862e-001    1.88172043010753e+000
 9.51106559708710e-001    2.00076804915515e+000
 9.66023781077545e-001    2.06989247311828e+000
 9.77242987995676e-001    2.14285714285714e+000
 9.81043409000398e-001    2.20814132104455e+000
 9.92256926665529e-001    2.27726574500768e+000
 9.92342265460545e-001    2.33486943164363e+000
 9.88769414575866e-001    2.42319508448541e+000
 9.88826307105877e-001    2.46159754224270e+000
