Generated by GetData Graph Digitizer 2.22 on March 06 2022, 13:52
from file 'C:\Users\Li Hang\Desktop\137-037-th.jpg'

Line #1
 4.13926810092202e-001   -9.92197364972721e-001
 4.50968479736974e-001   -9.17280156290949e-001
 4.55060395968837e-001   -8.39218068758488e-001
 4.51933385747981e-001   -7.41667262287661e-001
 4.78075191194339e-001   -6.50525337717104e-001
 4.89493245657923e-001   -5.72439425344865e-001
 5.04431420198699e-001   -5.20358325590260e-001
 5.12132799656922e-001   -4.52040597526982e-001
 4.94192695304124e-001   -3.83806256402926e-001
 4.76306196840826e-001   -3.05815643389798e-001
 4.69373168465442e-001   -2.34293474376385e-001
 4.62475877349725e-001   -1.56267124103590e-001
 4.55507111714674e-001   -9.12491363495580e-002
 4.37674219140876e-001   -3.50225144735905e-003
 4.34422128511186e-001    7.12839206156339e-002
 4.31259381030663e-001    1.62330545827079e-001
 4.35333428632692e-001    2.37140542729850e-001
 4.57544135515689e-001    2.79489195435161e-001
 4.76181116431992e-001    3.38086388869035e-001
 4.80308769923522e-001    4.22652657660877e-001
 4.84436423415053e-001    5.07218926452720e-001
 4.92352226431277e-001    6.14561742072285e-001
 4.92602387248946e-001    6.60091010887952e-001
 4.96533485812308e-001    7.08884282753198e-001
 5.26463440783361e-001    8.22802754151478e-001
 5.15831606032449e-001    8.87808829485622e-001
 5.04967479093703e-001    9.10537726633788e-001
 4.75948824244157e-001    9.62475877349725e-001
