 3.26603080226269e-001    4.10628019323672e-001
 3.26703355688863e-001    4.79066022544283e-001
 3.56125356125356e-001    5.59581320450886e-001
 3.63545740357335e-001    6.23993558776167e-001
 3.78309827585190e-001    7.00483091787440e-001
 3.85742008930415e-001    7.72946859903382e-001
 3.93168291719016e-001    8.41384863123994e-001
 4.33585201701144e-001    9.25925925925926e-001
 3.97049541977078e-001    9.90338164251208e-001
 4.41111759952340e-001    1.06280193236715e+000
 4.33891926645550e-001    1.13526570048309e+000
 4.33992202108144e-001    1.20370370370370e+000
 4.26772368801354e-001    1.27616747181965e+000
 3.82934295977774e-001    1.35668276972625e+000
 3.24414715719064e-001    1.41706924315620e+000
 3.39178802946919e-001    1.49355877616747e+000
 2.84351719134328e-001    1.57407407407407e+000
