 2.49060501896807e-001    0.00000000000000e+000
 2.82015661270118e-001    4.05186385737439e-003
 3.11272196199263e-001    2.02593192868720e-002
 3.40540604722128e-001    3.24149108589951e-002
 3.66169756769433e-001    3.64667747163695e-002
 3.84401659928402e-001    6.48298217179903e-002
 3.87981548435357e-001    9.31928687196110e-002
 3.69547794183126e-001    1.33711507293355e-001
 3.54824537968784e-001    1.58022690437601e-001
 3.54788917187621e-001    1.70178282009724e-001
 3.47284805955795e-001    2.30956239870340e-001
 3.58190701788757e-001    2.59319286871961e-001
 3.76375110572842e-001    3.03889789303079e-001
 3.83618002742800e-001    3.32252836304700e-001
 3.87174144062313e-001    3.68719611021070e-001
 3.94393289044829e-001    4.05186385737439e-001
 3.97973177551784e-001    4.33549432739060e-001
 3.90540307882285e-001    4.70016207455429e-001
 3.90409698351352e-001    5.14586709886548e-001
 3.86556717188808e-001    5.79416531604538e-001
 3.82798724776034e-001    6.11831442463533e-001
 3.86331118908104e-001    6.56401944894651e-001
 3.86224256564613e-001    6.92868719611021e-001
 3.89780397884126e-001    7.29335494327391e-001
 4.11580315956329e-001    7.90113452188007e-001
 4.18787587345124e-001    8.30632090761750e-001
 4.26006732327640e-001    8.67098865478120e-001
 4.29562873647152e-001    9.03565640194489e-001
 4.22153751165096e-001    9.31928687196110e-001
 4.29361022553891e-001    9.72447325769854e-001
 4.54883312257704e-001    1.01296596434360e+000
 4.69440338159949e-001    1.04538087520259e+000
 4.76647609548744e-001    1.08589951377634e+000
 4.80263118836863e-001    1.10210696920583e+000
 4.87482263819379e-001    1.13857374392220e+000
 4.98328791683735e-001    1.18719611021070e+000
 5.01908680190690e-001    1.21555915721232e+000
 5.16441958905492e-001    1.25607779578606e+000
 5.23637356700566e-001    1.30064829821718e+000
 5.27122256457751e-001    1.36142625607780e+000
 5.19641892413367e-001    1.41410048622366e+000
 4.90231000765847e-001    1.45056726094003e+000
 4.35143462696137e-001    1.49918962722853e+000
 4.16733455631349e-001    1.53160453808752e+000
 3.87275069608943e-001    1.58427876823339e+000
 3.54189300704698e-001    1.62479740680713e+000
 3.28417665532738e-001    1.66936790923825e+000
 3.09960164093065e-001    1.71799027552674e+000
 2.91502662653392e-001    1.76661264181524e+000
 2.73057034807440e-001    1.81118314424635e+000
 2.43479912847822e-001    1.90437601296596e+000
 2.17660783300978e-001    1.96515397082658e+000
 1.99143913892698e-001    2.03403565640195e+000
 1.91699170629479e-001    2.07455429497569e+000
 1.91568561098545e-001    2.11912479740681e+000
 1.76809684103039e-001    2.15559157212318e+000
 1.73039818096544e-001    2.19205834683955e+000
 1.72944829346774e-001    2.22447325769854e+000
 1.76441602697681e-001    2.28119935170178e+000
 1.79962123236029e-001    2.32982171799028e+000
 1.76227878010698e-001    2.35413290113452e+000
 1.76109142073486e-001    2.39465153970827e+000
 1.76061647698601e-001    2.41085899513776e+000
 1.75931038167667e-001    2.45542949756888e+000
