Generated by GetData Graph Digitizer 2.26.0.20 on April 07 2022, 13:25
from file 'C:\Users\Li Hang\Documents\Projects\floris\floris\utils\data\baselines\LP_2019\Fig_8\b\yaw_20.jpg'

Line #1
 3.21548507462687e+000    1.68906502877180e-001
 3.56483208955224e+000    1.94884716103219e-001
 3.91744402985075e+000    2.02794152355691e-001
 4.27985074626866e+000    2.22762317928430e-001
 4.63572761194030e+000    2.30675266363963e-001
 4.99486940298507e+000    2.37085702886172e-001
 5.35401119402985e+000    2.23917826155368e-001
 5.71315298507463e+000    2.27316214484805e-001
 6.06902985074627e+000    2.50289403884194e-001
 6.42490671641791e+000    2.80792713765510e-001
 6.78078358208955e+000    2.91717710393814e-001
 7.13992537313433e+000    2.78549833663010e-001
 7.49253731343284e+000    2.74411077144399e-001
 7.84188432835821e+000    2.71774832539112e-001
 8.21408582089552e+000    2.93259558757418e-001
 8.56016791044776e+000    2.96643898354612e-001
 8.92910447761194e+000    2.94028726847689e-001
 9.27845149253731e+000    2.68802120796619e-001
 9.64085820895522e+000    2.72204021309117e-001
 9.98694029850746e+000    2.77094385002697e-001
