Generated by GetData Graph Digitizer 2.26.0.20 on April 07 2022, 13:23
from file 'C:\Users\Li Hang\Documents\Projects\floris\floris\utils\data\baselines\LP_2019\Fig_8\b\yaw_10.jpg'

Line #1
 3.20555478018144e+000    1.00237264480112e-001
 3.56499720865318e+000    1.10854152128402e-001
 3.91465038381019e+000    1.16982554082345e-001
 4.26755687369156e+000    1.27596650383810e-001
 4.63350593161200e+000    1.47184926727146e-001
 4.97658408932310e+000    1.65268667131891e-001
 5.33600697836706e+000    1.81864619678995e-001
 5.69558129797627e+000    1.52122819260293e-001
 6.05184856943475e+000    1.34337752965806e-001
 6.40819888346127e+000    9.11416608513608e-002
 6.76108094905792e+000    1.09229588276343e-001
 7.12372295882763e+000    1.40774598743894e-001
 7.46352337752966e+000    1.61846475924634e-001
 7.83615980460572e+000    1.35099790648988e-001
 8.17933565945569e+000    1.23288206559665e-001
 8.53890509420796e+000    9.50411723656664e-002
 8.88852407536636e+000    1.11632937892533e-001
 9.25125889741800e+000    1.14777390090719e-001
 9.60408722958828e+000    1.49307745987439e-001
 9.97660153524075e+000    1.59930216329379e-001
