Generated by GetData Graph Digitizer 2.22 on December 17 2023, 11:49
from file 'C:\Users\31425\Desktop\Blind-Test\Fig_4\Fig_4a.jpg'

Line #1
 9.00608519269777e-001    1.24006359300477e-002
 1.48478701825558e+000    2.48012718600954e-002
 1.50912778904665e+000    3.14785373608903e-002
 2.14198782961460e+000    5.62798092209857e-002
 2.43407707910750e+000    7.34499205087440e-002
 2.82352941176471e+000    1.02066772655008e-001
 3.06693711967546e+000    1.18282988871224e-001
 3.16430020283976e+000    1.35453100158983e-001
 3.99188640973631e+000    1.24960254372019e-001
 3.69979716024341e+000    3.58664546899841e-001
 3.96754563894523e+000    4.05405405405405e-001
 4.01622718052738e+000    4.19713831478537e-001
 4.04056795131846e+000    4.26391096979332e-001
 4.47870182555781e+000    4.45468998410175e-001
 4.47870182555781e+000    4.57869634340223e-001
 4.77079107505071e+000    4.46422893481717e-001
 4.94117647058824e+000    4.58823529411765e-001
 5.06288032454361e+000    4.48330683624801e-001
 5.35496957403651e+000    4.53100158982512e-001
 5.50101419878296e+000    4.62639109697933e-001
 5.67139959432049e+000    4.56915739268680e-001
 5.86612576064909e+000    4.61685214626391e-001
 6.03651115618661e+000    4.70270270270270e-001
 6.32860040567951e+000    4.60731319554849e-001
 6.49898580121704e+000    4.63593004769475e-001
 6.62068965517241e+000    4.55007949125596e-001
 6.86409736308316e+000    4.53100158982512e-001
 7.01014198782961e+000    4.42607313195548e-001
 7.05882352941176e+000    4.50238473767886e-001
 7.32657200811359e+000    4.32114467408585e-001
 7.39959432048682e+000    4.18759936406995e-001
 7.54563894523327e+000    4.31160572337043e-001
 7.76470588235294e+000    4.02543720190779e-001
 8.00811359026369e+000    3.91096979332273e-001
 8.42190669371197e+000    3.57710651828299e-001
 8.78701825557809e+000    3.22416534181240e-001
 9.05476673427992e+000    3.00476947535771e-001
 9.10344827586207e+000    2.86168521462639e-001
 9.76064908722110e+000    1.97456279809221e-001
 9.93103448275862e+000    1.79332273449921e-001
 9.97971602434077e+000    1.64069952305246e-001
 1.06855983772819e+001    7.34499205087440e-002
 1.08073022312373e+001    4.48330683624801e-002
 1.09533468559838e+001    2.76629570747218e-002
