Generated by GetData Graph Digitizer 2.22 on March 06 2022, 13:51
from file 'C:\Users\Li Hang\Desktop\137-037-th.jpg'

Line #1
 4.57572812038737e-001   -9.95247866940274e-001
 4.43046405299348e-001   -9.53018684523167e-001
 4.35918205709760e-001   -9.07513410375490e-001
 4.32408107427008e-001   -8.75004500126004e-001
 4.36386218814127e-001   -8.22959042853200e-001
 4.44018432516110e-001   -7.77405767361486e-001
 4.59066853871908e-001   -7.25324309080654e-001
 4.77823379054614e-001   -6.69978759405263e-001
 5.00270007560212e-001   -6.14621209393863e-001
 5.15408431436080e-001   -5.46279295820283e-001
 5.30600856823991e-001   -4.68181109071054e-001
 5.23436656226374e-001   -4.29180017040477e-001
 4.86823631061670e-001   -3.77266563463777e-001
 4.46592504590129e-001   -3.12356745988888e-001
 4.32066097850740e-001   -2.70127563571780e-001
 4.32372106418980e-001   -2.14842015576436e-001
 4.47438528278792e-001   -1.59508466237055e-001
 4.81009468265111e-001   -9.43586420419772e-002
 4.99657990423732e-001   -5.85256387178841e-002
 4.99963998991972e-001   -3.24009072254028e-003
 4.85545595276668e-001    5.85016380458654e-002
 4.56330777261763e-001    1.13691183353134e-001
 4.52964683011124e-001    1.72216822071018e-001
 4.53288692083378e-001    2.30754461124911e-001
 4.64611009108255e-001    2.76319736952635e-001
 4.68571119991360e-001    3.25113103166889e-001
 4.83691543363214e-001    3.90202925681919e-001
 4.91359758073226e-001    4.42260383290732e-001
 4.88047665334629e-001    5.10542295184265e-001
 4.92043777225762e-001    5.65839843515618e-001
 4.99639989919718e-001    6.04888936890233e-001
 5.10980307448609e-001    6.53706303776506e-001
 5.18810526694747e-001    7.35032580912266e-001
 5.15390430932066e-001    7.83801946454501e-001
 5.08406235374591e-001    8.55323949070574e-001
 5.04986139611909e-001    9.04093314612809e-001
 4.97947942542391e-001    9.65859044053234e-001
