 1.73331083712957e+002    6.13014678772957e-001
 1.76933184191834e+002    7.39892643116474e-001
 1.80761288199283e+002    8.70081923675380e-001
 1.84606889254105e+002    9.07624338392896e-001
 1.87100218504794e+002    9.05445955994926e-001
 1.91863581353980e+002    8.83439669555762e-001
 2.00826860467296e+002    8.22876764545983e-001
 2.05233825125343e+002    8.87998900185594e-001
 2.08858421807987e+002    8.95759465590182e-001
 2.12823794318042e+002    8.99112024845807e-001
 2.17485715952100e+002    8.14236972510889e-001
 2.19654308335468e+002    7.31540302573941e-001
 2.21358604068897e+002    7.07294394071001e-001
 2.23730287180705e+002    7.49232317046498e-001
 2.25530400078320e+002    8.17634524174046e-001
 2.30162743370390e+002    8.89376792666237e-001
 2.34017092948898e+002    8.80595774463059e-001
 2.37985798229882e+002    8.66301311653658e-001
 2.42302778072867e+002    8.07893043048985e-001
 2.47051143452876e+002    8.65298355902441e-001
 2.51132329752688e+002    8.55416898398395e-001
 2.55773421568444e+002    8.80835733969893e-001
 2.58266334222767e+002    8.80863229330051e-001
 2.60081236291376e+002    8.70956776044043e-001
 2.60877351946859e+002    8.55524380260831e-001
 2.62012993640656e+002    8.42301611603042e-001
 2.63150718316284e+002    8.18049454154612e-001
 2.64289692781010e+002    7.87179663431796e-001
 2.65317227717823e+002    7.46382173008305e-001
 2.66346012443733e+002    6.98967049310429e-001
 2.67261482958084e+002    6.51550675823455e-001
 2.68060723086313e+002    6.19574196854281e-001
 2.69083883761282e+002    6.01938422891137e-001
 2.69877916434935e+002    5.97535415898567e-001
 2.71347668414288e+002    6.15198685221869e-001
 2.72137535124281e+002    6.32854455810582e-001
 2.73148614504636e+002    6.79189136833159e-001
 2.73935148443700e+002    7.14491929486899e-001
 2.74833330208861e+002    7.58619482962250e-001
 2.76074370783264e+002    7.87309641497997e-001
 2.77089616127279e+002    8.11585544939291e-001
 2.77992172154282e+002    8.32551381954295e-001
 2.79008875585578e+002    8.49106713242140e-001
 2.80140351315715e+002    8.57942722165635e-001
 2.82178340738334e+002    8.66788729401913e-001
 2.83879095402651e+002    8.61292781843064e-001
 2.85126176624361e+002    8.57997712885951e-001
 2.87733861577525e+002    8.50305885881757e-001
 2.91702150262143e+002    8.38217300830485e-001
 2.94992636659230e+002    8.15091828253982e-001
 3.00197175060042e+002    8.57060995956932e-001
 3.04389384291401e+002    8.59313115911690e-001
 3.07913997846197e+002    7.96484343267074e-001
 3.09738481631225e+002    7.35842701544114e-001
 3.11780637017503e+002    7.22629931199110e-001
 3.13925275109825e+002    7.66771232354540e-001
 3.15612906988612e+002    8.30760434176733e-001
 3.19343319148227e+002    8.78228049016728e-001
 3.24217704928960e+002    8.68355340036369e-001
 3.28190784471787e+002    8.30899160766621e-001
 3.32034510842962e+002    8.78368025395714e-001
 3.35547043103143e+002    8.79509707736819e-001
 3.39395143736161e+002    9.03816855905566e-001
 3.42001578900227e+002    9.02742662175758e-001
 3.45520985000448e+002    8.67487361507746e-001
 3.49289307429371e+002    7.14220100358065e-001
 3.53387365882007e+002    6.15000593649822e-001
