Generated by GetData Graph Digitizer 2.22 on March 06 2022, 13:37
from file 'C:\Users\Li Hang\Desktop\137-081-vh.jpg'

Line #1
 8.95001973338011e-001   -9.58252938081038e-001
 8.84395281529556e-001   -8.85699877214524e-001
 8.88248772145238e-001   -8.22136467286441e-001
 8.84932467988072e-001   -7.37436414664094e-001
 8.70702508331872e-001   -6.64905279775478e-001
 8.56505437642519e-001   -5.83296790036836e-001
 8.45887782845115e-001   -5.13769514120330e-001
 8.20886686546220e-001   -4.14072092615331e-001
 7.81315777933696e-001   -3.35642869671987e-001
 7.45411989124715e-001   -2.45088580950710e-001
 7.20345114892124e-001   -1.63545869145764e-001
 7.09880941940011e-001   -5.16576039291352e-002
 7.06674267672338e-001    6.33002981932995e-002
 7.06981231362919e-001    1.48022276793545e-001
 7.25437423259077e-001    2.41931240133310e-001
 7.29312839852657e-001    3.11546219961410e-001
 7.33221145413085e-001    3.90238554639537e-001
 7.66049815821786e-001    4.50951587440800e-001
 7.95277144360638e-001    5.17694264164182e-001
 8.17323715137695e-001    6.02547798631819e-001
 8.53786616383091e-001    6.66308542360989e-001
 8.83002981932994e-001    7.30025434134362e-001
 9.08716672513594e-001    8.27004034379933e-001
 9.12581126118225e-001    8.93593229258025e-001
 9.12800385897211e-001    9.54108928258200e-001
 9.12942904753552e-001    9.93444132608314e-001
