Generated by GetData Graph Digitizer 2.22 on March 06 2022, 13:35
from file 'C:\Users\Li Hang\Desktop\137-081-vh.jpg'

Line #1
 9.71130056745878e-001   -9.93948562783661e-001
 9.74947705314669e-001   -9.36459909228442e-001
 9.60802197742180e-001   -8.54765506807867e-001
 9.35760826228720e-001   -7.91225416036309e-001
 9.10697608371519e-001   -7.33736762481089e-001
 8.74825911948312e-001   -6.70196671709531e-001
 7.84879053179462e-001   -5.85476550680787e-001
 7.16538228370754e-001   -5.15885022692889e-001
 6.51785665521554e-001   -4.52344931921331e-001
 6.05072721016729e-001   -3.91830559757943e-001
 5.69157331906039e-001   -3.40393343419062e-001
 5.47736991867699e-001   -2.73827534039334e-001
 5.04721541041087e-001   -1.89107413010590e-001
 4.83268431487135e-001   -1.31618759455371e-001
 4.72601954155448e-001   -8.62329803328290e-002
 4.65545585127009e-001   -4.08472012102874e-002
 4.51356384867038e-001    2.87443267776097e-002
 4.33491537272593e-001    8.01815431164901e-002
 4.40886524629022e-001    1.28593040847201e-001
 4.73672424998771e-001    2.10287443267776e-001
 4.88265782617957e-001    2.52647503782148e-001
 5.35317345450772e-001    2.85930408472012e-001
 5.64372982626695e-001    3.34341906202723e-001
 6.18710301097233e-001    3.85779122541604e-001
 6.40480182635434e-001    4.16036308623298e-001
 6.76712343730372e-001    4.52344931921331e-001
 7.02081410399952e-001    4.79576399394856e-001
 7.23829445594412e-001    5.03782148260212e-001
 7.67270900123978e-001    5.37065052950076e-001
 8.10712354653544e-001    5.70347957639940e-001
 8.61505103852057e-001    6.39939485627837e-001
 8.97791880806349e-001    6.91376701966717e-001
 9.08676821575449e-001    7.06505295007564e-001
 9.30457626285521e-001    7.39788199697428e-001
 9.48617399520473e-001    7.70045385779123e-001
 9.77683959868267e-001    8.21482602118003e-001
 9.92321010174935e-001    8.75945537065053e-001
 9.92419318721770e-001    9.03177004538578e-001
 9.92484857752994e-001    9.21331316187594e-001
 9.92637782159183e-001    9.63691376701967e-001
