Generated by GetData Graph Digitizer 2.22 on March 06 2022, 13:03
from file 'C:\Users\Li Hang\Desktop\137-081-vv.jpg'

Line #1
 3.99893093262062e-001    4.28822619215079e-001
 3.23060908707273e-001    4.90856660571107e-001
 2.75554930369954e-001    5.68026445350964e-001
 2.24385989590660e-001    6.45224363482909e-001
 1.62200028133352e-001    7.03305668870446e-001
 1.44003376002251e-001    7.84090589393726e-001
 8.54972569981713e-002    8.53664369109579e-001
 5.26431284287523e-002    9.30721620481080e-001
 4.90758193838796e-002    9.96033197355465e-001
 7.48122098748066e-002    1.06111970741314e+000
 1.07891405260937e-001    1.13767055844704e+000
 1.84920523280349e-001    1.21004360669574e+000
 3.35220143480096e-001    1.28953439302293e+000
 4.63513855675904e-001    1.34999296666198e+000
 6.61426360950907e-001    1.42527781685188e+000
 8.22697988465326e-001    1.49316359544240e+000
 8.99738359825573e-001    1.57321704881137e+000
